# NaN NaN NaN ;Mean Elev.(m), Avg Gradient(m/km), RMS Gradient(m/km) - SRTM1     
#   64.504   3.406   9.458 ;Mean Elev.(m), Avg Gradient(m/km), RMS Gradient(m/km) - ASTER GDEM
#   48.417  -0.736   6.740 ;Mean Elev.(m), Avg Gradient(m/km), RMS Gradient(m/km) - GMTED2010 
  7 205.996197  65.038404    51.345    51.345  2 52471.29250750 51.261
  8 206.000811  65.038588    51.020    51.020  2 52506.29248651 53.453
 10 205.992733  65.036817    48.956    48.956  2 52576.29251668 43.650
 11 206.002346  65.037915    50.082    50.082  2 52611.29247889 33.868
 12 205.994451  65.036120    50.237    50.237  2 52646.29246581 13.878
 15 205.997407  65.036736    49.825    49.825  2 52751.29251864 13.015
 16 205.981813  65.035239    50.670    50.670  2 52786.29246279 49.347
 17 205.985986  65.036433    51.086    51.086  2 52821.29253659 50.690
 18 205.994798  65.036014    51.726    51.726  2 52856.29258381 43.181
 19 205.993600  65.037047    51.968    51.968  2 52891.29261655 50.019
 20 206.008950  65.038539    50.022    50.022  2 52926.29256893 28.231
 21 205.993485  65.037865    48.454    48.454  2 52961.29253716 27.481
 22 205.993333  65.038211    49.762    49.762  2 52996.29257661 12.741
 23 206.007327  65.040203    49.613    49.613  2 53031.29253832  7.497
 24 205.997318  65.037989    49.909    49.909  2 53066.29254604  4.847
 25 206.006142  65.038974    50.833    50.833  2 53101.29254544  4.728
 26 205.997987  65.037102    50.863    50.863  2 53136.29254763 48.909
 27 205.991129  65.037677    53.616    53.616  2 53171.29259971 13.181
 28 205.996955  65.037919    50.897    50.873  3 53206.29261282 46.547
 29 206.007538  65.039726    50.702    50.702  2 53241.29258059 52.601
 30 205.984913  65.034032    49.954    49.954  2 53276.29255014 14.572
 31 205.992056  65.037583    48.306    48.306  2 53311.29259188 47.048
 32 206.001918  65.039380    49.574    49.574  2 53346.29255782 11.440
 33 205.986207  65.035945    49.834    49.834  2 53381.29251544  8.493
 34 206.003170  65.040074    50.696    50.696  2 53416.29253590  4.710
 35 205.984619  65.033644    49.401    49.401  2 53451.29253256  6.610
 36 205.989016  65.034691    48.825    48.825  2 53486.29261798 34.998
 37 206.000106  65.038935    52.964    52.964  2 53521.29261169 48.551
 38 205.992113  65.037976    51.447    51.447  2 53556.29263584 26.589
 39 206.013652  65.039166    51.133    51.133  2 53591.29257463 51.142
 40 205.977094  65.034727    50.688    50.688  2 53626.29256146 51.320
 41 205.991705  65.036164    49.754    49.754  2 53661.29258705 44.738
 42 206.002915  65.039917    49.220    49.220  2 53696.29255680 22.418
 44 205.997270  65.038102    49.321    49.290  3 53766.29245074 10.948
 45 206.011113  65.039394    50.178    50.178  2 53801.29245289  8.350
 46 205.985141  65.036247    50.299    50.299  2 53836.29245999  4.662
 47 205.992745  65.038427    53.514    53.514  2 53871.29251636 32.206
 48 205.992732  65.036384    51.620    51.620  2 53906.29255448 46.963
 49 205.989237  65.036197    51.395    51.463  3 53941.29258360 36.500
 50 206.005227  65.039063    52.547    52.544  3 53976.29253922 50.602
 51 205.984174  65.036707    50.026    50.026  2 54011.29254116 28.612
 52 206.001141  65.037458    49.176    49.176  2 54046.29255490 43.064
 53 206.004590  65.037861    49.726    49.726  2 54081.29254785 22.430
 54 206.011638  65.041054    49.363    49.363  2 54116.29248144 10.823
 55 205.996704  65.036757    49.405    49.405  2 54151.29249822  8.958
 56 206.010880  65.039593    49.374    49.434  3 54186.29247337  7.493
 57 205.991554  65.036738    49.597    49.597  2 54221.29250797 37.440
 58 205.997361  65.038706    51.244    51.244  2 54256.29253129 22.620
 59 205.999684  65.038500    51.578    51.578  2 54291.29253283 47.193
 60 206.002220  65.039064    51.986    51.986  2 54326.29253030 52.442
 61 206.012756  65.040172    50.373    50.380  3 54361.29248173 31.769
 62 205.997009  65.037410    49.268    49.268  2 54396.29247001 43.737
 63 206.007898  65.040156    49.491    49.491  2 54431.29243174 12.658
 64 205.993974  65.037002    49.583    49.583  2 54466.29245079  8.544
 65 206.004955  65.039257    49.524    49.524  2 54501.29244503  8.000
 66 206.000641  65.037817    50.052    50.052  2 54536.29246583  6.196
 67 206.008945  65.040446    50.704    50.704  2 54571.29244752  2.223
 68 205.997441  65.036903    51.227    51.227  2 54606.29245973 46.711
 69 206.001221  65.037819    51.191    51.191  2 54641.29246901 26.766
 70 205.997440  65.038093    52.396    52.396  2 54676.29247132 45.864
 71 206.011158  65.039696    51.599    51.642  3 54711.29242657 52.286
 72 205.995197  65.037365    50.137    50.137  2 54746.29243908 31.206
 73 206.002694  65.039181    50.750    50.750  2 54781.29241169 23.998
 74 205.993989  65.037469    50.692    50.671  3 54816.29243220 11.670
 75 206.005107  65.038432    51.039    51.039  2 54851.29240967  3.810
 76 205.994643  65.038270    50.915    50.915  2 54886.29243630  3.080
 77 206.011511  65.039130    51.692    51.692  2 54921.29241068  2.273
 78 205.992544  65.037329    52.379    52.379  2 54956.29243228 40.193
 79 205.994880  65.038146    52.492    52.492  2 54991.29245552 50.980
 80 206.001978  65.039948    51.315    51.315  2 55026.29244648 50.670
 81 205.999277  65.039052    50.321    50.321  2 55061.29243987 51.181
 82 206.011957  65.040178    50.190    50.190  2 55096.29238944 30.311
 83 205.994443  65.038944    48.854    48.854  2 55131.29238244 43.526
 84 206.004327  65.039193    49.212    49.238  3 55166.29235149 17.100
 85 205.993709  65.038442    49.733    49.733  2 55201.29237454  9.565
 86 206.007266  65.038361    50.230    50.230  2 55236.29235762  9.694
 87 205.997870  65.039024    49.992    49.992  2 55271.29236884  7.561
 88 206.011874  65.040072    50.298    50.282  3 55306.29233963 32.099
 89 205.997442  65.039387    50.311    50.311  2 55341.29233960 48.745
 90 206.004828  65.037597    50.815    50.815  2 55376.29233198 33.418
 91 205.996575  65.037001    52.419    52.419  2 55411.29235507 44.805
 92 206.002622  65.037798    50.995    50.995  2 55446.29234760 23.159
 93 206.016207  65.039973    49.291    49.291  2 55481.29227998 51.648
