# NaN NaN NaN ;Mean Elev.(m), Avg Gradient(m/km), RMS Gradient(m/km) - SRTM1     
#   82.646 -22.847  62.310 ;Mean Elev.(m), Avg Gradient(m/km), RMS Gradient(m/km) - ASTER GDEM
#   74.562 -23.950  60.429 ;Mean Elev.(m), Avg Gradient(m/km), RMS Gradient(m/km) - GMTED2010 
 10    74.021 52567.28061710 31.16 209.842432  65.512514  8.940
 10    70.306 52567.28061774 41.07 209.839352  65.515614  8.940
 11    74.878 52602.28062127 18.35 209.846611  65.514422  5.635
 11    73.383 52602.28062191 23.57 209.843531  65.517512  5.635
 12    86.584 52637.28058991 13.48 209.832910  65.511152  9.401
 12    75.530 52637.28059055 13.19 209.829830  65.514252  9.401
 13    98.462 52672.28059255  7.39 209.847608  65.512688  3.813
 13    91.374 52672.28059320  7.90 209.844518  65.515788  3.813
 13    92.895 52672.28059384  9.35 209.841438  65.518878  3.813
 14    95.862 52707.28059547  6.20 209.837523  65.512677 11.566
 14    98.076 52707.28059612  6.74 209.834433  65.515777 11.566
 15    97.856 52742.28062673  6.63 209.845273  65.512660  3.123
 15    91.159 52742.28062738  6.84 209.842183  65.515750  3.123
 20    73.941 52917.28069589 38.85 209.852181  65.516655  9.420
 20    72.782 52917.28069653 46.40 209.849101  65.519755  9.420
 22    80.410 52987.28067188 15.90 209.847477  65.516243 15.692
 22    85.705 52987.28067252 12.33 209.844387  65.519343 15.692
 23    99.036 53022.28066017  4.97 209.854047  65.514962  7.193
 23   104.234 53022.28066081  5.51 209.850957  65.518052  7.193
 23   108.475 53022.28066145  5.07 209.847867  65.521152  7.193
 25   114.385 53092.28069010  1.28 209.846542  65.514780  4.876
 25   113.293 53092.28069075  1.26 209.843462  65.517870  4.876
 26    74.820 53127.28066089 32.51 209.838964  65.512551  6.832
 26    73.529 53127.28066153 31.63 209.835874  65.515651  6.832
 27    82.164 53162.28072429 38.29 209.839276  65.511058 19.835
 27    82.812 53162.28072494 40.27 209.836186  65.514158 19.835
 35    93.481 53442.28065419  3.66 209.855903  65.517384 12.044
 35    91.701 53442.28065484  4.18 209.852813  65.520484 12.044
 35    95.697 53442.28065548  4.50 209.849733  65.523584 12.044
 36   102.576 53477.28072460  0.69 209.834358  65.511245  3.681
 36    90.461 53477.28072524  1.65 209.831268  65.514335  3.681
 44    89.854 53757.28055930  7.57 209.840569  65.513981  7.331
 44   101.987 53757.28055994  6.04 209.837479  65.517081  7.331
 45   104.177 53792.28058399  4.05 209.849769  65.516491  8.988
 45   110.204 53792.28058463  3.91 209.846679  65.519581  8.988
 46   114.640 53827.28054879  2.28 209.837221  65.510273  4.398
 46   114.946 53827.28054943  2.64 209.834141  65.513373  4.398
 47    75.116 53862.28063592 26.07 209.837082  65.510739  6.277
 47    74.334 53862.28063657 27.66 209.834002  65.513839  6.277
 49    80.580 53932.28070665 16.96 209.836705  65.512747  8.765
 49    78.601 53932.28070730 32.12 209.833625  65.515847  8.765
 50    76.632 53967.28068086 44.21 209.843774  65.513519 12.429
 50    77.639 53967.28068150 39.85 209.840694  65.516619 12.429
 54    90.338 54107.28062868 12.62 209.855152  65.518604  8.702
 54    75.856 54107.28062932 13.89 209.852062  65.521704  8.702
 55    88.405 54142.28061279 10.45 209.839175  65.511357  6.707
 55    86.831 54142.28061344 11.14 209.836095  65.514457  6.707
 56    91.428 54177.28061044  6.68 209.851626  65.515359  6.059
 56   100.771 54177.28061108  8.60 209.848536  65.518459  6.059
 56    92.263 54177.28061173  8.56 209.845456  65.521559  6.059
 61    75.951 54352.28062344 37.41 209.852874  65.515915 12.137
 61    75.546 54352.28062409 44.86 209.849794  65.519015 12.137
 62    76.209 54387.28059656 30.66 209.843801  65.512750  7.597
 62    72.746 54387.28059720 39.12 209.840711  65.515850  7.597
 63    77.422 54422.28057297 17.91 209.850443  65.514709 14.420
 63    76.543 54422.28057362 17.41 209.847363  65.517809 14.420
 66    87.422 54527.28058313  7.75 209.841080  65.513268  6.222
 66    75.636 54527.28058378  9.59 209.838000  65.516368  6.222
 67    91.232 54562.28058356  9.32 209.852805  65.514948  6.067
 67    89.728 54562.28058421 10.18 209.849725  65.518048  6.067
 67    90.332 54562.28058485  8.49 209.846635  65.521148  6.067
 70    77.981 54667.28059804 42.23 209.844039  65.513734 18.139
 70    78.654 54667.28059869 39.57 209.840949  65.516834 18.139
 71    78.168 54702.28056534 36.98 209.852862  65.517268 14.209
 71    77.430 54702.28056598 35.56 209.849782  65.520368 14.209
 71    76.773 54702.28056663 32.56 209.846692  65.523468 14.209
 73    76.122 54772.28054574 23.28 209.849670  65.515399 16.828
 73    75.873 54772.28054639 23.41 209.846590  65.518499 16.828
 76    89.703 54877.28055380  8.47 209.841868  65.511278  7.045
 76   103.187 54877.28055445  7.88 209.838788  65.514368  7.045
 76    93.387 54877.28055509  7.62 209.835698  65.517468  7.045
 77   107.058 54912.28054695  0.53 209.852679  65.514257  7.537
 77   110.487 54912.28054759  0.18 209.849599  65.517357  7.537
 77   112.908 54912.28054824  0.45 209.846509  65.520457  7.537
 78    85.449 54947.28054680  9.98 209.839227  65.511977  4.932
 78    76.888 54947.28054744 11.32 209.836147  65.515067  4.932
 80    80.502 55017.28057217 43.69 209.844126  65.514871 13.379
 80    79.544 55017.28057281 40.56 209.841036  65.517961 13.379
 89    74.485 55332.28046718 41.32 209.844049  65.514323  7.835
 89    73.386 55332.28046782 34.78 209.840959  65.517423  7.835
 90    76.519 55367.28045902 31.19 209.849989  65.513253 11.243
 90    78.098 55367.28045967 25.88 209.846909  65.516353 11.243
 90    78.095 55367.28046031 20.77 209.843819  65.519453 11.243
 91    77.441 55402.28047324 26.80 209.839885  65.510562 16.120
 91    76.887 55402.28047388 29.86 209.836795  65.513662 16.120
 91    79.576 55402.28047453 36.31 209.833715  65.516752 16.120
