# NaN NaN NaN ;Mean Elev.(m), Avg Gradient(m/km), RMS Gradient(m/km) - SRTM1     
#    3.209   0.956   4.870 ;Mean Elev.(m), Avg Gradient(m/km), RMS Gradient(m/km) - ASTER GDEM
#    3.566  -0.368   1.686 ;Mean Elev.(m), Avg Gradient(m/km), RMS Gradient(m/km) - GMTED2010 
  7 196.336305  62.076143     6.364     6.170  6 52444.32584003 18.612
  8 196.343013  62.077184     4.421     4.383  6 52479.32583335 46.848
  9 196.363561  62.076993     1.309     0.848  6 52514.32577881 27.051
 11 196.352355  62.078027     3.614     3.199  6 52584.32581175 30.054
 12 196.354150  62.077040     2.534     2.214  6 52619.32578922 35.273
 13 196.349852  62.077361     3.257     3.514  5 52654.32577304 20.979
 14 196.358912  62.076798     4.013     3.444  6 52689.32576861 19.665
 15 196.347569  62.075841     5.064     5.258  6 52724.32581331 23.979
 16 196.345374  62.075998     3.225     2.636  6 52759.32583308 35.461
 17 196.341247  62.076009     5.697     4.943  6 52794.32578801 34.308
 18 196.342913  62.076707     4.869     4.840  5 52829.32585524 45.457
 19 196.349238  62.077203     5.195     5.204  6 52864.32589968 48.529
 20 196.349141  62.078402     5.963     5.647  6 52899.32592909 25.446
 21 196.355951  62.077637     3.676     3.658  6 52934.32587260 33.769
 22 196.341693  62.075944     2.354     2.010  6 52969.32588697 30.219
 23 196.341693  62.077612     4.061     4.431  6 53004.32590650 15.771
 25 196.347729  62.076538     4.045     4.059  6 53074.32588570  8.987
 26 196.329986  62.076062     4.283     4.218  6 53109.32585601 27.641
 27 196.340970  62.076875     5.990     5.566  5 53144.32589688 26.957
 28 196.349571  62.077818     6.635     6.407  6 53179.32591245 22.990
 29 196.345478  62.077258     4.102     3.875  6 53214.32593394 39.922
 30 196.355775  62.078223     4.976     4.951  6 53249.32590356 25.854
 31 196.332618  62.076785     2.620     2.599  6 53284.32589897 43.563
 32 196.348531  62.078806     1.667     1.699  6 53319.32588891 28.866
 33 196.361716  62.077006     3.722     3.820  6 53354.32585533 16.557
 34 196.336083  62.076130     6.055     6.104  6 53389.32585877 16.987
 35 196.356616  62.076579     5.857     5.850  6 53424.32585699 13.630
 36 196.342587  62.077064     4.831     4.581  6 53459.32586256 11.854
 37 196.336488  62.077317     3.249     3.145  6 53494.32594817 31.458
 38 196.355600  62.076081     7.117     6.820  6 53529.32592317 23.902
 39 196.345319  62.078051     5.570     5.540  6 53564.32595422 30.270
 40 196.357769  62.077482     4.143     4.140  7 53599.32589531 45.470
 41 196.333386  62.076571     6.074     5.664  5 53634.32589217 21.408
 42 196.340393  62.077590     5.718     5.799  6 53669.32591373 24.724
 43 196.359111  62.077106     3.144     2.682  6 53704.32585196 24.095
 44 196.371185  62.077152     3.700     3.694  6 53739.32576103 13.414
 45 196.349649  62.076936     4.855     4.698  6 53774.32578033 12.145
 46 196.362388  62.077884     4.631     4.825  7 53809.32576432  7.680
 48 196.346059  62.077400     5.591     5.634  6 53879.32583530 38.290
 49 196.339231  62.077320     5.852     5.625  5 53914.32589101 28.536
 50 196.341612  62.077113     6.157     5.928  6 53949.32590194 29.101
 51 196.355481  62.077648     5.881     5.580  7 53984.32584043 31.182
 52 196.340353  62.077059     4.135     3.983  6 54019.32587499 44.595
 53 196.354040  62.078369     2.103     2.155  6 54054.32586541 32.615
 54 196.356406  62.076576     2.034     1.995  6 54089.32585582 15.251
 55 196.336914  62.077237     3.333     3.008  6 54124.32578054 20.666
 56 196.348066  62.076343     5.505     5.654  6 54159.32582165 10.435
 57 196.337349  62.077728     4.350     4.582  6 54194.32578310 21.085
 58 196.345442  62.077696     4.258     4.017  6 54229.32583443 44.574
 59 196.346771  62.076907     5.874     5.565  6 54264.32585241 24.554
 60 196.349037  62.077291     5.395     4.824  6 54299.32585592 22.921
 61 196.355119  62.076277     5.143     5.158  6 54334.32584590 42.328
 63 196.351072  62.076992     3.212     3.312  6 54404.32578994 47.743
 64 196.333127  62.076991     5.699     5.673  5 54439.32574774 22.066
 65 196.346936  62.076809     3.251     3.320  6 54474.32577652 14.320
 66 196.337820  62.076714     4.471     4.592  5 54509.32576016 10.173
 67 196.350756  62.076766     4.435     4.545  6 54544.32579081 10.114
 68 196.344676  62.078234     4.252     3.767  6 54579.32575973 24.173
 69 196.351075  62.076008     6.821     6.396  6 54614.32578071 27.473
 70 196.345196  62.075858     5.045     4.983  6 54649.32579047 41.036
 71 196.352559  62.078025     5.269     5.286  6 54684.32578760 28.722
 72 196.338158  62.076785     5.437     5.088  5 54719.32573525 29.017
 73 196.345475  62.077915     3.388     3.405  6 54754.32576120 45.992
 74 196.336078  62.077080     3.213     3.180  6 54789.32572872 24.168
 75 196.344066  62.077129     5.461     5.517  5 54824.32575669 10.037
 76 196.338754  62.075916     6.481     6.458  6 54859.32572150  9.193
 77 196.349536  62.077871     6.378     6.343  6 54894.32575824  8.820
 78 196.336596  62.077652     6.738     6.753  6 54929.32572159  8.530
 79 196.346631  62.076940     5.639     5.284  6 54964.32575841 33.297
 80 196.345834  62.077316     8.899     6.857  6 54999.32577876 16.504
 81 196.346362  62.075955     6.271     6.208  6 55034.32576547 22.125
 82 196.355174  62.077531     5.152     5.628  7 55069.32575492 26.723
 83 196.336479  62.076836     3.459     3.642  5 55104.32569547 25.463
 84 196.347349  62.078475     2.330     2.360  6 55139.32570256 37.462
 85 196.336883  62.077225     2.528     2.553  6 55174.32566317 32.160
 86 196.344604  62.078233     3.906     3.998  6 55209.32569779 19.277
 87 196.338848  62.076915     5.615     5.675  6 55244.32566891 15.508
 88 196.351150  62.077688     4.567     4.584  6 55279.32569130 11.274
 89 196.345401  62.076977     4.387     3.581  5 55314.32565581 18.012
 90 196.352115  62.077210     6.077     6.216  6 55349.32566222 18.991
 91 196.338156  62.077472     4.067     4.089  6 55384.32565504 37.092
 92 196.347171  62.076529     6.317     6.119  6 55419.32568100 19.098
 93 196.356191  62.077812     4.895     4.869  6 55454.32565938 45.369
 94 196.364061  62.077757     2.499     2.496  6 55489.32557875 50.685
