-231408.245   409.538     0.00   31.93
-231034.377   440.994    84.15   37.93
-230660.589   461.146    53.92   41.85
-230286.881   475.637    38.78   37.92
-229913.254   477.430     4.80   36.25
-229539.706   471.424   -16.08   35.39
-229166.239   459.109   -32.98   31.07
-228792.851   443.794   -41.02   37.32
-228419.544   416.584   -72.90   34.99
-228046.316   398.317   -48.95   23.59
-227673.168   396.426    -5.07   26.38
-227300.100   410.778    38.48   39.92
-226927.112   439.731    77.64   54.40
-226554.203   451.868    32.55   61.37
-226181.374   444.813   -18.92   68.34
-225808.625   432.365   -33.40   66.44
-225435.955   430.672    -4.54   64.03
-225063.365   438.547    21.14   59.50
-224690.854   454.561    42.99   55.98
-224318.422   447.280   -19.55   63.89
-223946.070   409.573  -101.28   53.89
-223573.797   371.773  -101.55   44.79
-223201.603   349.931   -58.69   43.71
-222829.488   331.859   -48.57   26.82
-222457.453   330.310    -4.16   24.56
-222085.496   340.759    28.10   36.31
-221713.619   356.723    42.93   38.86
-221341.820   366.080    25.17   33.53
-220970.101   356.221   -26.53   38.49
-220598.460   340.917   -41.19   37.12
-220226.898   325.592   -41.25   31.42
-219855.415   313.548   -32.43   25.47
-219484.011   303.408   -27.31   22.82
-219112.685   297.381   -16.23   25.85
-218741.438   285.922   -30.87   22.08
-218370.270   276.607   -25.10   14.69
-217999.180   267.132   -25.54   13.36
-217628.169   260.866   -16.89   11.80
-217257.236   255.489   -14.50   10.25
-216886.381   251.254   -11.42    8.57
-216515.605   248.099    -8.51    6.02
-216144.907   247.839    -0.70    5.52
-215774.287   250.135     6.20    9.72
-215403.746   256.953    18.40   16.21
-215033.282   267.288    27.90   22.27
-214662.897   287.272    53.97   32.88
-214292.590   309.489    60.00   36.33
-213922.360   331.077    58.32   33.58
-213552.209   342.436    30.69   29.56
-213182.136   345.004     6.94   30.78
-212812.140   336.249   -23.67   30.76
-212442.222   321.600   -39.61   26.98
-212072.382   309.015   -34.03   23.08
-211702.620   293.777   -41.22   23.87
-211332.935   276.530   -46.66   23.45
-210963.328   259.798   -45.28   18.28
-210593.798   253.337   -17.49   12.87
-210224.346   255.642     6.24   17.15
-209854.972   267.190    31.27   21.47
-209485.674   273.499    17.09   17.63
-209116.455   270.324    -8.60   16.85
-208747.312   259.699   -28.79   17.92
-208378.247   244.090   -42.30   15.21
-208009.259   233.262   -29.35   13.87
-207640.348   222.124   -30.19   11.78
-207271.514   214.794   -19.88   10.01
-206902.757   210.694   -11.12    7.85
-206534.078   218.077    20.03   19.86
-206165.475   228.451    28.15   28.42
-205796.949   237.562    24.73   30.67
-205428.501   236.370    -3.24   28.65
-205060.128   227.483   -24.13   27.15
-204691.833   211.296   -43.96   22.38
-204323.615   198.537   -34.66   20.57
-203955.473   189.668   -24.09   19.23
-203587.408   181.434   -22.37   19.04
-203219.419   173.805   -20.73   17.48
-202851.507   167.824   -16.26   15.43
-202483.672   159.765   -21.91    9.88
-202115.913   154.168   -15.22    5.32
-201748.230   150.289   -10.55    4.66
-201380.624   147.068    -8.76    4.25
-201013.094   143.078   -10.86    3.93
-200645.640   142.118    -2.61    8.80
-200278.262   154.543    33.83   30.14
-199910.961   176.035    58.52   44.67
-199543.736   195.353    52.61   45.63
-199176.587   203.664    22.64   35.99
-198809.514   207.137     9.46   28.80
-198442.516   214.283    19.47   35.75
-198075.595   223.910    26.24   42.61
-197708.750   243.784    54.18   51.78
-197341.981   266.796    62.75   52.29
-196975.287   300.928    93.09   57.32
-196608.669   319.952    51.90   54.13
-196242.127   333.350    36.56   43.63
-195875.660   320.110   -36.14   44.97
-195509.269   313.777   -17.29   41.99
-195142.954   316.731     8.07   41.75
-194776.714   319.962     8.82   41.11
-194410.550   330.962    30.05   37.27
-194044.461   337.546    17.99   30.50
-193678.447   331.297   -17.07   28.75
-193312.509   314.448   -46.05   36.37
-192946.646   285.489   -79.16   34.49
-192580.858   261.447   -65.74   26.76
-192215.146   242.909   -50.70   20.70
-191849.508   225.324   -48.10   24.23
-191483.946   208.047   -47.27   27.67
-191118.459   191.941   -44.07   23.96
-190740.591   180.857   -29.34   20.54
-190359.450   171.820   -23.71   20.28
-189978.391   162.131   -25.43   18.82
-189597.415   151.920   -26.81   17.64
-189216.522   144.217   -20.22   15.41
-188835.712   136.228   -20.98   12.21
-188454.984   131.244   -13.09   10.83
-188074.339   125.717   -14.52   10.64
-187693.776   119.962   -15.13   10.58
-187313.296   112.205   -20.39    9.16
-186932.898   105.741   -16.99    7.68
-186552.582    99.994   -15.11    5.19
-186172.349    96.760    -8.51    3.52
-185792.198    93.973    -7.33    2.11
-185412.129    92.299    -4.40    1.87
-185032.143    90.327    -5.19    2.26
-184652.238    88.436    -4.98    2.76
-184272.416    85.994    -6.43    3.11
-183892.675    84.207    -4.71    2.70
-183513.017    82.889    -3.47    1.84
-183133.440    82.120    -2.02    0.51
-182753.945    81.994    -0.33    0.00
-182374.532    81.994     0.00    0.00
-181995.200    81.994     0.00    0.00
-181615.951    81.994     0.00    0.00
-181236.783    81.994     0.00    0.00
-180857.696    81.994     0.00    0.00
-180478.691    81.994     0.00    0.00
-180099.768    81.994     0.00    0.00
-179720.925    82.015     0.06    0.15
-179342.165    82.015     0.00    0.15
-178963.485    82.441     1.12    1.78
-178584.887    85.803     8.88    8.20
-178206.370    92.057    16.53   11.58
-177827.934    98.575    17.22   11.86
-177449.579   106.162    20.06    8.81
-177071.306   110.385    11.16    5.88
-176693.113   113.796     9.02    4.52
-176315.001   117.370     9.45    4.12
-175936.970   121.510    10.95    5.78
-175559.021   125.792    11.33    6.76
-175181.151   132.515    17.80    9.33
-174803.363   139.736    19.12   11.32
-174425.655   148.356    22.82   11.41
-174048.028   154.260    15.64   10.20
-173670.481   160.994    17.84    9.44
-173293.015   166.446    14.44    9.37
-172915.630   173.664    19.13   10.69
-172538.325   180.233    17.41   11.55
-172161.100   189.605    24.85   12.93
-171783.956   198.366    23.23   12.86
-171406.892   208.994    28.19   12.48
-171029.908   215.760    17.95   11.14
-170653.004   222.122    16.88    9.67
-170276.181   226.762    12.32    9.48
-169899.438   231.983    13.86   10.06
-169522.774   238.324    16.84   12.51
-169146.191   245.866    20.03   12.28
-168769.687   250.281    11.73    8.73
-168393.264   249.260    -2.71   10.94
-168016.920   243.803   -14.50   14.51
-167640.656   238.420   -14.31   12.69
-167264.472   241.058     7.01   13.63
-166888.367   251.166    26.88   18.58
-166512.342   261.468    27.40   15.39
-166136.397   265.940    11.90   11.04
-165760.531   264.541    -3.72   13.44
-165384.745   264.112    -1.14   15.25
-165009.038   267.236     8.32   15.68
-164633.411   270.183     7.85   16.46
-164257.863   269.952    -0.62   18.80
-163882.394   264.278   -15.11   23.44
-163507.004   255.647   -23.00   24.14
-163131.694   250.212   -14.48   21.13
-162756.462   249.494    -1.91   18.40
-162381.310   248.119    -3.67   19.82
-162006.237   241.973   -16.39   23.60
-161631.243   232.938   -24.10   22.41
-161256.327   225.671   -19.38   16.53
-160881.491   223.961    -4.56   15.78
-160506.734   225.994     5.43   18.80
-160132.055   224.711    -3.42   22.29
-159757.455   218.866   -15.61   23.26
-159382.934   206.873   -32.03   23.46
-159008.491   195.089   -31.48   16.05
-158634.127   192.532    -6.83   11.85
-158259.841   204.037    30.74   21.65
-157885.634   222.908    50.44   27.74
-157511.506   248.407    68.16   30.00
-157137.455   264.717    43.61   22.35
-156763.484   271.717    18.72   15.52
-156389.590   266.888   -12.92   19.61
-156015.775   249.569   -46.34   25.38
-155642.038   229.962   -52.47   30.46
-155268.379   203.381   -71.14   32.65
-154894.798   176.931   -70.81   32.37
-154521.295   146.511   -81.46   34.43
-154147.871   124.781   -58.20   29.70
-153774.524   116.483   -22.23   23.52
-153401.255   121.594    13.69   26.26
-153028.064   135.372    36.92   27.28
-152654.951   148.180    34.33   28.35
-152281.915   164.880    44.77   26.17
-151908.958   189.741    66.67   34.68
-151536.078   220.894    83.56   43.65
-151163.275   259.600   103.84   53.24
-150790.551   293.895    92.02   47.92
-150417.903   310.409    44.32   32.95
-150045.334   306.553   -10.35   36.89
-149672.841   281.112   -68.31   43.37
-149300.426   255.618   -68.46   32.77
-148928.089   240.831   -39.72   28.95
-148555.828   237.079   -10.08   34.03
-148183.645   233.228   -10.35   36.67
-147811.539   226.196   -18.90   30.88
-147439.511   220.779   -14.56   23.74
-147067.559   220.941     0.44   19.17
-146695.684   225.291    11.70   20.25
-146323.887   236.515    30.19   26.18
-145952.166   259.649    62.24   38.02
-145580.523   294.596    94.04   52.67
-145208.956   328.971    92.52   44.36
-144837.466   345.313    44.00   33.32
-144466.052   352.361    18.98   31.85
-144094.716   343.686   -23.36   41.26
-143723.456   335.851   -21.10   41.36
-143352.273   339.260     9.18   36.71
-142981.166   349.247    26.91   34.86
-142610.136   353.973    12.74   32.73
-142239.182   355.581     4.34   32.71
-141868.305   351.686   -10.50   34.07
-141497.504   355.845    11.22   30.24
-141126.780   367.049    30.22   34.22
-140756.132   383.069    43.23   33.92
-140385.560   389.783    18.12   32.02
-140015.064   378.109   -31.51   41.94
-139644.645   358.471   -53.02   52.44
-139274.301   321.686   -99.34   63.87
-138904.034   279.522  -113.89   64.00
-138533.843   245.704   -91.36   50.04
-138163.727   223.233   -60.72   34.60
-137793.688   217.239   -16.20   34.59
-137423.724   218.628     3.76   37.27
-137053.837   235.614    45.92   42.26
-136684.025   254.111    50.02   50.03
-136314.289   280.427    71.18   47.99
-135944.628   293.615    35.68   46.63
-135575.043   294.522     2.45   50.25
-135205.534   278.573   -43.17   48.78
-134836.101   256.556   -59.60   46.79
-134466.743   225.398   -84.36   45.10
-134097.460   197.483   -75.60   39.27
-133728.253   168.874   -77.49   26.58
-133359.121   150.961   -48.53   15.04
-132990.064   143.233   -20.94    9.01
-132621.083   141.747    -4.03   12.00
-132252.177   143.252     4.08   14.19
-131883.346   142.047    -3.27   14.76
-131514.591   138.576    -9.41   13.27
-131145.910   134.844   -10.13   10.07
-130777.305   131.286    -9.65    6.94
-130408.774   130.059    -3.33    4.83
-130040.319   130.546     1.32    3.35
-129671.938   132.015     3.99    2.95
-129303.632   135.148     8.51    5.48
-128935.401   140.472    14.46    9.76
-128567.245   150.532    27.33   19.31
-128199.164   166.203    42.58   28.29
-127831.157   186.983    56.47   38.15
-127463.225   212.083    68.22   44.15
-127095.368   228.489    44.60   46.38
-126727.585   241.882    36.42   49.04
-126359.877   252.515    28.92   43.53
-125992.243   266.176    37.16   42.10
-125624.683   291.559    69.07   42.94
-125257.198   308.146    45.14   41.24
-124889.788   319.994    32.25   47.69
-124522.451   311.909   -22.01   57.61
-124155.189   293.538   -50.02   55.58
-123788.001   273.186   -55.43   46.36
-123420.887   254.578   -50.69   33.39
-123053.848   238.664   -43.36   23.56
-122686.882   227.278   -31.03   17.19
-122319.990   220.930   -17.30   15.04
-121953.173   214.050   -18.76   16.20
-121586.429   202.166   -32.41   22.54
-121219.759   191.885   -28.04   23.14
-120853.163   183.771   -22.14   16.84
-120486.641   182.845    -2.53   14.05
-120120.193   187.244    12.01   15.40
-119753.818   197.005    26.64   20.34
-119387.517   207.892    29.72   23.94
-119021.289   215.205    19.97   24.70
-118655.136   218.005     7.65   25.77
-118289.055   227.626    26.28   29.80
-117923.049   239.949    33.67   36.42
-117557.115   258.005    49.35   42.68
-117191.255   278.570    56.22   48.20
-116825.469   309.048    83.33   55.09
-116459.755   326.217    46.95   56.40
-116086.326   354.027    74.48   49.69
-115705.348   369.657    41.03   44.85
-115324.451   378.324    22.76   36.66
-114943.635   374.896    -9.00   41.14
-114562.899   356.711   -47.77   37.07
-114182.244   351.489   -13.72   31.10
-113801.669   354.774     8.63   32.30
-113421.175   361.154    16.77   31.57
-113040.760   360.727    -1.12   30.90
-112660.427   350.744   -26.25   36.90
-112280.173   331.950   -49.43   39.04
-111900.000   320.585   -29.89   27.56
-111519.907   317.216    -8.86   19.38
-111139.894   317.532     0.83   17.39
-110759.961   313.320   -11.09   18.03
-110380.108   303.596   -25.60   16.02
-110000.335   293.581   -26.37   10.06
-109620.641   286.103   -19.70   10.30
-109241.028   276.951   -24.11   13.32
-108861.495   268.906   -21.20   11.20
-108482.041   262.679   -16.41    9.73
-108102.667   259.905    -7.31   12.09
-107723.372   256.298    -9.51   14.85
-107344.158   250.390   -15.58   15.62
-106965.022   241.820   -22.60   14.21
-106585.967   235.769   -15.96    9.97
-106206.990   238.320     6.73   15.02
-105828.094   245.483    18.91   21.54
-105449.276   259.671    37.46   27.33
-105070.538   275.522    41.85   28.65
-104691.879   293.930    48.62   30.42
-104313.299   316.799    60.41   31.85
-103934.799   342.188    67.08   38.35
-103556.377   362.710    54.24   31.16
-103178.035   365.349     6.98   30.26
-102799.771   354.130   -29.66   39.11
-102421.587   327.725   -69.83   39.45
-102043.482   302.385   -67.02   28.28
-101665.455   288.505   -36.72   16.65
-101287.507   287.773    -1.94   13.56
-100909.638   299.930    32.17   20.11
-100531.848   319.250    51.14   23.81
-100154.136   337.650    48.72   26.58
 -99776.503   352.615    39.63   24.94
 -99398.949   359.499    18.24   22.93
 -99021.473   361.755     5.98   22.86
 -98644.075   354.166   -20.11   25.37
 -98266.756   341.630   -33.23   27.38
 -97889.516   324.112   -46.44   28.69
 -97512.353   306.327   -47.16   21.17
 -97135.269   295.037   -29.94   19.81
 -96758.264   288.615   -17.04   20.35
 -96381.336   284.370   -11.26   21.06
 -96004.487   280.477   -10.33   18.21
 -95627.715   279.467    -2.68   14.67
 -95251.022   281.785     6.15   14.59
 -94874.407   291.145    24.85   18.66
 -94497.869   304.006    34.16   20.76
 -94121.410   311.134    18.94   21.64
 -93745.028   315.192    10.78   25.56
 -93368.725   314.596    -1.58   25.69
 -92992.499   313.680    -2.44   24.72
 -92616.350   310.233    -9.16   21.62
 -92240.280   306.971    -8.68   16.28
 -91864.287   311.777    12.78   19.26
 -91488.371   320.787    23.97   24.70
 -91112.533   328.722    21.11   24.56
 -90736.773   334.557    15.53   22.73
 -90361.090   341.603    18.76   22.49
 -89985.484   354.094    33.26   27.17
 -89609.956   383.693    78.82   48.09
 -89234.505   422.785   104.13   60.32
 -88859.131   458.356    94.77   50.43
 -88483.834   475.027    44.42   44.11
 -88108.615   468.342   -17.82   52.98
 -87733.473   444.950   -62.36   51.93
 -87358.407   417.364   -73.56   48.53
 -86983.419   392.135   -67.28   46.16
 -86608.508   361.401   -81.98   41.14
 -86233.673   338.596   -60.84   30.21
 -85858.916   325.302   -35.48   15.97
 -85484.235   322.489    -7.51   13.53
 -85109.631   320.050    -6.51   16.68
 -84735.103   315.467   -12.24   17.52
 -84360.653   316.650     3.16   19.82
 -83986.279   327.919    30.10   29.22
 -83611.981   351.505    63.02   36.84
 -83237.761   376.766    67.51   36.70
 -82863.616   408.893    85.87   43.95
 -82489.548   436.069    72.66   43.72
 -82115.557   460.778    66.07   32.37
 -81741.642   470.650    26.40   34.16
 -81367.803   469.926    -1.94   40.53
 -80994.040   461.581   -22.33   39.32
 -80620.354   449.778   -31.59   33.27
 -80246.743   428.951   -55.75   41.34
 -79873.209   393.730   -94.30   47.87
 -79499.751   359.785   -90.90   45.28
 -79126.369   333.296   -70.95   29.53
 -78753.063   321.884   -30.57   27.34
 -78379.833   317.097   -12.83   32.24
 -78006.679   307.112   -26.76   35.52
 -77633.600   292.006   -40.49   35.21
 -77260.598   270.342   -58.08   31.81
 -76887.671   249.134   -56.87   19.63
 -76514.820   236.972   -32.62   15.49
 -76142.044   227.255   -26.07   11.11
 -75769.345   219.862   -19.84    8.16
 -75396.720   214.653   -13.98    8.59
 -75024.172   210.575   -10.95   10.36
 -74651.698   206.949    -9.74   11.42
 -74279.300   202.607   -11.66   11.53
 -73906.978   195.971   -17.82   10.73
 -73534.731   189.225   -18.12    9.16
 -73162.559   184.150   -13.64    6.14
 -72790.462   180.274   -10.42    1.97
 -72418.441   177.872    -6.46    3.64
 -72046.495   174.650    -8.66    4.43
 -71674.624   172.543    -5.66    3.51
 -71302.828   172.127    -1.12    2.87
 -70931.107   174.763     7.09    4.65
 -70559.461   180.705    15.99    8.85
 -70187.890   188.266    20.35   13.18
 -69816.394   199.308    29.73   17.09
 -69444.972   217.635    49.35   27.56
 -69073.626   236.203    50.00   26.97
 -68702.354   252.103    42.83   24.88
 -68331.157   265.119    35.07   22.74
 -67960.034   275.385    27.66   24.69
 -67588.987   290.272    40.12   28.11
 -67218.013   306.374    43.41   35.14
 -66847.115   312.916    17.64   37.45
 -66476.291   317.766    13.08   35.74
 -66105.541   316.342    -3.84   30.50
 -65734.866   314.850    -4.03   29.68
 -65364.265   314.124    -1.96   31.06
 -64993.738   321.483    19.86   29.32
 -64623.285   323.385     5.14   26.12
 -64252.907   324.483     2.96   25.34
 -63882.603   328.500    10.85   25.19
 -63512.373   325.608    -7.81   24.25
 -63142.218   312.668   -34.96   26.27
 -62772.136   295.075   -47.54   34.47
 -62402.128   274.570   -55.42   29.09
 -62032.194   266.355   -22.21   19.86
 -61662.335   281.809    41.79   33.01
 -61292.549   300.661    50.98   36.81
 -60922.836   328.291    74.74   37.92
 -60553.198   352.983    66.80   36.46
 -60183.633   369.072    43.54   35.33
 -59814.142   375.940    18.59   34.65
 -59444.725   383.387    20.16   30.35
 -59075.381   382.298    -2.95   27.07
 -58706.111   385.267     8.04   24.46
 -58336.915   392.686    20.10   29.03
 -57967.792   408.029    41.57   33.40
 -57598.742   425.961    48.59   32.50
 -57229.766   438.901    35.07   28.41
 -56860.863   440.538     4.44   27.76
 -56492.033   436.285   -11.53   29.51
 -56123.277   437.755     3.99   35.48
 -55754.593   446.174    22.84   39.94
 -55385.983   456.016    26.70   37.68
 -55017.446   460.060    10.97   30.67
 -54648.983   446.950   -35.58   37.12
 -54280.592   417.950   -78.72   44.02
 -53912.274   387.028   -83.96   38.05
 -53544.029   373.576   -36.53   34.03
 -53175.857   372.672    -2.46   44.75
 -52807.758   376.561    10.56   54.26
 -52439.732   376.780     0.60   57.23
 -52071.779   362.421   -39.02   52.23
 -51703.898   341.804   -56.05   47.68
 -51336.090   318.350   -63.77   35.78
 -50968.355   303.926   -39.22   25.78
 -50600.692   296.258   -20.86   23.40
 -50233.102   293.927    -6.34   25.79
 -49865.584   288.138   -15.75   29.43
 -49498.139   280.258   -21.45   31.38
 -49130.767   267.261   -35.38   27.58
 -48763.466   254.179   -35.62   21.11
 -48396.238   242.855   -30.84   16.54
 -48029.083   235.807   -19.19   14.16
 -47661.999   230.535   -14.36    9.69
 -47294.988   231.127     1.61   10.35
 -46928.049   234.785     9.97   13.28
 -46561.183   243.708    24.32   20.07
 -46194.388   254.335    28.97   25.03
 -45827.665   268.972    39.91   30.38
 -45461.015   273.450    12.21   30.54
 -45094.436   274.115     1.82   27.71
 -44727.930   271.533    -7.05   24.11
 -44361.495   267.580   -10.79   21.07
 -43995.132   267.646     0.18   24.14
 -43628.841   270.649     8.20   27.06
 -43262.621   266.302   -11.87   23.27
 -42896.474   262.596   -10.12   14.97
 -42530.398   261.950    -1.77    7.77
 -42164.393   265.814    10.56    9.64
 -41798.461   270.071    11.63   10.58
 -41429.122   273.661     9.72    9.87
 -41048.305   276.682     7.93    9.49
 -40667.567   279.972     8.64    8.12
 -40286.907   282.752     7.30    6.65
 -39906.326   284.511     4.62    5.91
 -39525.823   284.883     0.98    6.24
 -39145.399   284.324    -1.47    6.91
 -38765.052   284.291    -0.09    6.75
 -38384.784   284.189    -0.27    6.62
 -38004.595   285.798     4.23    6.62
 -37624.483   286.074     0.72    6.14
 -37244.449   285.664    -1.08    5.58
 -36864.494   285.335    -0.87    5.95
 -36484.617   284.730    -1.59    4.73
 -36104.817   284.866     0.36    3.96
 -35725.095   285.755     2.34    3.88
 -35345.452   287.575     4.80    4.33
 -34965.886   291.396    10.07    8.33
 -34586.398   294.843     9.08   10.72
 -34206.987   298.114     8.62   12.00
 -33827.654   300.606     6.57   12.34
 -33448.399   301.554     2.50   11.42
 -33069.222   303.178     4.28   10.86
 -32690.121   304.679     3.96   11.46
 -32311.099   307.203     6.66   12.95
 -31932.154   310.192     7.89   14.23
 -31553.286   314.132    10.40   14.36
 -31174.496   313.383    -1.98   15.96
 -30795.783   312.130    -3.31   18.03
 -30417.147   309.214    -7.70   20.41
 -30038.588   304.638   -12.09   20.85
 -29660.107   301.280    -8.87   19.17
 -29281.702   298.580    -7.13   15.78
 -28903.375   299.316     1.95   15.80
 -28525.125   299.437     0.32   13.58
 -28146.951   300.994     4.12   12.17
 -27768.855   302.938     5.14   11.53
 -27390.835   307.672    12.52   16.44
 -27012.893   314.642    18.44   23.76
 -26635.027   319.527    12.93   30.38
 -26257.237   322.061     6.71   33.96
 -25879.525   318.466    -9.52   30.82
 -25501.889   316.225    -5.93   26.33
 -25124.330   311.415   -12.74   18.26
 -24746.847   310.794    -1.64   12.22
 -24369.441   311.140     0.92    8.10
 -23992.111   314.950    10.10    8.89
 -23614.858   322.548    20.14   14.65
 -23237.681   333.227    28.31   22.47
 -22860.580   347.435    37.68   30.28
 -22483.556   363.561    42.77   34.58
 -22106.608   383.763    53.60   45.09
 -21729.736   414.774    82.29   59.53
 -21352.940   440.902    69.34   64.22
 -20976.220   486.702   121.58   65.59
 -20599.577   523.040    96.48   72.37
 -20223.009   556.423    88.65   78.33
 -19846.517   593.523    98.54   76.56
 -19470.102   631.882   101.91   71.07
 -19093.762   655.165    61.87   64.92
 -18717.498   663.049    20.95   62.03
 -18341.309   675.109    32.06   66.11
 -17965.197   686.038    29.06   66.68
 -17589.160   703.189    45.61   62.56
 -17213.199   708.116    13.10   60.36
 -16837.313   696.072   -32.04   78.94
 -16461.503   651.638  -118.23  100.37
 -16085.768   627.609   -63.95  114.29
 -15710.109   626.283    -3.53  129.12
 -15334.525   616.094   -27.13  128.41
 -14959.017   581.225   -92.86  136.15
 -14583.584   532.638  -129.42  114.17
 -14208.226   541.859    24.57  110.17
 -13832.944   579.569   100.48  105.19
 -13457.736   578.225    -3.58  107.87
 -13082.604   518.699  -158.68  145.07
 -12707.547   422.151  -257.42  124.74
 -12332.565   361.358  -162.13  101.03
 -11957.658   284.372  -205.35  108.34
 -11582.826   245.505  -103.69  100.04
 -11208.069   231.005   -38.69   80.91
 -10833.386   257.562    70.88   97.44
 -10458.779   324.827   179.56  100.82
 -10084.246   387.730   167.95   94.19
  -9709.788   445.594   154.53  101.95
  -9335.405   517.697   192.59  123.49
  -8961.097   628.427   295.83  148.93
  -8586.863   706.174   207.75  137.38
  -8212.703   746.869   108.77  127.57
  -7838.618   698.432  -129.48  164.69
  -7464.608   613.533  -227.00  164.98
  -7090.672   576.138  -100.00  138.26
  -6716.811   581.788    15.11  130.86
  -6343.023   600.016    48.77  117.72
  -5969.310   591.225   -23.52  122.64
  -5595.672   537.522  -143.73  125.09
  -5222.107   444.086  -250.12  120.69
  -4848.617   380.827  -169.37  110.91
  -4475.201   340.546  -107.87   96.03
  -4101.859   350.185    25.82   94.21
  -3728.591   371.327    56.64   90.41
  -3355.397   376.275    13.26   78.34
  -2982.277   334.238  -112.66  103.66
  -2609.231   266.724  -180.98  132.43
  -2236.258   187.700  -211.88  130.83
  -1863.360   113.609  -198.69  119.54
  -1490.535    50.218  -170.03   76.93
  -1117.784    18.038   -86.33   39.24
   -745.107     1.610   -44.08    5.15
   -372.504     0.071    -4.13    0.34
      0.026    -0.006    -0.21    0.00
    372.483    -0.006     0.00    0.00
    744.866     0.018     0.06    0.15
   1117.175     0.118     0.27    0.33
   1489.411     0.220     0.28    0.42
   1861.574     0.376     0.42    0.53
   2233.663     0.506     0.35    0.66
   2605.679     0.516     0.03    0.74
   2977.622     0.454    -0.17    0.74
   3349.491     0.331    -0.33    0.74
   3721.288     0.216    -0.31    0.72
   4093.011     0.405     0.51    0.86
   4464.661     1.005     1.61    1.58
   4836.238     2.163     3.11    2.23
   5207.742     3.455     3.48    2.44
   5579.173     4.596     3.07    2.01
   5950.532     5.275     1.83    1.60
   6321.817     5.576     0.81    1.42
   6693.029     5.250    -0.88    1.73
   7064.169     4.619    -1.70    2.23
   7435.236     3.851    -2.07    2.31
   7806.230     3.250    -1.62    2.30
   8177.152     3.061    -0.51    2.29
   8548.001     3.657     1.61    2.28
   8918.777     4.500     2.27    2.12
   9289.481     4.887     1.04    1.76
   9660.112     5.210     0.87    1.43
  10030.671     5.375     0.45    1.43
  10401.158     5.576     0.54    1.44
  10771.572     5.787     0.57    1.41
  11141.914     6.061     0.74    1.31
  11512.183     6.408     0.94    1.13
  11882.381     6.716     0.83    0.78
  12252.506     6.949     0.63    0.26
  12622.559     6.994     0.12    0.00
  12992.540     6.994     0.00    0.00
  13362.448     6.505    -1.32    1.38
  13732.285     6.172    -0.90    1.62
  14102.050     5.961    -0.57    1.66
  14471.743     5.872    -0.24    1.65
  14841.363     5.822    -0.14    1.56
  15210.912     5.309    -1.39    1.81
  15580.390     5.006    -0.82    1.86
  15949.795     5.297     0.79    1.87
  16319.129     5.863     1.53    1.77
  16688.391     6.699     2.26    0.95
  17057.581     6.994     0.80    0.00
  17426.700     6.994     0.00    0.00
  17795.747     6.994     0.00    0.00
  18164.723     6.994     0.00    0.00
  18533.627     6.994     0.00    0.00
  18902.459     6.994     0.00    0.00
  19271.221     6.994     0.00    0.00
  19639.911     6.994     0.00    0.00
  20008.529     6.994     0.00    0.00
  20377.076     6.994     0.00    0.00
  20745.553     6.994     0.00    0.00
  21113.957     6.994     0.00    0.00
  21482.291     6.994     0.00    0.00
  21850.554     6.994     0.00    0.00
  22218.745     6.994     0.00    0.00
  22586.866     6.994     0.00    0.00
  22954.915     7.119     0.34    0.33
  23322.894     7.285     0.45    0.46
  23690.801     7.394     0.30    0.49
  24058.638     7.557     0.44    0.50
  24426.404     7.627     0.19    0.48
  24794.099     7.528    -0.27    0.50
  25161.723     7.449    -0.22    0.50
  25529.277     7.376    -0.20    0.49
  25896.760     7.189    -0.51    0.40
  26264.172     7.061    -0.35    0.25
  26631.514     7.041    -0.06    0.21
  26998.785     7.038    -0.01    0.21
  27365.986     7.113     0.20    0.33
  27733.116     7.224     0.30    0.42
  28100.176     7.577     0.96    0.68
  28467.165     8.286     1.93    1.01
  28834.084     8.891     1.65    1.00
  29200.933     9.488     1.63    0.71
  29567.712     9.824     0.91    0.38
  29934.420     9.983     0.43    0.11
  30301.058     9.960    -0.06    0.18
  30667.626     9.773    -0.51    0.42
  31034.124     9.699    -0.20    0.46
  31400.552     9.657    -0.11    0.48
  31766.909     9.716     0.16    0.45
  32133.197     9.875     0.43    0.33
  32499.415     9.938     0.17    0.23
  32865.563     9.925    -0.04    0.25
  33231.641     9.926     0.00    0.25
  33611.797     9.971     0.12    0.15
  33992.378     9.994     0.06    0.00
  34372.884     9.994     0.00    0.00
  34753.313     9.994     0.00    0.00
  35133.666     9.994     0.00    0.00
  35513.943     9.994     0.00    0.00
  35894.143     9.994     0.00    0.00
  36274.267     9.994     0.00    0.00
  36654.315     9.994     0.00    0.00
  37034.288     9.994     0.00    0.00
  37414.183     9.994     0.00    0.00
  37794.003     9.994     0.00    0.00
  38173.747     9.994     0.00    0.00
  38553.416     9.994     0.00    0.00
  38933.008     9.994     0.00    0.00
  39312.524     9.994     0.00    0.00
  39691.965    10.500     1.33    2.21
  40071.330    13.694     8.42    8.07
  40450.619    20.189    17.12   11.20
  40829.833    24.721    11.95    9.65
  41208.971    28.679    10.44    6.95
  41588.033    34.017    14.08   11.76
  41967.020    45.672    30.75   20.33
  42345.932    62.505    44.42   23.46
  42724.768    82.550    52.91   18.75
  43103.528    93.843    29.82   11.00
  43482.214    95.494     4.36    9.15
  43860.824    94.220    -3.36   10.35
  44239.359    93.767    -1.20   10.11
  44617.819    94.565     2.11    9.22
  44996.203    99.161    12.14    8.39
  45374.513   104.572    14.30   10.08
  45752.747   109.060    11.86   12.66
  46130.906   112.696     9.62   11.62
  46508.991   112.187    -1.35   10.74
  46887.000   105.994   -16.38   11.06
  47264.935    99.814   -16.35    9.76
  47642.795    95.482   -11.47    8.36
  48020.580    92.362    -8.26    9.87
  48398.290    86.006   -16.83   15.17
  48775.925    68.590   -46.12   25.54
  49153.486    50.238   -48.60   23.81
  49530.972    38.187   -31.92   17.45
  49908.384    32.564   -14.90   11.49
  50285.721    33.574     2.68   13.05
  50662.984    36.692     8.26   15.28
  51040.172    36.710     0.05   15.15
  51417.286    32.707   -10.62   14.25
  51794.325    26.960   -15.24   10.92
  52171.290    21.500   -14.48    4.41
  52548.181    19.450    -5.44    2.27
  52924.998    18.109    -3.56    1.42
  53301.740    17.483    -1.66    1.27
  53678.409    16.879    -1.60    1.03
  54055.003    16.471    -1.08    0.99
  54431.523    16.165    -0.81    1.00
  54807.969    15.937    -0.61    0.87
  55184.342    15.676    -0.69    0.89
  55560.640    15.522    -0.41    1.01
  55936.864    15.517    -0.01    1.15
  56313.015    15.824     0.81    1.37
  56689.092    16.540     1.90    1.36
  57065.095    17.308     2.04    1.42
  57441.024    18.687     3.67    2.27
  57816.880    22.477    10.08    8.98
  58192.662    32.646    27.06   16.98
  58568.370    39.130    17.26   16.83
  58944.005    47.657    22.70   13.96
  59319.567    53.488    15.53    9.84
  59695.055    56.755     8.70    6.16
  60070.469    58.608     4.93    3.64
  60445.811    59.960     3.60    3.64
  60821.079    61.575     4.30    3.60
  61196.273    66.028    11.87    5.80
  61571.395    71.585    14.81    7.92
  61946.443    80.477    23.71   10.91
  62321.418    88.750    22.06   11.56
  62696.320    98.541    26.11   11.82
  63071.149   104.471    15.82   10.50
  63445.905   109.174    12.55    9.80
  63820.588   110.090     2.45   10.18
  64195.198   110.163     0.19    9.74
  64569.735   109.244    -2.45    7.69
  64944.199   107.459    -4.77    5.51
  65318.590   105.645    -4.84    4.85
  65692.909   103.735    -5.10    4.40
  66067.155   101.892    -4.93    5.09
  66441.328   100.601    -3.45    6.12
  66815.429    98.768    -4.90    7.56
  67189.457    95.387    -9.04    9.04
  67563.412    92.699    -7.19   10.00
  67937.295    90.913    -4.78   10.94
  68311.106    89.676    -3.31   10.70
  68684.844    89.312    -0.97    9.63
  69058.509    91.790     6.63    9.17
  69432.103    95.028     8.67    8.78
  69805.624    98.512     9.33    7.04
  70179.072   101.949     9.20    4.59
  70552.449   103.471     4.08    3.58
  70925.753   105.373     5.09    4.21
  71298.985   107.051     4.49    5.75
  71672.145   108.120     2.87    6.63
  72045.233   108.778     1.76    6.45
  72418.249   112.511    10.01    9.33
  72791.193   119.086    17.63   14.25
  73164.065   133.564    38.83   22.52
  73536.866   152.785    51.56   33.81
  73909.594   179.006    70.35   43.97
  74282.250   211.130    86.20   52.72
  74654.835   246.488    94.89   49.55
  75027.348   269.619    62.09   34.29
  75399.790   275.756    16.48   24.69
  75772.159   261.764   -37.57   35.58
  76144.457   231.232   -82.00   42.79
  76516.684   204.810   -70.98   44.00
  76888.839   183.090   -58.36   41.54
  77260.923   164.683   -49.47   34.32
  77632.935   154.199   -28.18   30.21
  78004.875   145.380   -23.71   23.16
  78376.745   140.348   -13.53   17.62
  78748.543   134.494   -15.74   14.51
  79120.270   126.677   -21.03   16.41
  79491.925   118.801   -21.19   16.26
  79863.510   112.750   -16.28   17.75
  80235.023   109.710    -8.18   20.01
  80606.465   107.065    -7.12   22.33
  80977.836   102.199   -13.10   21.01
  81349.136    97.720   -12.06   18.62
  81720.365    99.608     5.08   19.51
  82091.523   105.192    15.04   21.99
  82462.610   116.892    31.53   21.52
  82833.626   125.729    23.82   15.27
  83204.572   128.346     7.06   10.05
  83575.446   124.626   -10.03   11.52
  83946.250   116.253   -22.58   12.57
  84316.983   107.799   -22.80   13.71
  84687.646    96.707   -29.92   16.59
  85058.238    85.065   -31.41   15.06
  85428.759    73.959   -29.97   12.70
  85799.210    65.661   -22.40    8.75
  86169.590    59.971   -15.36    7.73
  86539.900    58.596    -3.71    6.93
  86910.139    60.161     4.23    7.82
  87280.308    64.750    12.40    9.70
  87650.407    72.102    19.87   11.85
  88020.435    79.339    19.56   13.76
  88390.393    84.488    13.92   13.80
  88760.281    88.017     9.54   14.44
  89130.099    91.836    10.33   14.46
  89499.846    93.466     4.41   14.96
  89869.524    94.957     4.03   15.25
  90239.131    95.948     2.68   15.86
  90608.668    95.923    -0.07   16.23
  90978.135    98.051     5.76   18.15
  91347.533   100.465     6.54   20.38
  91716.860   107.301    18.51   21.92
  92086.118   112.681    14.57   21.67
  92455.306   119.230    17.74   20.85
  92824.423   123.869    12.57   20.61
  93193.472   128.423    12.34   22.08
  93562.450   127.994    -1.16   24.83
  93931.359   126.529    -3.97   26.28
  94300.198   118.812   -20.92   27.79
  94668.968   109.459   -25.36   25.96
  95037.668   101.278   -22.19   21.17
  95406.298    96.771   -12.23   17.63
  95774.859    91.517   -14.25   13.56
  96143.351    88.933    -7.01    9.82
  96511.773    88.460    -1.28    7.18
  96880.126    90.426     5.34    6.01
  97248.409    94.293    10.50    6.02
  97616.624    98.560    11.59    6.06
  97984.769   104.362    15.76    8.43
  98352.844   110.849    17.62   11.36
  98720.851   119.199    22.69   14.68
  99088.789   129.212    27.21   16.92
  99456.657   138.970    26.52   16.28
  99824.456   144.505    15.05   18.52
 100192.187   148.983    12.17   22.59
 100559.848   153.820    13.16   26.06
 100927.441   158.041    11.48   28.09
 101294.964   163.562    15.02   27.27
 101662.419   165.862     6.26   25.51
 102029.805   167.574     4.66   24.74
 102397.122   169.201     4.43   24.69
 102764.370   171.767     6.98   26.79
 103131.550   177.105    14.54   32.00
 103498.661   177.925     2.23   34.37
 103865.703   177.629    -0.81   34.12
 104232.677   177.244    -1.05   28.02
 104599.582   181.223    10.84   24.42
 104966.419   191.758    28.72   25.19
 105333.187   204.454    34.61   22.53
 105699.887   214.874    28.41   17.68
 106066.519   220.028    14.06   19.38
 106433.082   225.185    14.07   22.76
 106799.577   236.304    30.34   26.81
 107166.003   248.290    32.71   26.47
 107532.361   251.221     8.00   24.83
 107898.651   256.844    15.35   24.18
 108274.975   265.630    23.35   22.73
 108655.403   278.382    33.52   33.85
 109035.756   299.833    56.39   43.28
 109416.035   327.530    72.83   47.31
 109796.240   354.074    69.81   43.93
 110176.370   374.446    53.59   37.56
 110556.427   384.413    26.22   39.55
 110936.409   379.886   -11.91   48.21
 111316.317   384.203    11.36   46.11
 111696.150   391.212    18.45   38.76
 112075.910   391.375     0.43   34.21
 112455.596   389.143    -5.88   34.15
 112835.208   380.645   -22.38   39.32
 113214.746   375.960   -12.34   36.32
 113594.210   377.820     4.90   33.13
 113973.600   381.088     8.61   31.29
 114352.917   393.113    31.70   35.89
 114732.160   401.680    22.59   38.69
 115111.329   405.290     9.52   47.24
 115490.424   420.735    40.74   54.36
 115869.446   436.616    41.90   57.10
 116248.394   452.710    42.47   50.13
 116627.269   461.567    23.38   45.50
 117006.070   459.134    -6.42   55.46
 117384.798   456.343    -7.37   54.81
 117763.453   459.810     9.15   46.95
 118142.034   463.923    10.86   37.59
 118520.541   466.110     5.78   39.30
 118898.976   471.543    14.35   38.21
 119277.337   470.142    -3.70   36.59
 119655.625   464.785   -14.16   38.73
 120033.840   446.958   -47.13   47.19
 120411.982   415.753   -82.52   58.59
 120790.051   386.564   -77.20   60.03
 121168.047   353.923   -86.35   46.49
 121545.969   343.482   -27.62   38.26
 121923.819   351.006    19.91   35.96
 122301.596   357.584    17.41   29.61
 122679.300   361.132     9.39   31.15
 123056.932   371.339    27.03   32.86
 123434.490   386.661    40.58   37.84
 123811.976   400.535    36.75   39.97
 124189.389   396.668   -10.24   45.53
 124566.730   375.705   -55.55   51.72
 124943.998   341.889   -89.62   53.31
 125321.193   317.167   -65.54   38.60
 125698.316   313.389   -10.02   34.02
 126075.366   322.414    23.93   39.84
 126452.344   342.096    52.21   40.25
 126829.250   361.944    52.65   42.02
 127206.083   379.657    47.00   39.12
 127582.844   385.506    15.52   36.10
 127959.532   383.785    -4.57   33.72
 128336.149   377.056   -17.87   32.17
 128712.693   374.718    -6.21   35.54
 129089.165   368.482   -16.56   42.46
 129465.565   358.575   -26.32   45.27
 129841.893   346.457   -32.20   48.64
 130218.149   322.730   -63.06   51.17
 130594.333   297.601   -66.79   46.30
 130970.445   289.569   -21.35   37.50
 131346.485   292.874     8.79   36.38
 131722.453   314.041    56.30   42.25
 132098.350   342.935    76.86   34.23
 132474.174   350.442    19.97   27.22
 132849.927   338.506   -31.76   35.50
 133225.608   311.110   -72.91   41.25
 133601.218   277.199   -90.27   35.47
 133976.756   262.075   -40.27   27.95
 134352.222   266.335    11.35   37.91
 134727.617   280.100    36.66   44.83
 135102.941   293.029    34.45   34.99
 135478.193   294.075     2.79   29.69
 135853.373   277.524   -44.11   33.61
 136228.482   259.925   -46.91   31.40
 136603.520   250.212   -25.90   30.90
 136978.487   252.102     5.04   37.38
 137353.382   274.971    60.99   50.06
 137728.206   298.926    63.90   46.78
 138102.959   311.404    33.29   42.84
 138477.641   306.065   -14.25   45.32
 138852.252   296.096   -26.61   41.75
 139226.792   284.506   -30.94   39.30
 139601.260   266.606   -47.80   39.76
 139975.658   240.293   -70.27   37.86
 140349.985   206.649   -89.87   38.51
 140724.241   182.185   -65.36   40.22
 141098.426   161.221   -56.02   34.89
 141472.540   147.720   -36.08   19.53
 141846.584   143.220   -12.03   11.82
 142220.557   147.668    11.89   15.80
 142594.459   155.756    21.63   19.72
 142968.291   163.127    19.71   21.34
 143342.051   174.630    30.78   21.39
 143715.742   186.947    32.96   18.85
 144089.362   201.577    39.15   21.37
 144462.911   216.523    40.00   30.01
 144836.390   226.923    27.84   38.37
 145209.798   226.765    -0.42   48.47
 145583.137   215.738   -29.53   58.79
 145956.404   194.157   -57.81   55.13
 146329.602   170.054   -64.58   44.63
 146702.729   153.343   -44.78   31.75
 147075.786   140.401   -34.69   12.47
 147448.773   136.476   -10.52    2.23
 147821.690   136.137    -0.91    0.56
 148194.537   138.255     5.68    7.09
 148567.314   146.247    21.44   17.58
 148940.020   156.554    27.65   22.98
 149312.657   168.052    30.85   26.66
 149685.224   179.601    30.99   32.91
 150057.721   192.862    35.59   38.62
 150430.148   207.801    40.11   44.77
 150802.505   222.837    40.38   41.55
 151174.792   244.018    56.89   41.52
 151547.010   267.110    62.03   42.54
 151919.158   292.668    68.67   48.22
 152291.236   325.031    86.97   55.83
 152663.245   360.171    94.45   61.39
 153035.184   393.335    89.16   54.86
 153407.054   404.350    29.62   42.24
 153778.854   388.813   -41.78   48.24
 154150.585   356.458   -87.03   59.71
 154522.246   311.909  -119.85   55.63
 154893.838   283.541   -76.33   47.94
 155265.360   271.042   -33.64   46.58
 155636.814   274.680     9.79   53.00
 156008.198   284.607    26.73   53.75
 156379.512   292.292    20.69   48.77
 156750.758   307.057    39.77   41.09
 157121.934   319.820    34.38   38.84
 157493.042   335.144    41.29   31.79
 157864.080   336.051     2.44   27.22
 158235.049   332.019   -10.87   28.21
 158605.949   315.715   -43.95   30.30
 158976.780   302.093   -36.73   24.78
 159347.543   299.418    -7.21   23.18
 159718.236   295.323   -11.04   24.92
 160088.861   293.994    -3.59   28.52
 160459.416   285.811   -22.08   27.88
 160829.903   270.559   -41.16   24.45
 161200.322   257.387   -35.55   19.62
 161570.671   243.785   -36.72   18.32
 161940.952   234.250   -25.75   15.31
 162311.165   226.827   -20.05   13.86
 162681.308   220.898   -16.02   13.05
 163051.383   213.720   -19.39   12.32
 163421.390   209.182   -12.26   12.61
 163791.328   205.912    -8.84   13.65
 164161.198   203.223    -7.27   13.74
 164531.000   201.673    -4.19   12.37
 164900.733   202.109     1.18   12.25
 165270.397   205.139     8.19   14.09
 165639.994   211.794    18.00   16.54
 166009.522   222.971    30.24   17.66
 166378.982   233.818    29.35   17.78
 166748.374   239.823    16.26   16.45
 167117.698   237.982    -4.98   18.98
 167486.954   227.506   -28.37   23.71
 167856.141   212.327   -41.11   25.78
 168225.261   198.374   -37.80   23.40
 168594.313   189.680   -23.55   19.44
 168963.296   186.644    -8.23   16.79
 169332.212   189.878     8.76   18.42
 169701.060   202.382    33.90   24.29
 170069.840   226.448    65.25   31.52
 170438.553   250.500    65.23   30.03
 170807.197   259.292    23.84   23.43
 171175.774   257.592    -4.61   26.99
 171544.284   246.258   -30.75   32.16
 171912.725   237.665   -23.32   32.37
 172281.099   235.959    -4.63   36.00
 172649.406   235.163    -2.16   32.32
 173017.645   223.923   -30.52   30.88
 173385.816   210.824   -35.57   32.49
 173753.920   195.226   -42.37   22.46
 174121.957   193.194    -5.52   19.87
 174489.926   203.948    29.22   27.97
 174857.828   210.100    16.72   30.41
 175225.662   204.633   -14.86   32.61
 175593.430   192.471   -33.06   30.08
 175961.130   179.426   -35.47   16.19
 176328.762   177.347    -5.65    5.95
 176696.328   181.719    11.89    6.52
 177063.827   187.065    14.55    6.52
 177431.258   191.311    11.55    4.65
 177798.623   194.304     8.15    4.47
 178165.920   198.140    10.44    6.34
 178533.151   205.994    21.38   12.37
 178900.314   216.735    29.25   17.62
 179267.411   230.839    38.42   21.54
 179634.441   243.147    33.53   21.75
 180001.404   257.488    39.07   24.59
 180368.300   265.292    21.27   27.22
 180735.130   269.261    10.82   28.24
 181101.892   270.253     2.70   27.29
 181468.588   269.860    -1.07   26.14
 181835.218   270.265     1.10   25.45
 182201.781   270.094    -0.47   27.09
 182568.277   277.959    21.46   32.70
 182941.070   290.357    33.25   40.28
 183321.344   296.446    16.01   39.76
 183701.546   297.883     3.78   36.21
 184081.676   288.914   -23.59   30.53
 184461.733   281.288   -20.06   20.62
 184841.718   278.112    -8.36   14.82
 185221.631   278.801     1.81   14.59
 185601.471   280.874     5.45   15.70
 185981.240   283.017     5.64   17.12
 186360.936   284.714     4.47   16.37
 186740.560   275.688   -23.77   22.29
 187120.112   261.571   -37.19   28.32
 187499.592   244.327   -45.43   28.83
 187879.000   223.211   -55.65   30.64
 188258.337   203.429   -52.14   30.43
 188637.601   195.144   -21.84   25.84
 189016.794   192.994    -5.67   22.15
 189395.914   193.319     0.86   18.94
 189774.963   195.685     6.24   18.05
 190153.941   200.438    12.54   23.31
 190532.846   216.120    41.38   28.71
 190911.680   238.104    58.02   28.92
 191290.443   253.470    40.56   27.57
 191669.134   266.784    35.15   28.16
 192047.753   280.375    35.89   26.73
 192426.301   287.512    18.85   30.77
 192804.777   296.319    23.27   31.84
 193183.182   303.307    18.46   30.94
 193561.516   306.211     7.67   26.13
 193939.778   298.542   -20.27   29.87
 194317.970   276.476   -58.34   43.31
 194696.090   247.134   -77.59   42.25
 195074.138   225.934   -56.07   29.14
 195452.116   218.229   -20.38   13.91
 195830.022   225.450    19.10   15.78
 196207.858   238.335    34.10   18.21
 196585.622   257.694    51.24   30.40
 196963.315   287.171    78.03   49.88
 197340.938   318.382    82.64   60.11
 197718.489   363.589   119.72   80.43
 198095.970   414.678   135.32   98.19
 198473.380   447.902    88.02   87.40
 198850.719   472.488    65.15   76.24
 199227.987   491.445    50.24   72.07
 199605.185   490.204    -3.29   72.40
 199982.312   471.134   -50.56   87.07
 200359.368   450.288   -55.28   84.93
 200736.353   449.559    -1.93   85.88
 201113.269   488.151   102.37  112.14
 201490.113   560.657   192.37  118.39
 201866.887   624.029   168.17   97.99
 202243.591   626.500     6.56   97.28
 202620.224   576.621  -132.41  109.70
 202996.787   506.874  -185.19   94.28
 203373.280   454.159  -139.99   76.50
 203749.702   414.043  -106.55   84.09
 204126.054   370.241  -116.37   81.04
 204502.336   342.947   -72.52   64.02
 204878.548   324.970   -47.78   63.56
 205254.690   321.784    -8.47   74.44
 205630.761   304.681   -45.47   81.79
 206006.763   266.750  -100.86   68.78
 206382.694   232.759   -90.40   48.59
 206758.556   207.513   -67.16   22.06
 207134.348   202.115   -14.36   15.78
 207510.069   201.956    -0.42   24.93
 207885.721   195.959   -15.96   37.74
 208261.303   184.690   -30.00   40.22
 208636.816   165.458   -51.21   29.44
 209012.258   160.957   -11.99   32.02
 209387.631   168.512    20.12   40.75
 209762.934   180.494    31.92   44.16
 210138.168   184.232     9.96   41.61
 210513.332   189.931    15.19   43.38
 210888.427   177.750   -32.47   44.49
 211263.452   156.994   -55.34   39.51
 211638.407   134.351   -60.38   37.05
 212013.293   113.244   -56.29   22.92
 212388.110   101.406   -31.58   12.80
 212762.857    95.250   -16.42    2.89
 213137.536    95.982     1.95    3.54
 213512.144    96.969     2.63    4.38
 213886.684    98.235     3.38    4.82
 214261.154   100.494     6.03    4.55
 214635.556   102.238     4.66    3.45
 215009.888   102.438     0.53    3.47
 215384.151   101.756    -1.82    3.88
 215758.345   101.653    -0.28    3.88
 216132.470   102.901     3.34    5.24
 216506.526   106.611     9.92    7.54
 216880.513   111.787    13.84    9.82
 217254.431   118.445    17.80   12.83
 217628.281   129.530    29.64   22.90
 218002.062   146.701    45.93   34.05
 218375.773   174.548    74.50   49.20
 218749.416   209.636    93.89   56.05
 219122.991   226.488    45.10   50.26
 219496.497   218.220   -22.13   54.02
 219869.934   189.470   -76.97   59.18
 220243.302   145.562  -117.58   43.65
 220616.602   117.841   -74.25   27.71
 220989.834    98.347   -52.22   13.90
 221362.997    88.327   -26.85   10.70
 221736.091    80.042   -22.20    7.55
 222109.118    75.530   -12.09    5.28
 222482.075    72.196    -8.94    2.52
 222854.965    70.756    -3.86    1.87
 223227.786    69.500    -3.37    1.61
 223600.539    68.851    -1.74    1.70
 223973.224    68.194    -1.76    1.78
 224345.841    67.863    -0.89    1.92
 224718.389    67.364    -1.34    2.22
 225090.869    66.863    -1.35    2.70
 225463.282    66.423    -1.18    3.13
 225835.626    65.712    -1.91    3.26
 226207.902    64.759    -2.56    3.68
 226580.111    64.705    -0.15    4.44
 226952.251    65.078     1.00    4.91
 227324.324    65.744     1.79    4.69
 227696.329    66.592     2.28    3.99
 228068.266    67.677     2.92    3.18
 228440.135    68.665     2.66    3.12
 228811.936    69.947     3.45    3.48
 229183.670    71.710     4.74    3.91
 229555.336    74.006     6.18    3.91
 229926.935    75.821     4.88    3.50
 230298.466    76.529     1.90    3.59
 230669.929    76.204    -0.87    4.62
 231041.325    74.909    -3.49    6.04
 231412.654    71.241    -9.88    8.03
 231783.915    67.855    -9.12    8.24
 232155.108    63.809   -10.90    6.39
 232526.235    60.945    -7.71    3.81
 232897.294    59.807    -3.07    2.07
 233268.285    59.712    -0.26    1.94
 233639.210    59.894     0.49    2.42
 234010.067    60.153     0.70    3.16
 234380.857    60.750     1.61    4.51
 234751.580    61.123     1.01    5.15
 235122.236    60.648    -1.28    4.00
 235492.824    59.765    -2.38    2.25
 235863.346    59.212    -1.49    0.70
 236233.801    59.347     0.36    0.81
 236604.189    59.609     0.71    1.07
 236974.510    59.640     0.08    1.03
 237344.764    59.507    -0.36    0.86
 237714.951    59.229    -0.75    0.55
 238085.071    59.033    -0.53    0.19
 238455.125    59.006    -0.07    0.11
 238825.112    58.994    -0.03    0.00
 239195.032    59.029     0.10    0.24
 239564.885    59.056     0.07    0.29
 239934.672    59.102     0.13    0.35
 240304.392    59.119     0.04    0.37
 240674.046    59.065    -0.14    0.26
 241043.633    59.054    -0.03    0.24
 241413.154    59.065     0.03    0.26
 241782.608    59.116     0.14    0.36
 242151.996    59.970     2.31    1.98
 242521.317    62.363     6.48    4.23
 242890.573    68.958    17.86   12.11
 243259.761    81.837    34.88   24.19
 243628.884    98.903    46.22   29.54
 243997.940   111.300    33.59   27.52
