# NaN NaN NaN ;Mean Elev.(m), Avg Gradient(m/km), RMS Gradient(m/km) - SRTM1     
#   -7.079  -5.577   7.708 ;Mean Elev.(m), Avg Gradient(m/km), RMS Gradient(m/km) - ASTER GDEM
#   24.674   0.015   8.008 ;Mean Elev.(m), Avg Gradient(m/km), RMS Gradient(m/km) - GMTED2010 
  7    20.989 52470.31402713 43.34 199.969053  62.933090 17.684
  7    20.832 52470.31402777 44.81 199.966453  62.936220 17.684
  7    20.494 52470.31402842 44.79 199.963853  62.939360 17.684
  7    20.710 52470.31402906 50.65 199.961253  62.942500 17.684
  8    20.028 52505.31401065  9.72 199.969305  62.936771  4.392
  8    19.837 52505.31401129  9.32 199.966705  62.939911  4.392
  8    19.866 52505.31401194  9.26 199.964105  62.943051  4.392
  9    20.905 52540.31399156 42.34 199.965341  62.926814 15.770
  9    20.940 52540.31399220 43.52 199.962731  62.929954 15.770
  9    20.693 52540.31399285 23.82 199.960131  62.933084 15.770
  9    20.478 52540.31399349 19.54 199.957531  62.936224 15.770
 11    18.640 52610.31399984 21.44 199.970771  62.936893  7.988
 11    18.731 52610.31400049 19.80 199.968171  62.940033  7.988
 11    18.719 52610.31400113 18.36 199.965571  62.943173  7.988
 12    19.007 52645.31398862 13.74 199.965319  62.931599  4.996
 12    19.064 52645.31398927 14.34 199.962719  62.934729  4.996
 12    18.923 52645.31398991 14.41 199.960119  62.937869  4.996
 12    18.799 52645.31399056 13.78 199.957519  62.941009  4.996
 15    18.006 52750.31403936 13.88 199.968458  62.932079  7.517
 15    18.049 52750.31404000 14.11 199.965858  62.935219  7.517
 15    18.078 52750.31404064 12.34 199.963258  62.938359  7.517
 15    18.013 52750.31404129 10.98 199.960658  62.941489  7.517
 16    21.611 52785.31398071 24.51 199.961611  62.922446 15.889
 16    21.275 52785.31398135 18.60 199.959011  62.925586 15.889
 16    32.987 52785.31398200  8.35 199.956411  62.928726 15.889
 16    34.246 52785.31398264  7.03 199.953811  62.931856 15.889
 17    22.569 52820.31405642 12.45 199.961707  62.926704 13.130
 17    20.808 52820.31405707 12.90 199.959107  62.929844 13.130
 17    20.850 52820.31405771 12.43 199.956497  62.932984 13.130
 17    20.827 52820.31405836 12.20 199.953897  62.936114 13.130
 18    21.327 52855.31410501 44.26 199.967973  62.930185 17.369
 18    21.647 52855.31410565 46.60 199.965373  62.933325 17.369
 18    21.344 52855.31410630 35.64 199.962773  62.936465 17.369
 18    21.461 52855.31410694 40.40 199.960173  62.939595 17.369
 20    19.053 52925.31409313 13.00 199.972507  62.941849  2.293
 20    19.093 52925.31409377 12.26 199.969907  62.944989  2.293
 20    18.928 52925.31409442 11.97 199.967307  62.948129  2.293
 21    18.063 52960.31405887 37.72 199.967051  62.932211 18.716
 21    17.965 52960.31405951 37.74 199.964451  62.935351 18.716
 21    17.970 52960.31406016 39.13 199.961851  62.938491 18.716
 21    18.000 52960.31406080 41.49 199.959241  62.941621 18.716
 22    22.111 52995.31409370 10.04 199.968413  62.930496  4.884
 22    19.415 52995.31409434  9.68 199.965813  62.933626  4.884
 22    19.112 52995.31409499  8.70 199.963213  62.936766  4.884
 22    18.864 52995.31409563  7.92 199.960613  62.939906  4.884
 23    18.742 53030.31405892  4.34 199.974168  62.941713  1.963
 23    18.605 53030.31405956  3.67 199.971568  62.944853  1.963
 23    18.578 53030.31406021  3.18 199.968968  62.947993  1.963
 24    20.470 53065.31406509  4.00 199.968591  62.935334  2.129
 24    19.623 53065.31406573  3.69 199.965981  62.938464  2.129
 24    18.982 53065.31406638  3.07 199.963381  62.941604  2.129
 25    21.762 53100.31407068  2.65 199.972322  62.937775  1.972
 25    22.668 53100.31407132  2.06 199.969722  62.940905  1.972
 25    19.750 53100.31407197  1.69 199.967122  62.944045  1.972
 28    19.372 53205.31413325 24.06 199.969071  62.932033 12.949
 28    19.718 53205.31413390 24.68 199.966471  62.935173 12.949
 28    19.831 53205.31413454 27.08 199.963862  62.938307 12.648
 28    19.953 53205.31413519 43.93 199.961262  62.941447 12.648
 29    19.771 53240.31410251 41.02 199.975666  62.940284 10.360
 29    19.896 53240.31410316 37.18 199.973066  62.943424 10.360
 29    19.675 53240.31410380 23.66 199.970466  62.946564 10.360
 29    19.742 53240.31410445 35.24 199.967866  62.949694 10.360
 31    16.931 53310.31411496 49.45 199.964457  62.931135 20.240
 31    16.989 53310.31411561 48.90 199.961857  62.934265 20.240
 31    16.975 53310.31411625 49.14 199.959257  62.937405 20.240
 32    17.861 53345.31408234 13.65 199.969612  62.939200  6.651
 32    17.919 53345.31408298 13.03 199.967012  62.942340  6.651
 32    17.937 53345.31408363  9.54 199.964411  62.945472  4.344
 33    17.873 53380.31403260 12.44 199.962475  62.926850  3.953
 33    18.021 53380.31403325 10.65 199.959875  62.929980  3.953
 33    17.894 53380.31403389 10.64 199.957275  62.933120  3.953
 33    17.918 53380.31403454  9.27 199.954675  62.936260  3.953
 34    19.435 53415.31405971  4.94 199.970946  62.939580  2.055
 34    19.100 53415.31406035  4.37 199.968346  62.942720  2.055
 34    18.641 53415.31406100  4.05 199.965735  62.945851  1.857
 35    17.241 53450.31405152  7.67 199.960970  62.924312  3.504
 35    17.507 53450.31405216  7.76 199.958370  62.927452  3.504
 35    17.312 53450.31405280  8.39 199.955770  62.930582  3.504
 35    17.418 53450.31405345  7.07 199.953170  62.933722  3.504
 37    23.745 53520.31413397 50.25 199.971306  62.935197 36.307
 37    23.796 53520.31413462 53.98 199.968706  62.938337 36.307
 37    23.722 53520.31413526 49.69 199.966109  62.941471 14.660
 37    23.657 53520.31413591 54.30 199.963509  62.944611 14.660
 39    20.416 53590.31410087 36.46 199.976962  62.942003 25.253
 39    20.395 53590.31410152 33.36 199.974362  62.945143 25.253
 39    20.321 53590.31410216 28.02 199.971762  62.948276  6.890
 40    19.652 53625.31407936 27.06 199.958180  62.920886 20.141
 40    19.712 53625.31408001 29.28 199.955580  62.924026 20.141
 40    19.755 53625.31408065 30.39 199.952980  62.927166 20.141
 40    19.842 53625.31408130 33.23 199.950380  62.930296 20.141
 41    22.789 53660.31410690 20.82 199.964974  62.929100 25.830
 41    23.690 53660.31410755  9.42 199.962374  62.932230 25.830
 41    22.534 53660.31410884  8.86 199.957164  62.938510 25.830
 42    18.726 53695.31408129 16.41 199.972360  62.936931  6.921
 42    18.717 53695.31408193 16.83 199.969760  62.940061  6.921
 42    18.688 53695.31408258 16.03 199.967160  62.943201  6.921
 42    18.536 53695.31408322 15.50 199.964562  62.946333  4.152
 43    20.086 53730.31400542  4.42 199.976904  62.944602  2.881
 43    19.741 53730.31400606  5.09 199.974299  62.947737  3.891
 43    19.600 53730.31400671  4.69 199.971699  62.950877  3.891
 45    19.251 53800.31397694  3.64 199.975447  62.942743  2.087
 45    18.994 53800.31397758  3.24 199.972839  62.945877  2.104
 45    19.016 53800.31397823  3.00 199.970239  62.949017  2.104
 47    19.208 53870.31403687 30.56 199.967531  62.929357 24.102
 47    19.003 53870.31403751 28.67 199.964921  62.932497 24.102
 47    19.056 53870.31403816 26.52 199.962321  62.935627 24.102
 47    19.031 53870.31403880 23.58 199.959721  62.938767 24.102
 48    21.127 53905.31407259 49.19 199.967525  62.930084 21.520
 48    21.200 53905.31407323 54.80 199.964925  62.933214 21.520
 48    21.181 53905.31407388 51.27 199.962325  62.936354 21.520
 48    21.208 53905.31407452 52.14 199.959726  62.939487 12.078
 49    21.802 53940.31410448 49.18 199.962709  62.928349 25.525
 49    21.517 53940.31410512 34.05 199.960109  62.931489 25.525
 49    21.767 53940.31410577 37.27 199.957509  62.934629 25.525
 49    21.827 53940.31410641 45.32 199.954909  62.937759 25.525
 50    21.822 53975.31406356 49.90 199.972827  62.937468 30.880
 50    21.839 53975.31406421 55.14 199.970227  62.940608 30.880
 50    21.822 53975.31406485 48.65 199.967627  62.943738 30.880
 50    21.890 53975.31406550 45.15 199.965027  62.946878 30.880
 51    22.274 54010.31405938 17.38 199.963227  62.925559 17.419
 51    22.250 54010.31406002 13.56 199.960627  62.928689 17.419
 51    19.259 54010.31406067 13.69 199.958027  62.931829 17.419
 51    19.331 54010.31406131 13.48 199.955427  62.934959 17.419
 52    17.876 54045.31407759 46.64 199.970663  62.934201 20.736
 52    17.596 54045.31407824 52.99 199.968063  62.937341 20.736
 52    17.808 54045.31407888 47.27 199.965463  62.940471 20.736
 52    17.745 54045.31407952 45.43 199.962863  62.943611 20.736
 53    18.682 54080.31407141 21.71 199.971955  62.937917  8.996
 53    18.609 54080.31407206 20.89 199.969355  62.941047  8.996
 53    18.468 54080.31407270 18.01 199.966755  62.944187  8.996
 54    19.706 54115.31400723  7.32 199.975372  62.944243  3.364
 54    18.820 54115.31400787  7.38 199.972772  62.947383  3.364
 54    18.438 54115.31400852  6.60 199.970172  62.950518  3.293
 56    20.847 54185.31399780  4.91 199.976272  62.941349  1.989
 56    19.540 54185.31399844  4.84 199.973672  62.944489  1.989
 56    19.047 54185.31399909  4.40 199.971072  62.947619  1.989
 57    18.099 54220.31402820 32.52 199.964354  62.930905 21.741
 57    18.038 54220.31402885 29.96 199.961754  62.934045 21.741
 57    18.211 54220.31402949 29.23 199.959154  62.937185 21.741
 58    20.798 54255.31405275 54.78 199.967483  62.935367 19.378
 58    21.036 54255.31405340 53.03 199.964883  62.938507 19.378
 58    21.061 54255.31405404 51.58 199.962283  62.941637 19.378
 59    20.361 54290.31405497 49.59 199.970248  62.936090 22.511
 59    20.277 54290.31405562 55.36 199.967648  62.939230 22.511
 59    20.230 54290.31405626 52.74 199.965048  62.942370 22.511
 60    21.425 54325.31405254  7.66 199.971315  62.936236 12.434
 60    21.434 54325.31405319  6.69 199.968715  62.939376 12.434
 60    21.401 54325.31405383  6.52 199.966115  62.942516 12.434
 61    19.536 54360.31400681 34.86 199.977384  62.942571 15.507
 61    19.374 54360.31400745 26.11 199.974784  62.945711 15.507
 61    19.280 54360.31400809 20.99 199.972184  62.948841 15.507
 62    17.861 54395.31399216 50.19 199.968067  62.933835 22.239
 62    17.780 54395.31399281 44.71 199.965467  62.936975 22.239
 62    17.846 54395.31399345 44.76 199.962867  62.940115 22.239
 62    17.898 54395.31399410 41.00 199.960257  62.943245 22.239
 63    17.648 54430.31395639 25.19 199.974424  62.939794 12.933
 63    17.716 54430.31395703 26.44 199.971824  62.942934 12.933
 63    17.781 54430.31395767 27.67 199.969224  62.946064 12.933
 64    18.981 54465.31397211  6.70 199.965611  62.933117  3.640
 64    18.627 54465.31397276  7.34 199.963011  62.936257  3.640
 64    17.371 54465.31397340  7.27 199.960411  62.939397  3.640
 65    19.406 54500.31396862  5.15 199.970848  62.940565  2.287
 65    18.859 54500.31396926  4.69 199.968248  62.943705  2.287
 65    17.843 54500.31396991  4.90 199.965648  62.946845  2.287
 66    19.808 54535.31398698  7.01 199.970178  62.934830  2.253
 66    19.504 54535.31398763  6.55 199.967578  62.937970  2.253
 66    17.294 54535.31398827  6.05 199.964978  62.941110  2.253
 66    17.627 54535.31398892  5.80 199.962368  62.944240  2.253
 67    17.224 54570.31397154  2.65 199.975903  62.940804  3.084
 67    17.234 54570.31397219  2.87 199.973303  62.943944  3.084
 67    17.426 54570.31397283  0.99 199.970703  62.947074  3.084
 68    24.235 54605.31398112 52.41 199.967722  62.933374 22.718
 68    24.257 54605.31398176 53.20 199.965112  62.936514 22.718
 68    24.302 54605.31398241 48.51 199.962512  62.939644 22.718
 68    24.338 54605.31398305 48.40 199.959912  62.942784 22.718
 69    21.126 54640.31399120 32.10 199.970103  62.935809  8.491
 69    20.907 54640.31399184 25.90 199.967503  62.938949  8.491
 69    21.122 54640.31399249 25.14 199.964903  62.942079  8.491
 70    21.018 54675.31399311 16.31 199.969745  62.933203  9.610
 70    21.075 54675.31399376 14.36 199.967145  62.936333  9.610
 70    21.325 54675.31399440 15.22 199.964545  62.939473  9.610
 70    21.288 54675.31399505 21.64 199.961935  62.942613  9.610
 71    20.661 54710.31395097 10.36 199.975467  62.941672  3.994
 71    20.687 54710.31395162  9.77 199.972857  62.944812  3.994
 71    20.606 54710.31395226  9.93 199.970257  62.947942  3.994
 72    19.612 54745.31396050 55.37 199.966514  62.933841 23.267
 72    19.661 54745.31396114 54.04 199.963904  62.936981 23.267
 72    19.675 54745.31396179 52.58 199.961304  62.940111 23.267
 73    19.776 54780.31393436 20.61 199.971548  62.937613  8.361
 73    19.806 54780.31393500 22.95 199.968938  62.940753  8.361
 73    19.803 54780.31393565 22.91 199.966338  62.943883  8.361
 74    19.557 54815.31395359 11.04 199.965419  62.932883  5.449
 74    19.556 54815.31395423 12.45 199.962809  62.936023  5.449
 74    19.423 54815.31395488 13.04 199.960209  62.939153  5.449
 75    19.683 54850.31393337  3.68 199.971702  62.939307  2.824
 75    19.815 54850.31393401  2.74 199.969102  62.942447  2.824
 75    19.623 54850.31393466  2.57 199.966502  62.945577  2.824
 76    22.417 54885.31395713  4.78 199.967143  62.932208  2.059
 76    23.298 54885.31395777  4.44 199.964543  62.935348  2.059
 76    20.897 54885.31395842  4.45 199.961943  62.938488  2.059
 76    21.215 54885.31395906  3.96 199.959343  62.941618  2.059
 77    22.052 54920.31393554  2.65 199.974065  62.943195  1.799
 77    21.910 54920.31393618  1.98 199.971465  62.946325  1.799
 77    19.957 54920.31393683  1.64 199.968865  62.949465  1.799
 78    19.215 54955.31395256 23.73 199.966335  62.931144 19.342
 78    19.079 54955.31395321 22.92 199.963725  62.934284 19.342
 78    19.065 54955.31395385 19.30 199.961125  62.937414 19.342
 78    18.920 54955.31395450 15.59 199.958525  62.940554 19.342
 79    23.417 54990.31397626 49.16 199.966936  62.932455 20.752
 79    23.391 54990.31397691 47.92 199.964336  62.935595 20.752
 79    23.375 54990.31397755 47.86 199.961736  62.938735 20.752
 79    23.457 54990.31397819 43.06 199.959136  62.941865 20.752
 80    21.175 55025.31396839 35.11 199.971262  62.938329 11.032
 80    21.078 55025.31396904 32.38 199.968662  62.941459 11.032
 80    21.027 55025.31396968 31.48 199.966062  62.944599 11.032
 81    19.937 55060.31396221 12.95 199.969296  62.936477 11.510
 81    19.608 55060.31396285 13.00 199.966686  62.939617 11.510
 81    19.499 55060.31396350 12.88 199.964086  62.942747 11.510
 82    19.891 55095.31391476 45.85 199.974924  62.943685 17.912
 82    19.568 55095.31391541 53.32 199.972324  62.946825 17.912
 82    19.547 55095.31391605 50.07 199.969724  62.949955 17.912
 83    17.586 55130.31390370 39.81 199.966987  62.934281 19.695
 83    17.476 55130.31390435 35.29 199.964387  62.937421 19.695
 83    17.833 55130.31390499 31.40 199.961777  62.940561 19.695
 84    18.520 55165.31387556 15.01 199.972225  62.937657  5.684
 84    18.615 55165.31387620 15.32 199.969625  62.940787  5.684
 84    18.620 55165.31387685 16.23 199.967025  62.943927  5.684
 85    19.028 55200.31389534  6.53 199.966523  62.932468  3.160
 85    19.308 55200.31389598  6.30 199.963913  62.935608  3.160
 85    19.337 55200.31389663  6.01 199.961313  62.938738  3.160
 85    18.895 55200.31389727  6.36 199.958713  62.941878  3.160
 86    18.945 55235.31388159  3.63 199.973181  62.939635  2.613
 86    18.409 55235.31388223  4.14 199.970581  62.942775  2.613
 86    18.255 55235.31388287  3.92 199.967981  62.945905  2.613
 87    20.974 55270.31389037  5.77 199.967611  62.936005  2.187
 87    19.615 55270.31389102  5.65 199.965011  62.939135  2.187
 87    18.595 55270.31389166  5.58 199.962411  62.942275  2.187
 89    20.243 55340.31386152 19.14 199.969990  62.934004  5.425
 89    20.126 55340.31386216 18.43 199.967390  62.937144  5.425
 89    20.255 55340.31386281 18.05 199.964780  62.940284  5.425
 89    20.342 55340.31386345 18.17 199.962180  62.943424  5.425
 90    20.020 55375.31385439 12.33 199.971312  62.937902  4.746
 90    20.051 55375.31385503 12.88 199.968712  62.941032  4.746
 90    20.084 55375.31385568 13.15 199.966112  62.944172  4.746
 91    21.189 55410.31387622 24.00 199.966816  62.934967 14.326
 91    21.159 55410.31387686 28.19 199.964216  62.938107 14.326
 91    21.418 55410.31387751 44.98 199.961616  62.941237 14.326
 92    20.830 55445.31387075 18.46 199.969813  62.937613  4.780
 92    20.825 55445.31387139 17.45 199.967213  62.940753  4.780
 92    20.864 55445.31387204 16.93 199.964603  62.943883  4.780
 93    18.353 55480.31380662 48.33 199.976815  62.946377 21.381
 93    18.276 55480.31380727 54.39 199.974205  62.949517 21.381
 93    18.232 55480.31380791 49.65 199.971605  62.952657 21.381
