# NaN NaN NaN ;Mean Elev.(m), Avg Gradient(m/km), RMS Gradient(m/km) - SRTM1     
#   61.484 -23.157  77.789 ;Mean Elev.(m), Avg Gradient(m/km), RMS Gradient(m/km) - ASTER GDEM
#   53.181 -30.649  70.287 ;Mean Elev.(m), Avg Gradient(m/km), RMS Gradient(m/km) - GMTED2010 
  7 206.860731  65.164386    57.320    57.383  4 52444.89447867 40.382
  8 206.862931  65.164217    56.447    56.480  3 52479.89447134 17.987
  9 206.868155  65.168477    57.068    56.992  3 52514.89441832 15.795
 12 206.840460  65.149402    55.923    56.232 12 52619.89442933 28.697
 14 206.844104  65.152622    59.248    59.027 12 52689.89441049  9.677
 15 206.876577  65.169123    57.161    57.232  3 52724.89445052  7.478
 16 206.823435  65.139589    56.836    57.509 17 52759.89447602 28.910
 23 206.860915  65.164034    54.404    54.567  5 53004.89454456 22.741
 25 206.863118  65.165281    57.044    57.050  5 53074.89452534 13.629
 28 206.879546  65.171266    56.939    56.937  3 53179.89454827 16.929
 33 206.867728  65.167258    54.748    54.436  4 53354.89449179 23.322
 35 206.875758  65.169395    54.158    54.098  3 53424.89449517 18.295
 38 206.880236  65.171412    63.802    56.963  3 53529.89455953 27.333
 39 206.852601  65.159381    56.716    56.612  7 53564.89459320 35.859
 40 206.866515  65.167574    57.735    57.835  4 53599.89453352 44.015
 43 206.872500  65.168200    55.787    55.977  3 53704.89448805 19.307
 44 206.833435  65.143754    57.884    58.268 16 53739.89440425 21.107
 46 206.853650  65.159842    58.722    58.767  6 53809.89440353 14.957
 47 206.881607  65.170117    55.766    55.766  2 53844.89444366 12.747
 50 206.842981  65.149825    54.976    54.976  2 53949.89454307 27.802
 51 206.855646  65.161192    59.251    59.140  6 53984.89447853 41.919
 54 206.863193  65.164766    56.355    56.325  4 54089.89449374 19.908
 61 206.867915  65.167728    58.345    58.040  4 54334.89448368 44.369
 65 206.880398  65.170353    55.062    55.062  2 54474.89441387 14.543
 67 206.872717  65.168877    55.924    55.764  4 54544.89442869 10.474
 68 206.879358  65.169213    57.770    57.770  2 54579.89439580 19.128
 69 206.877641  65.171590    57.360    57.360  2 54614.89441759 19.168
 75 206.880229  65.169464    55.547    55.547  2 54824.89439405 15.672
 77 206.866617  65.166532    57.930    57.974  4 54894.89439654 10.463
 80 206.870029  65.167529    57.713    57.418  4 54999.89441654 41.851
 84 206.872875  65.168407    55.536    55.596  4 55139.89433987 37.010
 86 206.878656  65.170926    54.785    54.497  3 55209.89433457 16.866
 89 206.876489  65.169724    58.162    58.523  3 55314.89429355 23.171
 90 206.868133  65.166682    60.406    60.504  4 55349.89430055 14.997
 93 206.860513  65.163642    54.975    54.957  5 55454.89429740 35.406
 94 206.827225  65.136989    52.358    52.334  9 55489.89422225 48.275
