# NaN NaN NaN ;Mean Elev.(m), Avg Gradient(m/km), RMS Gradient(m/km) - SRTM1     
#   52.832  -2.167  25.615 ;Mean Elev.(m), Avg Gradient(m/km), RMS Gradient(m/km) - ASTER GDEM
#   49.588  -2.921  23.188 ;Mean Elev.(m), Avg Gradient(m/km), RMS Gradient(m/km) - GMTED2010 
  7 204.128379  64.737333    43.652    43.581  5 52458.29841790 21.360
  8 204.135732  64.738970    43.590    43.564  5 52493.29839702 24.738
 10 204.124153  64.737465    42.069    42.051  5 52563.29841539 44.453
 12 204.117931  64.736214    41.557    41.554  5 52633.29838435 19.988
 13 204.125330  64.737654    42.381    41.980  5 52668.29839988 15.377
 14 204.123670  64.736229    44.230    44.075  5 52703.29837792  6.071
 16 204.142128  64.739080    44.185    44.213  4 52773.29837453 42.367
 17 204.114294  64.736392    44.341    44.323  4 52808.29844024 38.373
 18 204.117753  64.736649    44.059    44.064  4 52843.29849782 23.634
 19 204.122501  64.736277    43.442    43.449  4 52878.29853584 48.039
 20 204.142106  64.739008    41.968    41.987  4 52913.29849389 29.515
 21 204.116982  64.736066    40.805    40.811  4 52948.29845198 43.315
 23 204.134365  64.738213    41.888    41.919  5 53018.29847764 12.430
 24 204.121512  64.736719    41.664    41.382  5 53053.29845983  8.277
 25 204.128589  64.737458    41.721    41.648  4 53088.29849678  6.875
 26 204.120186  64.735862    41.594    41.595  4 53123.29846699 37.200
 27 204.117322  64.736143    45.754    45.747  4 53158.29852487 49.302
 28 204.132269  64.737221    43.849    43.700  5 53193.29851861 27.682
 30 204.136151  64.739746    41.807    41.641  4 53263.29848755 51.919
 31 204.113255  64.735283    40.858    40.777  5 53298.29852778 46.313
 33 204.141588  64.739164    41.554    41.636  5 53368.29844188  9.352
 34 204.123299  64.736323    42.575    42.354  4 53403.29847181  5.949
 35 204.137237  64.738729    43.526    43.440  4 53438.29846037  3.975
 36 204.117744  64.736305    46.132    46.249  4 53473.29851721  3.776
 37 204.126430  64.736132    46.617    46.362  5 53508.29854173 39.098
 38 204.125136  64.737444    44.746    44.755  4 53543.29855267 51.895
 39 204.132955  64.737737    43.358    43.405  5 53578.29853562 35.050
 40 204.135619  64.739202    43.186    43.106  5 53613.29848893 24.358
 41 204.122278  64.736022    43.189    43.182  5 53648.29849430 51.685
 42 204.124939  64.737439    41.749    41.741  4 53683.29850931 24.061
 43 204.138680  64.739994    42.843    42.841  4 53718.29843647 27.138
 44 204.123151  64.737050    42.705    42.657  4 53753.29835749 11.233
 45 204.133998  64.738402    43.087    43.037  4 53788.29838749  7.818
 46 204.113966  64.736384    42.620    42.311  5 53823.29834272  4.976
 47 204.118697  64.736647    43.348    43.497  5 53858.29843505 30.454
 48 204.127770  64.736679    44.506    44.508  4 53893.29844984 52.363
 49 204.118104  64.735428    44.372    44.324  5 53928.29850778 45.865
 50 204.128380  64.736381    43.366    43.425  5 53963.29848952 45.074
 51 204.111102  64.735671    42.971    42.893  4 53998.29843873 50.409
 52 204.124886  64.736175    41.785    41.736  5 54033.29848688 49.640
 54 204.137895  64.738895    42.386    42.479  5 54103.29843917 15.966
 55 204.120633  64.736547    41.813    41.824  5 54138.29841052 10.967
 56 204.133293  64.738751    42.278    42.319  5 54173.29841728  8.531
 57 204.118877  64.736661    42.001    42.036  4 54208.29841641 30.317
 58 204.127474  64.736882    42.512    42.518  4 54243.29844811 42.050
 59 204.126361  64.737715    43.851    43.792  5 54278.29846128 32.701
 60 204.129751  64.738136    43.685    43.704  5 54313.29846142 17.748
 61 204.137861  64.738211    43.454    43.428  4 54348.29843230 51.153
 62 204.123394  64.736042    42.002    42.006  5 54383.29839882 42.924
 63 204.133672  64.738072    42.394    42.441  5 54418.29838173 29.600
 64 204.116971  64.736305    42.334    42.430  4 54453.29836928 21.497
 65 204.130608  64.738112    42.597    42.593  4 54488.29838015 10.975
 66 204.124524  64.736461    42.752    42.523  5 54523.29838218  7.783
 67 204.133556  64.738865    42.660    42.628  4 54558.29839003 11.827
 68 204.125503  64.737490    42.524    42.675  5 54593.29837858 33.857
 69 204.128519  64.737549    43.921    43.914  4 54628.29839332 50.458
 70 204.125136  64.736273    44.377    44.217  5 54663.29840049 46.875
 71 204.136464  64.739450    44.133    44.122  4 54698.29837439 32.936
 72 204.119516  64.736758    42.879    42.877  5 54733.29835807 50.108
 73 204.130400  64.737351    41.237    41.264  5 54768.29835357 39.748
 74 204.118472  64.736660    41.898    41.940  4 54803.29835191 22.193
 75 204.128482  64.737143    41.308    41.263  4 54838.29834710 12.733
 76 204.121688  64.736260    43.257    43.425  4 54873.29835112  7.122
 77 204.134932  64.738913    45.081    45.017  4 54908.29835411  4.911
 78 204.120219  64.735998    46.451    46.737  4 54943.29834413  1.824
 79 204.126760  64.737237    45.527    45.912  5 54978.29837146 20.718
 80 204.128551  64.737539    44.638    44.663  4 55013.29837743 53.051
 81 204.127584  64.737235    42.799    42.757  5 55048.29837036 46.829
 82 204.137966  64.739836    43.314    43.333  4 55083.29834046 52.693
 83 204.122238  64.736394    41.869    41.921  5 55118.29830193 50.362
 84 204.130717  64.737248    41.487    41.782  5 55153.29829866 24.261
 85 204.120160  64.735464    42.333    42.312  5 55188.29829023 13.358
 86 204.129865  64.737662    42.110    42.071  4 55223.29829785 10.040
 87 204.125259  64.737443    42.226    42.205  4 55258.29828627  9.554
 88 204.136416  64.738057    42.472    42.544  4 55293.29828526  7.720
 89 204.124228  64.737774    51.064    51.091  5 55328.29826979 42.222
 90 204.132344  64.738144    43.163    43.167  4 55363.29826474 51.484
 91 204.120124  64.736514    44.015    43.990  5 55398.29827379 51.404
 92 204.130293  64.737366    43.875    43.898  4 55433.29828054 36.138
 93 204.141080  64.739603    42.276    42.326  5 55468.29823772 25.653
