# NaN NaN NaN ;Mean Elev.(m), Avg Gradient(m/km), RMS Gradient(m/km) - SRTM1     
#   -7.079  -5.577   7.708 ;Mean Elev.(m), Avg Gradient(m/km), RMS Gradient(m/km) - ASTER GDEM
#   24.674   0.015   8.008 ;Mean Elev.(m), Avg Gradient(m/km), RMS Gradient(m/km) - GMTED2010 
  7 199.965153  62.937793    20.756    20.771  4 52470.31402809 46.949
  8 199.966705  62.939911    19.911    19.866  3 52505.31401129  9.438
  9 199.961433  62.931519    20.754    20.799  4 52540.31399253 39.996
 11 199.968171  62.940033    18.697    18.719  3 52610.31400049 20.048
 12 199.961419  62.936301    18.948    18.965  4 52645.31398959 14.078
 15 199.964558  62.936786    18.037    18.031  4 52750.31404032 13.003
 16 199.957711  62.927154    27.530    27.299  4 52785.31398168 19.624
 17 199.957802  62.931412    21.263    20.838  4 52820.31405739 12.502
 18 199.964073  62.934893    21.445    21.403  4 52855.31410598 43.375
 20 199.969907  62.944989    19.025    19.053  3 52925.31409377 12.432
 21 199.963149  62.936918    17.999    17.985  4 52960.31405983 39.312
 22 199.964513  62.935198    19.876    19.264  4 52995.31409467  9.163
 23 199.971568  62.944853    18.642    18.605  3 53030.31405956  3.756
 24 199.965984  62.938467    19.691    19.623  3 53065.31406573  3.604
 25 199.969722  62.940908    21.393    21.762  3 53100.31407132  2.151
 28 199.965167  62.936740    19.718    19.774  4 53205.31413422 38.092
 29 199.971766  62.944991    19.771    19.757  4 53240.31410348 37.293
 31 199.961857  62.934268    16.965    16.975  3 53310.31411561 49.169
 32 199.967012  62.942337    17.906    17.919  3 53345.31408298 12.410
 33 199.958575  62.931552    17.926    17.906  4 53380.31403357 10.899
 34 199.968342  62.942717    19.059    19.100  3 53415.31406035  4.469
 35 199.957070  62.929017    17.369    17.365  4 53450.31405248  7.748
 37 199.967407  62.939904    23.730    23.734  4 53520.31413494 52.542
 39 199.974362  62.945141    20.377    20.395  3 53590.31410152 33.819
 40 199.954280  62.925593    19.740    19.733  4 53625.31408033 30.562
 41 199.961504  62.933280    23.004    22.789  3 53660.31410776 16.603
 42 199.968461  62.941631    18.667    18.703  4 53695.31408226 16.220
 43 199.974301  62.947739    19.809    19.741  3 53730.31400606  4.742
 45 199.972842  62.945879    19.087    19.016  3 53800.31397758  3.301
 47 199.963623  62.934062    19.074    19.043  4 53870.31403784 28.046
 48 199.963625  62.934785    21.179    21.190  4 53905.31407356 52.321
 49 199.958809  62.933056    21.728    21.784  4 53940.31410545 44.938
 50 199.968927  62.942173    21.843    21.830  4 53975.31406453 51.225
 51 199.959327  62.930259    20.779    20.791  4 54010.31406034 14.881
 52 199.966763  62.938906    17.756    17.776  4 54045.31407856 49.210
 53 199.969355  62.941050    18.586    18.609  3 54080.31407206 20.469
 54 199.972772  62.947381    18.988    18.820  3 54115.31400787  7.114
 56 199.973672  62.944486    19.811    19.540  3 54185.31399844  4.722
 57 199.961754  62.934045    18.116    18.099  3 54220.31402885 30.810
 58 199.964883  62.938504    20.965    21.036  3 54255.31405340 53.327
 59 199.967648  62.939230    20.290    20.277  3 54290.31405562 53.170
 60 199.968715  62.939376    21.420    21.425  3 54325.31405319  6.986
 61 199.974784  62.945708    19.397    19.374  3 54360.31400745 30.787
 62 199.964164  62.938542    17.846    17.854  4 54395.31399313 46.448
 63 199.971824  62.942931    17.715    17.716  3 54430.31395703 26.550
 64 199.963011  62.936257    18.326    18.627  3 54465.31397276  7.113
 65 199.968248  62.943705    18.703    18.859  3 54500.31396926  4.917
 66 199.966275  62.939538    18.558    18.566  4 54535.31398795  6.378
 67 199.973303  62.943941    17.295    17.234  3 54570.31397219  2.247
 68 199.963814  62.938079    24.283    24.280  4 54605.31398209 51.167
 69 199.967503  62.938946    21.052    21.122  3 54640.31399184 28.916
 70 199.965843  62.937905    21.177    21.182  4 54675.31399408 17.945
 71 199.972860  62.944809    20.651    20.661  3 54710.31395162 10.027
 72 199.963907  62.936978    19.649    19.661  3 54745.31396114 54.144
 73 199.968941  62.940750    19.795    19.803  3 54780.31393500 22.285
 74 199.962812  62.936020    19.512    19.556  3 54815.31395423 12.255
 75 199.969102  62.942444    19.707    19.683  3 54850.31393401  3.025
 76 199.963243  62.936915    21.957    21.816  4 54885.31395809  4.417
 77 199.971465  62.946328    21.306    21.910  3 54920.31393618  2.110
 78 199.962427  62.935849    19.070    19.072  4 54955.31395353 21.409
 79 199.963036  62.937162    23.410    23.404  4 54990.31397723 47.514
 80 199.968662  62.941462    21.093    21.078  3 55025.31396904 33.276
 81 199.966689  62.939614    19.682    19.608  3 55060.31396285 12.944
 82 199.972324  62.946822    19.669    19.568  3 55095.31391541 50.729
 83 199.964384  62.937421    17.632    17.586  3 55130.31390435 36.792
 84 199.969625  62.940790    18.585    18.615  3 55165.31387620 15.551
 85 199.962615  62.937173    19.142    19.168  4 55200.31389631  6.304
 86 199.970581  62.942772    18.536    18.409  3 55235.31388223  3.902
 87 199.965011  62.939138    19.728    19.615  3 55270.31389102  5.667
 89 199.966085  62.938714    20.242    20.249  4 55340.31386248 18.469
 90 199.968712  62.941035    20.052    20.051  3 55375.31385503 12.800
 91 199.964216  62.938104    21.255    21.189  3 55410.31387686 40.333
 92 199.967210  62.940750    20.840    20.830  3 55445.31387139 17.660
 93 199.974208  62.949517    18.287    18.276  3 55480.31380727 51.615
