# NaN NaN NaN ;Mean Elev.(m), Avg Gradient(m/km), RMS Gradient(m/km) - SRTM1     
#   66.441 -22.400 129.459 ;Mean Elev.(m), Avg Gradient(m/km), RMS Gradient(m/km) - ASTER GDEM
#   48.006 -22.823 130.507 ;Mean Elev.(m), Avg Gradient(m/km), RMS Gradient(m/km) - GMTED2010 
  8    52.840 52498.89646901 19.80 206.027613  65.042759 18.028
  8    52.930 52498.89646966 17.36 206.024623  65.039649 18.028
  8    52.621 52498.89647030 25.84 206.021643  65.036549 18.028
 10    51.931 52568.89648435 40.40 206.039203  65.041672 21.450
 10    51.410 52568.89648499 37.61 206.036213  65.038572 21.450
 10    51.796 52568.89648564 38.84 206.033233  65.035462 21.450
 11    51.429 52603.89647286 19.83 206.022276  65.041979 18.506
 11    51.297 52603.89647350 20.62 206.019296  65.038869 18.506
 12    50.989 52638.89645044 19.06 206.041362  65.041947 11.733
 12    51.705 52638.89645108 17.41 206.038382  65.038837 11.733
 12    51.873 52638.89645173 17.81 206.035391  65.035734  7.207
 13    50.191 52673.89644854 10.86 206.025651  65.040835  8.196
 13    50.489 52673.89644918 10.77 206.022671  65.037735  8.196
 14    55.589 52708.89646002  3.03 206.040978  65.042516  8.418
 14    56.811 52708.89646066  2.91 206.037988  65.039416  8.418
 14    56.926 52708.89646131  2.60 206.035008  65.036306  8.418
 18    53.517 52848.89656241 45.69 206.043508  65.042779 17.373
 18    53.219 52848.89656305 39.96 206.040518  65.039679 17.373
 18    53.504 52848.89656370 41.32 206.037528  65.036569 17.373
 18    53.982 52848.89656434 43.98 206.034547  65.033464 22.265
 19    52.465 52883.89659878 23.86 206.028723  65.041766 15.622
 19    52.748 52883.89659943 25.66 206.025733  65.038656 15.622
 20    52.916 52918.89655539 18.40 206.025146  65.041859  8.059
 20    52.012 52918.89655603 19.55 206.022166  65.038749  8.059
 21    53.424 52953.89651733 33.09 206.051944  65.042918 21.273
 21    49.705 52953.89651797 29.62 206.048954  65.039818 21.273
 21    49.636 52953.89651862 28.60 206.045974  65.036708 21.273
 21    49.642 52953.89651926 27.42 206.042986  65.033605 13.472
 22    50.809 52988.89652492 14.62 206.044997  65.042595 16.685
 22    50.714 52988.89652556 15.53 206.042017  65.039485 16.685
 22    50.804 52988.89652621 16.54 206.039027  65.036385 16.685
 22    50.788 52988.89652685 15.64 206.036047  65.033275 16.685
 23    50.482 53023.89651225  7.99 206.032492  65.042047  7.877
 23    50.966 53023.89651289  7.27 206.029512  65.038937  7.877
 23    50.829 53023.89651354  8.01 206.026532  65.035827  7.877
 24    50.429 53058.89650771  7.22 206.046215  65.042845  5.470
 24    50.424 53058.89650836  7.09 206.043235  65.039735  5.470
 24    49.506 53058.89650900  6.66 206.040245  65.036635  5.470
 24    51.243 53058.89650965  6.44 206.037265  65.033525  5.470
 25    50.620 53093.89654645  4.25 206.015708  65.043002  5.459
 25    50.886 53093.89654709  4.09 206.012718  65.039902  5.459
 25    50.705 53093.89654774  4.82 206.009738  65.036792  5.459
 26    52.300 53128.89651656 31.19 206.049411  65.044952 21.704
 26    52.917 53128.89651721 29.66 206.046421  65.041852 21.704
 26    52.739 53128.89651785 31.64 206.043431  65.038742 21.704
 26    52.530 53128.89651850 32.53 206.040451  65.035642 21.704
 28    53.237 53198.89658580 45.13 206.034123  65.041215 21.883
 28    52.989 53198.89658644 43.89 206.031143  65.038105 21.883
 28    53.172 53198.89658709 45.09 206.028160  65.034997 33.599
 29    53.430 53233.89655659 46.05 206.037177  65.042792 16.231
 29    55.630 53233.89655723 41.21 206.034197  65.039682 16.231
 29    53.232 53233.89655788 39.95 206.031207  65.036572 16.231
 30    51.618 53268.89652411 40.17 206.017012  65.044645 13.627
 30    51.536 53268.89652475 39.57 206.014032  65.041545 13.627
 30    52.014 53268.89652540 41.40 206.011042  65.038435 13.627
 31    50.345 53303.89658384 45.25 206.033789  65.042336 22.532
 31    50.652 53303.89658448 38.51 206.030799  65.039236 22.532
 31    50.082 53303.89658513 33.32 206.027809  65.036126 22.532
 32    50.744 53338.89655293 10.69 206.028602  65.043318  7.680
 32    51.214 53338.89655358 11.47 206.025612  65.040218  7.680
 32    50.520 53338.89655422 12.45 206.022632  65.037108  7.680
 33    51.393 53373.89648584  6.10 206.020877  65.042450  7.866
 33    51.736 53373.89648648  6.02 206.017897  65.039340  7.866
 34    51.735 53408.89652645  4.92 206.040030  65.041839  5.176
 34    51.642 53408.89652710  5.18 206.037050  65.038739  5.176
 34    52.970 53408.89652774  4.51 206.034060  65.035629  5.176
 35    51.137 53443.89651044 10.55 206.019781  65.044697  5.391
 35    51.832 53443.89651108 11.10 206.016801  65.041587  5.391
 35    52.098 53443.89651173 10.97 206.013811  65.038487  5.391
 36    53.827 53478.89658694  1.49 206.034653  65.042967  4.579
 36    54.871 53478.89658759  1.66 206.031663  65.039857  4.579
 36    53.940 53478.89658823  2.25 206.028679  65.036752  3.411
 37    55.016 53513.89659548 21.55 206.033539  65.042990 17.509
 37    54.276 53513.89659612 22.16 206.030559  65.039890 17.509
 37    54.675 53513.89659677 21.08 206.027569  65.036780 17.509
 38    53.728 53548.89661463 48.03 206.023021  65.041645 25.012
 38    53.916 53548.89661527 49.03 206.020041  65.038535 25.012
 39    52.911 53583.89657887 45.87 206.029481  65.042995 19.996
 39    53.338 53583.89657952 44.94 206.026491  65.039885 19.996
 39    52.630 53583.89658016 36.29 206.023511  65.036775 19.996
 40    56.765 53618.89653553 44.63 206.015062  65.043764 20.118
 40    52.238 53618.89653618 43.49 206.012082  65.040654 20.118
 40    52.026 53618.89653682 45.09 206.009092  65.037554 20.118
 41    52.522 53653.89655902 14.16 206.038135  65.041893 10.850
 41    52.899 53653.89655967 13.04 206.035145  65.038783 10.850
 41    53.157 53653.89656031 13.86 206.032158  65.035677 19.655
 42    49.241 53688.89655656 25.38 206.028498  65.042903 15.067
 42    48.978 53688.89655721 26.19 206.025508  65.039803 15.067
 42    48.863 53688.89655785 25.75 206.022528  65.036693 15.067
 43    51.484 53723.89648139 12.48 206.021360  65.043361  7.823
 43    51.238 53723.89648203 12.76 206.018380  65.040251  7.823
 43    51.677 53723.89648267 12.96 206.015390  65.037151  7.823
 44    49.617 53758.89642028 13.04 206.052813  65.043465  6.650
 44    49.646 53758.89642092 12.86 206.049823  65.040365  6.650
 44    49.322 53758.89642157 13.80 206.046843  65.037255  6.650
 44    49.492 53758.89642221 14.37 206.043858  65.034152  4.179
 45    49.938 53793.89644199 10.61 206.029745  65.040749  6.192
 45    49.907 53793.89644264 11.03 206.026765  65.037639  6.192
 46    50.585 53828.89641337  6.14 206.054096  65.044988  6.623
 46    50.146 53828.89641401  7.86 206.051106  65.041888  6.623
 46    51.167 53828.89641466  6.68 206.048116  65.038778  6.623
 46    50.427 53828.89641530  6.07 206.045135  65.035675  2.622
 46    50.462 53828.89641595  7.34 206.042145  65.032575  2.622
 47    51.431 53863.89649596 24.18 206.037125  65.042060 20.821
 47    50.823 53863.89649661 26.90 206.034135  65.038960 20.821
 47    51.890 53863.89649725 25.06 206.031155  65.035850 20.821
 48    56.579 53898.89652048 40.57 206.035527  65.041865 17.683
 48    56.384 53898.89652113 38.70 206.032547  65.038755 17.683
 48    53.756 53898.89652177 48.28 206.029557  65.035646 32.996
 49    53.122 53933.89656561 15.86 206.022603  65.042650 13.587
 49    53.782 53933.89656625 16.10 206.019613  65.039550 13.587
 50    53.333 53968.89653730 14.59 206.021195  65.041404 13.492
 50    52.834 53968.89653795 17.51 206.018215  65.038304 13.492
 51    52.042 54003.89650738 22.68 206.053363  65.043820 11.199
 51    51.442 54003.89650802 23.09 206.050383  65.040710 11.199
 51    51.772 54003.89650867 21.96 206.047393  65.037610 11.199
 51    51.567 54003.89650931 21.59 206.044403  65.034500 11.199
 52    51.511 54038.89654176 40.85 206.042897  65.043237 22.803
 52    51.263 54038.89654241 41.21 206.039907  65.040127 22.803
 52    50.782 54038.89654305 39.62 206.036927  65.037027 22.803
 52    51.246 54038.89654370 41.05 206.033937  65.033917 22.803
 53    50.308 54073.89653663 21.51 206.032434  65.043385 19.809
 53    50.896 54073.89653728 22.11 206.029444  65.040285 19.809
 53    50.536 54073.89653792 24.11 206.026464  65.037175 19.809
 54    49.550 54108.89648346 12.67 206.015224  65.042624  9.467
 54    49.499 54108.89648410 14.05 206.012244  65.039514  9.467
 54    49.414 54108.89648475 13.52 206.009254  65.036414  9.467
 55    49.224 54143.89647348  9.66 206.040159  65.042190  7.528
 55    49.329 54143.89647413 10.45 206.037169  65.039090  7.528
 55    49.636 54143.89647477 10.39 206.034189  65.035980  7.528
 56    50.473 54178.89646753  6.03 206.021151  65.042451  6.343
 56    50.083 54178.89646817  7.31 206.018161  65.039341  6.343
 57    51.112 54213.89648122 25.84 206.037548  65.042186 16.356
 57    51.333 54213.89648187 26.32 206.034558  65.039076 16.356
 58    52.242 54248.89650919 14.02 206.035408  65.042289  7.387
 58    52.533 54248.89650983 11.44 206.032428  65.039179  7.387
 58    52.953 54248.89651048 13.99 206.029435  65.036070 20.827
 59    56.519 54283.89651776 44.74 206.031569  65.041224 17.859
 59    52.994 54283.89651840 43.50 206.028579  65.038114 17.859
 60    52.891 54318.89651491 13.28 206.033775  65.043664  9.298
 60    53.577 54318.89651556 12.54 206.030785  65.040564  9.298
 60    53.635 54318.89651620 12.29 206.027805  65.037454  9.298
 61    52.159 54353.89647941 46.61 206.023110  65.042140 13.646
 61    52.062 54353.89648005 45.62 206.020120  65.039030 13.646
 62    50.810 54388.89645523 45.10 206.035596  65.042324 18.041
 62    51.217 54388.89645588 37.47 206.032616  65.039214 18.041
 62    51.312 54388.89645652 37.00 206.029629  65.036106 23.360
 63    50.956 54423.89642930 15.62 206.026379  65.041938 10.696
 63    50.956 54423.89642995 15.23 206.023399  65.038828 10.696
 64    49.784 54458.89643010 12.12 206.043264  65.041855  8.605
 64    49.789 54458.89643074 17.92 206.040284  65.038745  8.605
 64    50.059 54458.89643139 13.67 206.037297  65.035641  3.209
 65    50.985 54493.89643359  8.03 206.026958  65.041422  7.186
 65    51.097 54493.89643423  7.79 206.023978  65.038312  7.186
 66    50.843 54528.89644246  4.84 206.042911  65.044402  6.828
 66    50.713 54528.89644310  5.69 206.039922  65.041299  2.976
 66    50.611 54528.89644375  6.26 206.036942  65.038199  2.976
 66    51.493 54528.89644439  6.55 206.033952  65.035089  2.976
 67    50.583 54563.89644031  7.87 206.023127  65.043839 10.561
 67    51.113 54563.89644095  7.69 206.020145  65.040736  6.163
 67    51.270 54563.89644160  6.44 206.017165  65.037626  6.163
 68    55.892 54598.89643848 28.83 206.034327  65.042362 13.417
 68    55.776 54598.89643912 30.78 206.031337  65.039254 35.873
 68    55.630 54598.89643977 32.11 206.028357  65.036154 35.873
 69    53.162 54633.89645127 11.17 206.033181  65.043315  9.663
 69    52.725 54633.89645192 12.74 206.030191  65.040209 24.182
 69    52.881 54633.89645256 15.59 206.027211  65.037109 24.182
 70    53.386 54668.89645678 13.48 206.028447  65.040900 21.716
 70    54.015 54668.89645743 16.29 206.025467  65.037800 21.716
 71    54.399 54703.89642111 44.09 206.024571  65.041347 13.343
 71    53.709 54703.89642175 45.12 206.021583  65.038244 29.571
 73    51.009 54773.89640229 30.02 206.027655  65.041751 11.460
 73    51.075 54773.89640294 28.56 206.024665  65.038651 11.460
 74    50.175 54808.89641140 17.62 206.044296  65.043967 12.605
 74    50.339 54808.89641204 16.21 206.041306  65.040864  4.747
 74    50.547 54808.89641269 15.34 206.038316  65.037764  4.747
 74    50.469 54808.89641333 14.70 206.035336  65.034654  4.747
 75    50.573 54843.89639967  8.84 206.029507  65.043438  6.466
 75    50.613 54843.89640032  8.26 206.026521  65.040339  2.968
 75    50.848 54843.89640096  7.68 206.023531  65.037229  2.968
 76    52.468 54878.89641496  4.76 206.036160  65.043090  2.805
 76    52.296 54878.89641561  4.95 206.033170  65.039990  2.805
 76    52.416 54878.89641625  5.40 206.030180  65.036880  2.805
 77    52.710 54913.89640453  1.37 206.019948  65.041467  2.400
 77    52.609 54913.89640518  2.43 206.016968  65.038357  2.400
 78    51.317 54948.89640733 21.95 206.034643  65.041646 23.623
 78    51.517 54948.89640797 21.45 206.031663  65.038546 23.623
 78    50.385 54948.89640862 17.08 206.028673  65.035436 23.623
 79    55.921 54983.89643224 45.09 206.033839  65.043701 12.627
 79    54.912 54983.89643289 45.90 206.030854  65.040595 36.628
 79    54.489 54983.89643353 45.05 206.027864  65.037495 36.628
 80    53.723 55018.89642918 44.71 206.033973  65.043348 21.083
 80    53.921 55018.89642982 46.43 206.030986  65.040241 32.725
 80    53.966 55018.89643047 44.21 206.028006  65.037141 32.725
 82    52.199 55088.89638672 46.50 206.021479  65.042472 13.509
 82    52.482 55088.89638736 44.04 206.018494  65.039370 20.202
 83    50.963 55123.89636207 46.30 206.038513  65.041999 27.410
 83    52.007 55123.89636271 40.24 206.035533  65.038899 27.410
 83    51.373 55123.89636336 44.11 206.032543  65.035789 27.410
 84    49.454 55158.89634755 17.52 206.025817  65.042829 12.797
 84    49.354 55158.89634820 18.38 206.022829  65.039729  4.282
 85    50.021 55193.89635171 12.75 206.042696  65.042462  9.152
 85    49.956 55193.89635235 13.20 206.039713  65.039359  4.650
 85    50.072 55193.89635299 14.07 206.036723  65.036259  4.650
 86    50.375 55228.89634973  9.72 206.023000  65.042199  3.578
 86    50.459 55228.89635038 11.42 206.020010  65.039099  3.578
 87    50.155 55263.89634733  8.71 206.035720  65.042482  2.684
 87    50.007 55263.89634797  9.01 206.032740  65.039382  2.684
 87    50.145 55263.89634862  9.17 206.029750  65.036272  2.684
 88    51.766 55298.89633275  9.96 206.023391  65.042053  7.225
 88    50.022 55298.89633339 10.00 206.020402  65.038949  3.662
 89    51.960 55333.89632526 45.90 206.029413  65.042407 15.583
 89    51.201 55333.89632591 47.29 206.026423  65.039298 28.291
 89    52.954 55333.89632655 35.80 206.023443  65.036198 28.291
 90    54.166 55368.89631708 34.30 206.029216  65.040774 16.920
 90    53.835 55368.89631773 24.04 206.026236  65.037674 16.920
 91    53.667 55403.89633286 36.63 206.040354  65.041977 20.001
 91    53.428 55403.89633351 35.08 206.037361  65.038872 24.984
 91    53.422 55403.89633415 38.93 206.034371  65.035772 24.984
 92    53.259 55438.89633493 20.28 206.029441  65.041959 15.445
 92    52.770 55438.89633558 17.27 206.026460  65.038858 22.511
 93    52.314 55473.89628252 42.54 206.020569  65.041102 11.776
 93    50.481 55473.89628317 46.39 206.017583  65.037999 21.069
