# NaN NaN NaN ;Mean Elev.(m), Avg Gradient(m/km), RMS Gradient(m/km) - SRTM1     
#   10.105   0.205   1.657 ;Mean Elev.(m), Avg Gradient(m/km), RMS Gradient(m/km) - ASTER GDEM
#    0.214   0.345   1.504 ;Mean Elev.(m), Avg Gradient(m/km), RMS Gradient(m/km) - GMTED2010 
 10 195.978305  62.595350     2.387     2.350  5 52567.91894036 19.978
 11 195.966239  62.603905     0.925     0.942  6 52602.91893678 30.321
 12 195.976148  62.594212     1.466     1.152  5 52637.91891068 22.098
 13 195.970173  62.601867     1.001     1.020  5 52672.91891015 20.195
 14 195.976491  62.594305     1.002     1.002  5 52707.91891766 25.077
 15 195.967105  62.602880     1.663     1.669  5 52742.91894715 49.593
 17 195.977212  62.594201     2.888     2.874  5 52812.91896862 24.013
 18 195.977918  62.594153     1.782     1.696  6 52847.91902261 23.922
 19 195.971226  62.600991     2.464     2.176  5 52882.91905782 21.419
 20 195.968270  62.600866     0.105    -0.194  5 52917.91901472 31.214
 21 195.984305  62.591497     1.890     1.903  6 52952.91897806 26.803
 22 195.977904  62.592701     1.167     1.164  5 52987.91898969 22.617
 23 195.971845  62.598182     0.946     0.886  5 53022.91897677 16.374
 24 195.979964  62.593047     1.647     1.720  5 53057.91897101 15.077
 25 195.963535  62.608852     1.949     1.976  6 53092.91900651 13.288
 26 195.979412  62.591952     1.344     1.347  6 53127.91898010 39.214
 28 195.972170  62.595514     2.035     1.996  5 53197.91904479 27.343
 29 195.975384  62.597261     1.043     1.080  5 53232.91902005 31.386
 30 195.964456  62.609162    -0.138    -0.073  6 53267.91898641 30.055
 31 195.971878  62.598647     0.486     0.460  5 53302.91904458 32.987
 32 195.970717  62.601443     1.019     1.006  5 53337.91901381 23.775
 35 195.964657  62.605379     1.788     1.771  6 53442.91897117 13.599
 36 195.971867  62.597461     1.550     1.606  5 53477.91904548  9.070
 37 195.973069  62.598981     4.333     4.447  5 53512.91905566 19.307
 38 195.966709  62.602408     3.348     3.124  5 53547.91907326 23.161
 39 195.970472  62.601467     1.600     0.969  5 53582.91904120 25.291
 40 195.963164  62.607668    -1.009    -1.713  6 53617.91899614 28.338
 41 195.975262  62.595744     1.444     1.536  5 53652.91901821 26.024
 42 195.968178  62.599389     1.450     1.191  5 53687.91901866 20.973
 43 195.966489  62.603942     1.588     1.579  6 53722.91894300 15.188
 44 195.984917  62.592760     2.202     2.200  6 53757.91888022 10.396
 45 195.971249  62.597037     1.535     1.524  5 53792.91890280 11.068
 46 195.983014  62.590132     2.489     2.437  6 53827.91887205  8.619
 47 195.972923  62.595314     1.020     0.987  5 53862.91895631 42.415
 48 195.973801  62.595703     3.783     3.803  5 53897.91897895 22.938
 49 195.967106  62.605527     2.915     2.890  5 53932.91902444 21.172
 50 195.966363  62.604068     0.804     0.376  6 53967.91899803 27.003
 51 195.985046  62.591950     2.147     2.208  6 54002.91896720 26.576
 53 195.971461  62.597795     1.202     1.210  5 54072.91899762 23.287
 54 195.963913  62.607612     1.521     1.582  5 54107.91894431 15.685
 55 195.976019  62.595244     1.538     1.579  5 54142.91893335 17.925
 56 195.967024  62.603809     0.743     0.650  5 54177.91892801 18.370
 57 195.974571  62.596542     1.357     1.387  5 54212.91894056 30.911
 58 195.972980  62.596683     2.045     2.049  5 54247.91896913 51.996
 60 195.971753  62.598602     1.262     1.275  5 54317.91897601 25.205
 61 195.967145  62.602132     0.926     1.367  5 54352.91894067 24.256
 62 195.973272  62.595845     2.257     2.165  5 54387.91891627 25.321
 63 195.967348  62.600126     1.685     1.467  5 54422.91889095 17.449
 64 195.979099  62.593635     2.199     2.136  6 54457.91889068 18.663
 65 195.969374  62.600236     1.609     1.609  5 54492.91889403 10.463
 66 195.977615  62.595994     1.918     1.819  5 54527.91890308  6.677
 67 195.966185  62.602304     2.529     2.529  5 54562.91890132  8.429
 68 195.971783  62.596925     1.804     1.760  5 54597.91889856 41.073
 69 195.972216  62.599187     3.386     3.386  5 54632.91891144 21.717
 70 195.970403  62.599180     2.277     1.656  5 54667.91891689 24.355
 71 195.967359  62.600981     2.526     2.184  5 54702.91888244 20.873
 72 195.976825  62.594740     1.441     1.477  5 54737.91887874 28.274
 73 195.970740  62.601377     1.460     1.460  5 54772.91886352 25.384
 74 195.976914  62.594376     2.182     2.053  6 54807.91887241 16.717
 75 195.969841  62.598838     1.557     1.396  5 54842.91886094 11.266
 76 195.973685  62.597604     2.143     2.143  5 54877.91887441  9.829
 77 195.966914  62.605045     2.420     2.272  5 54912.91886453 10.913
 78 195.973049  62.596315     2.451     2.805  5 54947.91886686 18.916
 79 195.970901  62.597934     3.802     3.804  5 54982.91889220 51.255
 80 195.972884  62.599045     3.207     3.221  5 55017.91889046 32.331
 81 195.970101  62.597295     1.750     1.042  5 55052.91888620 28.002
 82 195.966931  62.605233    -0.407    -0.322  5 55087.91884747 29.560
 83 195.974939  62.593815     2.121     1.699  5 55122.91882266 26.365
 84 195.967162  62.600827     1.212     1.259  5 55157.91880907 16.540
 85 195.977731  62.594886     1.265     1.272  5 55192.91881198 27.570
 86 195.966661  62.601137     1.264     1.205  5 55227.91881050 21.463
 87 195.974102  62.597915     1.509     1.503  5 55262.91880712 13.986
 88 195.966833  62.601628     2.067     2.048  5 55297.91879410 16.324
 89 195.970734  62.600472     3.090     2.737  5 55332.91878545 34.417
 90 195.969401  62.598054     2.630     2.545  5 55367.91877804 28.304
 91 195.976458  62.594645     2.481     1.960  5 55402.91879354 21.293
 92 195.971596  62.600339     3.075     2.955  5 55437.91879528 18.154
 93 195.966657  62.604225     1.810     1.926  6 55472.91874363 27.998
