# NaN NaN NaN ;Mean Elev.(m), Avg Gradient(m/km), RMS Gradient(m/km) - SRTM1     
#  112.910 -32.200  89.182 ;Mean Elev.(m), Avg Gradient(m/km), RMS Gradient(m/km) - ASTER GDEM
#   69.493 -31.651  90.851 ;Mean Elev.(m), Avg Gradient(m/km), RMS Gradient(m/km) - GMTED2010 
  6    65.845 52441.89047915 36.08 208.321672  65.190701 12.484
  6    65.628 52441.89047979 40.15 208.318652  65.187591 12.484
  7    64.579 52476.89047528 30.88 208.325274  65.189467  7.506
  7    64.546 52476.89047592 35.71 208.322254  65.186357  7.506
  8    67.155 52511.89042245 37.64 208.328625  65.189662  7.998
  8    67.318 52511.89042309 43.44 208.325605  65.186562  7.998
  9    66.600 52546.89045290 35.93 208.339512  65.187122 11.796
  9    66.190 52546.89045354 43.37 208.336492  65.184022 11.796
 11    64.749 52616.89043820 17.06 208.318015  65.193019 16.739
 11    65.670 52616.89043885 18.29 208.315005  65.189909 16.739
 11    64.619 52616.89043949 15.94 208.311985  65.186809 16.739
 12    62.027 52651.89041422 11.78 208.340879  65.187401  8.294
 12    61.362 52651.89041487 11.38 208.337859  65.184301  8.294
 13    66.768 52686.89040819  4.77 208.324895  65.191162  8.971
 13    66.306 52686.89040884  4.81 208.321875  65.188062  8.971
 14    61.176 52721.89045705  4.07 208.329198  65.187637  6.749
 14    60.560 52721.89045769  4.63 208.326178  65.184537  6.749
 15    62.531 52756.89047911 20.12 208.313484  65.193892  9.726
 15    64.171 52756.89047975 21.56 208.310464  65.190792  9.726
 15    64.760 52756.89048040 27.26 208.307454  65.187692  9.726
 19    62.595 52896.89057429 24.11 208.323921  65.189219  8.484
 19    62.861 52896.89057493 23.76 208.320911  65.186119  8.484
 20    63.349 52931.89052128  7.31 208.314839  65.191665  5.856
 20    62.501 52931.89052193  7.88 208.311819  65.188565  5.856
 21    67.683 52966.89052246 13.41 208.340718  65.186838 14.833
 21    63.543 52966.89052311 13.46 208.337708  65.183728 14.833
 22    61.884 53001.89055033  5.65 208.320454  65.188870  5.575
 22    61.557 53001.89055098  5.96 208.317434  65.185770  5.575
 23    61.826 53036.89049864  3.28 208.317710  65.193202  4.896
 23    60.915 53036.89049928  4.56 208.314700  65.190102  4.896
 23    61.145 53036.89049993  4.56 208.311680  65.187002  4.896
 24    61.321 53071.89052278  3.29 208.328320  65.189156  5.372
 24    60.842 53071.89052342  4.30 208.325300  65.186056  5.372
 25    59.765 53106.89050005 22.12 208.311727  65.191403 11.397
 25    59.970 53106.89050069 21.03 208.308717  65.188303 11.397
 26    70.107 53141.89053089 40.82 208.334923  65.187132 10.007
 26    65.474 53141.89053153 40.35 208.331913  65.184032 10.007
 27    65.023 53176.89055720 41.31 208.332053  65.188923 12.616
 27    65.704 53176.89055784 47.41 208.329033  65.185813 12.616
 28    66.716 53211.89057675 38.73 208.327647  65.190456 11.825
 28    65.608 53211.89057739 43.12 208.324627  65.187356 11.825
 29    64.112 53246.89054547  6.57 208.323984  65.189774  5.124
 29    64.049 53246.89054611  6.19 208.320974  65.186674  5.124
 31    67.341 53316.89054008 21.46 208.335129  65.188549 19.161
 31    64.074 53316.89054073 25.38 208.332109  65.185449 19.161
 32    63.491 53351.89050593  9.12 208.326710  65.188606 11.665
 32    64.014 53351.89050657  9.11 208.323700  65.185506 11.665
 33    62.579 53386.89049478  4.90 208.339628  65.187047  7.525
 33    63.529 53386.89049542  4.26 208.336608  65.183947  7.525
 34    60.222 53421.89049692  4.18 208.335271  65.188654  5.841
 34    60.584 53421.89049757  3.70 208.332261  65.185554  5.841
 36    65.209 53491.89058753 18.73 208.325799  65.189754  8.843
 36    65.969 53491.89058817 19.15 208.322779  65.186654  8.843
 37    69.356 53526.89056870 42.15 208.332790  65.187580 12.644
 37    69.632 53526.89056934 44.30 208.329770  65.184480 12.644
 38    66.415 53561.89059717  3.19 208.320911  65.192013  5.218
 38    65.915 53561.89059782  3.78 208.317891  65.188913  5.218
 38    65.560 53561.89059846  3.89 208.314881  65.185813  5.218
 39    65.081 53596.89053690  4.58 208.325190  65.189070  5.208
 39    64.709 53596.89053755  5.29 208.322170  65.185970  5.208
 42    60.581 53701.89050253 20.85 208.327988  65.188897 12.991
 42    60.847 53701.89050317 20.20 208.324978  65.185797 12.991
 43    61.107 53736.89041224 12.56 208.319030  65.191878  7.602
 43    61.505 53736.89041289 11.74 208.316020  65.188778  7.602
 44    59.942 53771.89041995  7.29 208.338578  65.187109  5.180
 44    59.692 53771.89042059  7.63 208.335558  65.184009  5.180
 45    62.060 53806.89040992  1.28 208.321867  65.188757  5.086
 45    61.839 53806.89041056  2.76 208.318847  65.185657  5.086
 47    69.438 53876.89047807  6.72 208.335312  65.186819  5.435
 47   126.343 53876.89047872  6.03 208.332292  65.183719  5.435
 48    66.429 53911.89052832  5.78 208.326184  65.188169  6.450
 48    66.120 53911.89052896  5.57 208.323163  65.185060  6.531
 49    64.234 53946.89054467 19.39 208.319179  65.190701 13.920
 49    63.975 53946.89054531 25.42 208.316159  65.187601 13.920
 50    63.431 53981.89048884 28.90 208.318858  65.189261 12.841
 50    63.594 53981.89048948 33.15 208.315848  65.186161 12.841
 52    58.945 54051.89051063 37.67 208.338599  65.187912 21.079
 52    59.298 54051.89051128 48.61 208.335579  65.184812 21.079
 53    60.782 54086.89050242 19.02 208.326998  65.190807  6.829
 53    61.064 54086.89050306 18.33 208.323978  65.187707  6.829
 54    60.849 54121.89042699 12.36 208.311694  65.192914  9.045
 54    60.812 54121.89042764 11.65 208.308684  65.189814  9.045
 58    91.464 54261.89049427  6.55 208.331269  65.187838  3.002
 58    88.778 54261.89049491  6.65 208.328249  65.184728  3.002
 59    62.988 54296.89049911 25.63 208.328178  65.187983 13.801
 59    63.262 54296.89049975 33.19 208.325168  65.184873 13.801
 60    66.446 54331.89048996  3.35 208.324860  65.188643  3.244
 60   100.069 54331.89049060  3.66 208.321840  65.185533  3.244
 61    76.320 54366.89043154  2.47 208.318751  65.192170  6.633
 61    72.379 54366.89043218  3.31 208.315741  65.189070  6.633
 61    70.224 54366.89043283  4.46 208.312721  65.185960  6.633
 63    61.592 54436.89038946 15.16 208.321104  65.190997 14.468
 63    62.050 54436.89039011 15.81 208.318084  65.187887 14.468
 64    62.360 54471.89041704  8.66 208.337990  65.188202  7.223
 64    61.765 54471.89041768 10.45 208.334980  65.185092  7.223
 65    61.019 54506.89040169  6.46 208.318738  65.190209  4.374
 65    62.354 54506.89040233  6.29 208.315718  65.187109  4.374
 67   117.735 54576.89040322  2.95 208.319040  65.191504  3.483
 67    62.305 54576.89040386  3.43 208.316020  65.188394  3.483
 68    66.821 54611.89042329 10.10 208.328352  65.187492  6.927
 68    67.153 54611.89042394  9.18 208.325332  65.184382  6.927
 69    67.567 54646.89043043 41.62 208.328543  65.188334 15.318
 69    67.609 54646.89043108 41.31 208.325523  65.185224 15.318
 71    65.531 54716.89037950  5.00 208.319437  65.191735  7.796
 71    64.771 54716.89038014  4.95 208.316417  65.188635  7.796
 72    64.054 54751.89040278  4.23 208.334520  65.189397  4.353
 72    63.976 54751.89040343  4.30 208.331500  65.186297  4.353
 73    65.460 54786.89036955 10.85 208.322769  65.191489  5.802
 73    65.779 54786.89037019 11.14 208.319759  65.188389  5.802
 74    63.516 54821.89039668  5.99 208.335908  65.188646  6.218
 74    63.328 54821.89039733  7.20 208.332888  65.185546  6.218
 75    68.633 54856.89036609  3.69 208.321532  65.188469  7.584
 75    66.421 54856.89036673  4.31 208.318512  65.185359  7.584
 79    91.125 54996.89042004  3.17 208.326464  65.189082  5.092
 79    67.029 54996.89042069  4.31 208.323444  65.185972  5.092
 81    64.406 55066.89039858  7.21 208.325587  65.190327  6.194
 81    63.522 55066.89039923  6.33 208.322577  65.187217  6.194
 82    68.377 55101.89033929  9.62 208.314331  65.191258 12.857
 82    64.546 55101.89033994 15.53 208.311321  65.188148 12.857
 84    63.762 55171.89030709  7.30 208.320108  65.189799  9.098
 84    62.588 55171.89030774  8.61 208.317088  65.186699  9.098
 85    61.244 55206.89033886  6.49 208.333659  65.188331  4.418
 85    60.983 55206.89033951  6.94 208.330649  65.185231  4.418
 86    62.951 55241.89031238  4.29 208.317030  65.190486  5.864
 86    62.889 55241.89031302  4.73 208.314010  65.187376  5.864
 88    65.359 55311.89029707  9.75 208.318656  65.189884  6.412
 88    65.560 55311.89029771 10.75 208.315636  65.186774  6.412
 89    64.169 55346.89030248 39.12 208.328025  65.188926 12.319
 89    63.741 55346.89030312 29.89 208.325005  65.185816 12.319
 90    62.722 55381.89029420 47.35 208.324722  65.189932 12.798
 90    63.664 55381.89029485 47.98 208.321712  65.186822 12.798
 91    65.255 55416.89032179 42.03 208.334222  65.187173 15.411
 91    67.047 55416.89032244 41.02 208.331212  65.184063 15.411
 92    64.042 55451.89030440 27.79 208.323414  65.190227 14.804
 92    63.629 55451.89030505 32.43 208.320394  65.187127 14.804
