# NaN NaN NaN ;Mean Elev.(m), Avg Gradient(m/km), RMS Gradient(m/km) - SRTM1     
#   39.677   0.560  15.847 ;Mean Elev.(m), Avg Gradient(m/km), RMS Gradient(m/km) - ASTER GDEM
#   35.292  -2.057  12.983 ;Mean Elev.(m), Avg Gradient(m/km), RMS Gradient(m/km) - GMTED2010 
  6 202.275222  64.867710    38.251    38.243  3 52418.90647872 48.272
  7 202.269076  64.868599    42.094    42.036  3 52453.90650444 31.629
  8 202.273048  64.866783    35.257    35.249  3 52488.90648276 50.698
 10 202.275440  64.866520    34.131    34.229  3 52558.90650796 40.051
 11 202.265870  64.867446    31.396    31.407  4 52593.90650999 47.328
 12 202.289567  64.866253    33.327    33.304  3 52628.90643599 25.835
 13 202.271884  64.868675    32.589    32.585  3 52663.90647141 21.680
 14 202.292273  64.866182    32.696    32.568  3 52698.90644595 11.759
 15 202.278432  64.868579    34.042    34.288  3 52733.90647077 13.411
 16 202.258360  64.867945    36.067    36.046  3 52768.90647128 49.989
 17 202.287767  64.867296    37.543    37.573  3 52803.90649560 45.094
 18 202.283622  64.866543    35.916    35.916  2 52838.90655874 51.743
 19 202.279287  64.867224    35.691    35.691  2 52873.90659845 28.671
 20 202.272327  64.867581    34.165    34.178  3 52908.90657775 35.870
 21 202.294887  64.865903    32.323    32.311  3 52943.90650930 46.783
 22 202.280785  64.865751    32.330    32.047  3 52978.90656531 27.185
 23 202.266238  64.868353    34.596    34.759  4 53013.90656376 17.245
 24 202.283506  64.866525    32.878    32.520  3 53048.90653472 19.353
 25 202.262059  64.868323    31.113    31.176  3 53083.90657066 20.644
 26 202.278250  64.866738    34.629    34.176  3 53118.90654064 22.988
 27 202.272621  64.868234    37.687    37.634  3 53153.90659167 35.208
 28 202.282673  64.867799    35.816    35.896  3 53188.90658044 36.508
 29 202.272624  64.868703    34.872    34.894  3 53223.90659580 46.155
 30 202.258121  64.867145    33.543    33.526  3 53258.90657175 45.345
 31 202.276321  64.868746    32.178    32.146  3 53293.90659471 46.737
 32 202.275290  64.868672    31.227    31.191  3 53328.90656824 34.990
 33 202.269205  64.868593    31.851    31.875  3 53363.90652053 22.950
 34 202.278571  64.866634    31.732    31.793  3 53398.90654389 18.321
 35 202.269730  64.869793    31.176    31.174  4 53433.90653420 17.621
 36 202.282188  64.867435    31.338    31.375  3 53468.90657541 22.886
 38 202.271111  64.867419    37.352    37.317  3 53538.90661798 38.141
 39 202.264648  64.867553    36.570    36.682  4 53573.90661689 19.762
 40 202.259123  64.867976    35.436    35.420  4 53608.90656680 16.711
 41 202.284435  64.866810    35.214    35.214  2 53643.90656842 27.164
 42 202.268079  64.869306    32.853    32.851  4 53678.90658652 48.359
 43 202.268089  64.868614    33.060    33.094  4 53713.90651501 25.932
 44 202.293140  64.866180    32.473    32.473  2 53748.90642928 24.727
 45 202.275926  64.868426    32.054    31.769  3 53783.90646001 15.356
 46 202.260553  64.868472    31.792    31.764  3 53818.90642226 12.364
 47 202.276749  64.866672    33.931    31.666  3 53853.90650109  8.564
 48 202.282944  64.866904    37.759    37.759  2 53888.90650908 25.071
 49 202.266854  64.867900    37.227    37.016  4 53923.90657696 25.553
 50 202.260621  64.867131    35.484    35.473  4 53958.90656872 48.118
 51 202.296028  64.866398    35.099    35.099  2 53993.90649807 37.735
 52 202.285874  64.867213    34.960    35.132  3 54028.90655779 37.115
 53 202.274571  64.867178    31.754    31.772  3 54063.90655200 35.996
 54 202.263616  64.868203    32.753    31.851  4 54098.90651918 24.237
 55 202.283859  64.865791    31.586    31.610  3 54133.90647581 26.431
 57 202.283806  64.867431    31.127    31.176  3 54203.90647963 32.806
 58 202.277494  64.868525    34.583    34.596  3 54238.90651415 44.656
 59 202.274142  64.867634    35.698    35.819  3 54273.90653199 39.236
 60 202.275582  64.866569    35.198    35.132  3 54308.90653401 24.125
 61 202.265204  64.867936    35.487    35.499  3 54343.90651160 45.606
 62 202.281385  64.867914    34.964    35.089  3 54378.90646932 26.236
 63 202.270626  64.867679    31.579    31.625  3 54413.90645951 47.919
 64 202.284870  64.867849    32.340    32.313  3 54448.90643593 31.543
 65 202.277684  64.868514    31.863    31.896  3 54483.90645310 20.580
 66 202.282810  64.866724    31.389    31.389  2 54518.90644990 15.595
 68 202.277005  64.866051    31.433    31.405  3 54588.90644579 25.648
 69 202.272166  64.867613    36.397    36.464  3 54623.90646324 33.638
 70 202.273539  64.868299    35.775    35.733  3 54658.90647189 26.708
 71 202.269761  64.867938    36.478    36.465  4 54693.90645270 52.093
 72 202.280448  64.865680    34.796    34.798  3 54728.90642619 45.721
 73 202.274020  64.868167    34.079    34.087  3 54763.90643061 49.202
 74 202.284249  64.867048    33.638    33.638  2 54798.90641938 34.007
 75 202.272483  64.868055    33.210    32.990  4 54833.90642105 23.081
 76 202.285560  64.867430    32.311    32.300  3 54868.90641585 13.690
 77 202.263927  64.868644    31.615    31.641  4 54903.90643079 18.366
 78 202.279062  64.865932    33.681    33.532  3 54938.90640707  9.498
 79 202.275895  64.866769    37.453    37.453  3 54973.90643811 51.727
 80 202.271454  64.869049    37.791    37.815  4 55008.90645223 20.454
 81 202.274686  64.866265    34.785    34.780  3 55043.90644233 42.752
 82 202.267006  64.868556    34.551    34.547  3 55078.90641924 37.590
 83 202.279482  64.866859    34.050    34.056  3 55113.90637459 29.868
 84 202.272835  64.868482    32.770    32.702  3 55148.90637488 28.014
 85 202.284121  64.867420    33.427    33.433  3 55183.90635671 21.831
 86 202.270625  64.869123    33.829    33.976  4 55218.90637255 19.282
 87 202.282500  64.866580    31.527    31.492  3 55253.90635312 19.690
 88 202.264028  64.868449    31.130    31.127  4 55288.90636261 13.853
 89 202.273602  64.868850    34.584    34.589  3 55323.90633995 39.824
 90 202.270894  64.867405    36.446    36.396  3 55358.90633881 15.384
 91 202.279736  64.867546    35.926    35.985  3 55393.90634230 31.633
 92 202.276808  64.868046    36.830    36.862  3 55428.90635424 42.253
 93 202.265109  64.867679    34.748    34.740  4 55463.90631788 22.548
