-167297.972   676.328     0.00   17.64
-166924.547   690.362    37.58   17.22
-166551.203   705.745    41.21   16.63
-166177.941   718.621    34.50   15.03
-165804.761   728.112    25.44    9.19
-165431.663   726.097    -5.40   12.56
-165058.647   717.779   -22.30   18.26
-164685.712   700.445   -46.49   23.88
-164312.859   682.446   -48.28   24.76
-163940.088   664.111   -49.19   23.44
-163567.399   649.804   -38.39   23.27
-163194.790   635.670   -37.94   22.17
-162822.264   629.334   -17.01   21.45
-162449.818   634.579    14.09   26.62
-162077.455   652.355    47.74   32.31
-161705.172   678.221    69.49   27.40
-161332.971   703.265    67.29   27.04
-160960.851   726.809    63.28   29.17
-160588.812   745.285    49.67   26.69
-160216.854   748.468     8.56   30.12
-159844.977   734.017   -38.86   47.43
-159473.181   695.077  -104.75   70.99
-159101.466   629.605  -176.15   87.61
-158729.832   567.720  -166.54   86.88
-158358.279   522.645  -121.33   63.62
-157986.807   506.485   -43.51   51.38
-157615.415   505.916    -1.53   57.88
-157244.104   508.745     7.62   63.57
-156872.874   515.775    18.94   71.39
-156501.724   505.374   -28.03   71.47
-156130.655   489.336   -43.23   63.90
-155759.666   463.622   -69.32   55.89
-155388.758   438.140   -68.71   41.21
-155017.930   418.184   -53.82   33.03
-154647.183   405.551   -34.08   27.52
-154276.515   397.313   -22.23   21.35
-153905.928   411.415    38.06   42.82
-153535.421   447.293    96.84   74.64
-153164.994   489.936   115.13   81.13
-152794.648   521.993    86.57   65.30
-152424.381   535.855    37.44   54.03
-152054.194   540.509    12.57   44.10
-151684.087   551.723    30.30   36.30
-151314.060   571.312    52.94   38.89
-150944.113   604.301    89.18   49.75
-150574.246   646.150   113.16   64.01
-150204.458   701.885   150.74   76.38
-149834.750   748.080   124.97   69.08
-149465.121   779.688    85.52   54.23
-149095.572   792.916    35.80   55.35
-148726.103   776.207   -45.23   77.88
-148356.713   752.289   -64.76   80.53
-147987.402   735.558   -45.31   62.82
-147618.171   741.589    16.33   53.04
-147249.019   767.328    69.73   61.86
-146879.947   812.772   123.14   69.09
-146510.953   860.319   128.87   75.12
-146142.039   901.697   112.17   70.32
-145773.203   925.916    65.67   73.57
-145404.447   939.188    36.00   86.02
-145035.770   936.173    -8.18  101.72
-144667.172   939.874    10.04  113.47
-144298.652   970.813    83.96  106.43
-143930.212  1011.967   111.71   90.07
-143561.850  1026.822    40.33   96.23
-143193.567  1020.046   -18.40  113.90
-142825.363  1008.948   -30.14  127.33
-142457.237  1038.395    80.00  143.59
-142089.190  1081.471   117.05  136.98
-141721.222  1120.986   107.40  118.33
-141353.332  1155.632    94.18  101.47
-140985.520  1203.160   129.23  110.85
-140617.787  1236.068    89.50  115.12
-140250.132  1261.853    70.14   99.64
-139882.556  1248.743   -35.67  112.68
-139515.058  1236.754   -32.63  109.91
-139147.638  1236.115    -1.74  100.78
-138780.296  1232.140   -10.82  120.77
-138413.032  1168.804  -172.47  182.67
-138045.846  1079.770  -242.50  175.70
-137678.738  1030.642  -133.84  138.42
-137311.709  1014.170   -44.88  123.75
-136944.757  1001.447   -34.68  126.63
-136577.883   939.259  -169.52  150.28
-136211.086   848.167  -248.37  119.57
-135844.368   804.299  -119.63   86.77
-135477.727   790.239   -38.35   82.07
-135111.164   823.080    89.60   91.66
-134744.678   878.670   151.70  126.18
-134378.270   967.474   242.38  165.75
-134011.940  1060.168   253.06  144.12
-133645.687  1124.123   174.64  104.96
-133279.511  1116.065   -22.01  115.85
-132913.413  1068.148  -130.90  113.37
-132547.392   992.420  -206.91  118.34
-132181.449   935.134  -156.56  126.16
-131815.582   872.990  -169.87  117.97
-131449.793   828.915  -120.50   91.28
-131084.081   807.437   -58.73  103.89
-130718.446   776.945   -83.40  111.59
-130352.888   762.225   -40.27  105.03
-129987.407   797.905    97.63  125.77
-129622.003   856.779   161.13  147.50
-129256.676   904.612   130.94  145.53
-128891.425   920.864    44.50  144.96
-128514.662   894.658   -69.56  140.15
-128133.360   865.538   -76.38  116.67
-127752.143   833.184   -84.88   92.69
-127371.011   811.384   -57.20   81.13
-126989.964   769.874  -108.95   77.79
-126609.002   735.915   -89.15   80.92
-126228.125   702.895   -86.70   72.93
-125847.333   674.997   -73.27   83.13
-125466.625   639.647   -92.86   87.62
-125086.002   598.395  -108.39   77.27
-124705.464   564.653   -88.68   59.97
-124325.010   549.802   -39.04   53.15
-123944.641   540.779   -23.72   59.02
-123564.356   541.548     2.02   66.77
-123184.156   545.140     9.45   71.36
-122804.040   557.256    31.88   67.48
-122424.008   573.249    42.09   58.54
-122044.061   576.466     8.47   48.21
-121664.197   558.926   -46.18   56.88
-121284.418   523.854   -92.36   73.18
-120904.723   464.997  -155.02   66.89
-120525.112   415.834  -129.52   45.21
-120145.585   378.905   -97.31   26.36
-119766.142   358.405   -54.03   20.38
-119386.782   341.832   -43.69   15.64
-119007.507   331.487   -27.28   11.16
-118628.315   323.619   -20.75    8.47
-118249.207   317.017   -17.42    9.98
-117870.182   304.358   -33.40   18.75
-117491.241   286.245   -47.80   26.21
-117112.384   266.416   -52.34   23.32
-116733.610   251.318   -39.86   16.50
-116354.919   240.759   -27.88    9.62
-115976.312   234.864   -15.57    8.91
-115597.788   229.433   -14.35   10.96
-115219.348   222.844   -17.41   12.00
-114840.990   214.786   -21.30    9.62
-114462.716   209.307   -14.49    5.46
-114084.525   207.030    -6.02    3.99
-113706.417   206.101    -2.46    4.08
-113328.391   205.970    -0.35    3.86
-112950.449   210.385    11.68   10.30
-112572.590   218.959    22.69   18.11
-112194.813   237.181    48.24   32.22
-111817.120   264.797    73.12   44.78
-111439.508   295.946    82.50   48.48
-111061.980   328.706    86.78   47.75
-110684.534   365.551    97.62   49.65
-110307.171   397.301    84.14   43.05
-109929.890   427.466    79.96   37.97
-109552.692   450.732    61.68   26.54
-109175.576   454.450     9.86   21.64
-108798.543   454.095    -0.94   22.63
-108421.591   456.462     6.28   23.21
-108044.722   463.176    17.82   25.71
-107667.935   480.160    45.08   26.09
-107291.231   483.895     9.91   28.68
-106914.608   473.666   -27.16   37.93
-106538.067   465.063   -22.85   46.92
-106161.609   459.885   -13.76   48.01
-105785.232   465.002    13.60   54.81
-105408.937   478.307    35.36   64.81
-105032.724   504.695    70.15   82.88
-104656.593   542.359   100.14   91.32
-104280.543   575.812    88.97   74.97
-103904.575   589.301    35.88   53.58
-103528.689   573.863   -41.07   54.58
-103152.884   531.803  -111.93   59.34
-102777.161   495.207   -97.41   49.26
-102401.519   464.874   -80.76   44.44
-102025.958   445.421   -51.80   49.33
-101650.479   421.927   -62.57   53.72
-101275.081   401.874   -53.42   49.34
-100899.765   377.332   -65.39   34.00
-100524.529   362.843   -38.62   28.73
-100149.375   352.626   -27.24   24.53
 -99774.302   346.854   -15.39   23.59
 -99399.310   343.117    -9.97   21.61
 -99024.398   337.668   -14.54   21.44
 -98649.568   332.710   -13.23   21.06
 -98274.819   326.541   -16.46   21.30
 -97900.150   320.688   -15.62   20.55
 -97525.562   314.740   -15.88   19.97
 -97151.055   307.917   -18.22   18.51
 -96776.629   297.627   -27.48   17.64
 -96402.283   288.211   -25.16   15.78
 -96028.018   276.874   -30.29   14.38
 -95653.833   266.520   -27.67   12.97
 -95279.729   256.021   -28.07   11.62
 -94905.705   247.284   -23.36   10.55
 -94531.761   238.048   -24.70    9.92
 -94157.898   230.142   -21.15   10.30
 -93784.115   221.735   -22.49    9.63
 -93410.412   216.431   -14.19    7.89
 -93036.790   212.744    -9.87    6.60
 -92663.247   211.622    -3.00    6.74
 -92289.785   210.992    -1.69    6.32
 -91916.402   209.491    -4.02    5.63
 -91543.100   205.438   -10.86    6.34
 -91169.877   199.232   -16.63    8.15
 -90796.734   192.117   -19.07    7.45
 -90423.671   184.280   -21.01    9.06
 -90050.688   176.884   -19.83    9.26
 -89677.785   169.019   -21.09    9.11
 -89304.961   161.822   -19.30    7.57
 -88932.216   155.603   -16.68    5.80
 -88559.552   150.790   -12.92    5.44
 -88186.966   145.509   -14.17    6.04
 -87814.461   141.410   -11.00    6.24
 -87442.034   137.228   -11.23    5.29
 -87069.687   134.008    -8.65    4.60
 -86697.420   131.167    -7.63    3.34
 -86325.231   129.416    -4.70    2.68
 -85953.122   134.773    14.40   13.91
 -85581.092   152.353    47.26   27.36
 -85209.140   172.134    53.18   28.09
 -84837.268   190.456    49.27   20.53
 -84465.475   202.460    32.29    8.68
 -84093.761   205.926     9.32    5.39
 -83722.126   203.832    -5.64    7.69
 -83350.570   196.739   -19.09   10.87
 -82979.092   187.937   -23.69   11.74
 -82607.693   176.790   -30.02   10.81
 -82236.373   168.416   -22.55    9.72
 -81865.132   161.108   -19.69    7.35
 -81493.969   158.287    -7.60    5.82
 -81122.885   159.671     3.73    8.07
 -80751.879   166.248    17.73   12.84
 -80380.951   175.536    25.04   14.52
 -80010.102   181.977    17.37   11.24
 -79639.332   180.306    -4.51   12.90
 -79268.640   170.707   -25.90   15.40
 -78898.025   163.809   -18.61   12.81
 -78527.490   163.169    -1.73   11.96
 -78157.032   167.474    11.62   13.37
 -77786.652   171.874    11.88   10.52
 -77416.351   171.291    -1.57    9.95
 -77046.127   166.185   -13.79   10.54
 -76675.982   162.095   -11.05    6.71
 -76305.914   162.433     0.91    5.98
 -75935.924   167.173    12.81    7.75
 -75566.012   172.684    14.90   10.01
 -75196.178   177.611    13.32   10.94
 -74826.422   180.025     6.53   11.05
 -74456.743   177.421    -7.05   11.99
 -74087.142   174.863    -6.92   10.80
 -73717.618   174.728    -0.36    8.89
 -73348.172   177.684     8.00    8.91
 -72978.803   183.406    15.49    8.74
 -72609.512   186.751     9.06    9.40
 -72240.298   187.497     2.02    9.35
 -71871.162   186.976    -1.41    7.61
 -71502.103   187.345     1.00    6.68
 -71133.121   192.562    14.14    9.99
 -70764.216   198.406    15.84   11.26
 -70395.388   205.937    20.42   10.32
 -70026.638   211.352    14.69    9.39
 -69657.964   215.023     9.96    8.57
 -69289.368   218.780    10.20    8.56
 -68920.848   224.637    15.89    8.52
 -68552.405   229.874    14.22    8.82
 -68184.039   235.018    13.97    7.25
 -67815.750   236.142     3.05    9.56
 -67447.538   236.623     1.31   13.46
 -67079.403   235.200    -3.87   14.95
 -66711.344   235.023    -0.48   14.53
 -66343.361   234.012    -2.75   13.29
 -65975.456   234.505     1.34   12.37
 -65607.627   234.193    -0.85   13.99
 -65239.874   234.769     1.57   14.23
 -64872.197   237.112     6.37   13.24
 -64504.598   240.801    10.04    9.87
 -64137.074   244.481    10.01    8.08
 -63769.627   250.051    15.16    9.54
 -63402.256   257.036    19.01   11.35
 -63034.961   266.232    25.04   12.89
 -62667.742   274.969    23.79   14.25
 -62300.599   285.990    30.02   16.85
 -61933.533   295.676    26.39   21.33
 -61566.542   305.482    26.72   27.09
 -61199.628   317.447    32.61   35.44
 -60832.789   329.917    33.99   45.53
 -60466.026   331.905     5.42   48.63
 -60099.339   329.101    -7.65   50.41
 -59732.728   311.411   -48.26   48.23
 -59366.192   295.352   -43.81   37.33
 -58999.732   279.884   -42.21   27.33
 -58633.348   271.326   -23.36   22.49
 -58267.039   264.243   -19.34   17.20
 -57900.806   258.863   -14.69   13.61
 -57534.648   251.929   -18.94    9.77
 -57168.566   242.374   -26.10   12.86
 -56802.559   231.196   -30.54   14.27
 -56436.628   216.757   -39.46   15.78
 -56070.772   204.086   -34.63   15.10
 -55704.991   190.225   -37.90   14.55
 -55339.285   179.520   -29.27   14.86
 -54973.655   167.906   -31.76   13.96
 -54608.099   156.249   -31.89   15.95
 -54242.619   144.471   -32.23   13.98
 -53870.663   133.684   -29.00   12.64
 -53489.525   124.572   -23.91   10.17
 -53108.471   117.280   -19.14    8.59
 -52727.499   113.484    -9.97    6.51
 -52346.610   113.948     1.22    6.94
 -51965.804   115.344     3.67    6.92
 -51585.080   114.674    -1.76    6.77
 -51204.439   109.690   -13.09    9.90
 -50823.881   100.447   -24.29   11.57
 -50443.405    91.417   -23.73    8.46
 -50063.011    85.609   -15.27    5.22
 -49682.700    82.297    -8.71    2.33
 -49302.471    81.864    -1.14    2.14
 -48922.325    82.684     2.16    3.29
 -48542.260    83.501     2.15    4.12
 -48162.278    83.343    -0.42    5.37
 -47782.378    81.469    -4.93    6.26
 -47402.560    78.486    -7.86    5.61
 -47022.824    75.600    -7.60    5.57
 -46643.170    71.828    -9.94    7.79
 -46263.597    65.709   -16.12    8.62
 -45884.107    60.591   -13.49    6.61
 -45504.698    56.472   -10.85    3.13
 -45125.372    55.162    -3.46    2.17
 -44746.127    54.621    -1.42    2.03
 -44366.963    54.293    -0.87    1.73
 -43987.881    53.853    -1.16    1.51
 -43608.881    52.917    -2.47    1.38
 -43229.962    52.108    -2.14    1.24
 -42851.124    51.428    -1.79    0.67
 -42472.368    51.349    -0.21    0.50
 -42093.694    51.572     0.59    0.63
 -41715.100    52.684     2.94    1.74
 -41336.588    56.678    10.55    8.81
 -40958.157    66.169    25.08   17.54
 -40579.807    79.929    36.37   21.68
 -40201.538    94.284    37.95   19.96
 -39823.350   105.389    29.36   12.51
 -39445.243   110.874    14.51    8.54
 -39067.217   115.588    12.47    8.02
 -38689.272   122.474    18.22   10.53
 -38311.408   130.506    21.26   11.46
 -37933.625   138.885    22.18    9.53
 -37555.922   143.862    13.18    6.20
 -37178.300   144.307     1.18    5.75
 -36800.758   142.284    -5.36    7.95
 -36423.297   134.548   -20.50   12.35
 -36045.917   125.608   -23.69   10.80
 -35668.617   121.140   -11.84    6.70
 -35291.397   121.209     0.18    6.22
 -34914.258   128.044    18.12    9.68
 -34537.199   135.827    20.64   10.20
 -34160.220   146.716    28.89   14.59
 -33783.322   160.284    36.00   18.09
 -33406.504   174.792    38.50   20.14
 -33029.765   185.362    28.06   15.06
 -32653.107   186.895     4.07   14.65
 -32276.529   181.028   -15.58   18.92
 -31900.031   169.748   -29.96   20.64
 -31523.613   156.987   -33.90   20.10
 -31147.274   143.474   -35.91   18.80
 -30771.015   129.299   -37.67   19.28
 -30394.837   112.653   -44.25   20.07
 -30018.737    98.007   -38.94   18.28
 -29642.718    83.505   -38.57   15.25
 -29266.778    72.466   -29.36   11.41
 -28890.918    63.074   -24.99    7.66
 -28515.137    57.217   -15.58    5.27
 -28139.435    52.684   -12.07    4.51
 -27763.813    49.069    -9.63    4.33
 -27388.271    45.884    -8.48    3.68
 -27012.807    42.597    -8.76    4.17
 -26637.423    38.486   -10.95    5.76
 -26262.118    34.001   -11.95    7.03
 -25886.893    29.225   -12.73    7.06
 -25511.746    25.203   -10.72    5.46
 -25136.678    21.501    -9.87    3.65
 -24761.690    18.980    -6.72    3.32
 -24386.780    16.544    -6.50    2.54
 -24011.949    15.406    -3.04    2.09
 -23637.198    14.852    -1.48    1.65
 -23262.525    14.703    -0.40    1.31
 -22887.930    14.656    -0.13    1.19
 -22513.415    14.427    -0.61    1.10
 -22138.978    14.269    -0.42    1.04
 -21764.620    14.140    -0.34    0.88
 -21390.340    14.115    -0.07    0.77
 -21016.139    13.969    -0.39    0.66
 -20642.016    13.749    -0.59    0.61
 -20267.972    13.390    -0.96    0.52
 -19894.006    13.062    -0.88    0.46
 -19520.118    12.726    -0.90    0.40
 -19146.309    12.599    -0.34    0.51
 -18772.578    12.491    -0.29    0.61
 -18398.925    12.450    -0.11    0.67
 -18025.350    12.270    -0.48    0.57
 -17651.853    12.038    -0.62    0.59
 -17278.434    11.725    -0.84    0.60
 -16905.094    11.465    -0.70    0.52
 -16531.831    11.289    -0.47    0.49
 -16158.646    11.153    -0.36    0.44
 -15785.539    11.023    -0.35    0.34
 -15412.509    10.949    -0.20    0.23
 -15039.558    10.809    -0.38    0.32
 -14666.684    10.701    -0.29    0.45
 -14293.888    10.544    -0.42    0.50
 -13921.169    10.379    -0.44    0.50
 -13548.528    10.400     0.06    0.57
 -13175.964    10.368    -0.09    0.69
 -12803.478    10.243    -0.34    0.91
 -12431.070     9.979    -0.71    1.01
 -12058.738     9.554    -1.14    0.98
 -11686.484     9.091    -1.24    1.03
 -11314.307     8.617    -1.27    0.85
 -10942.208     8.179    -1.18    0.91
 -10570.185     7.752    -1.15    0.80
 -10198.240     7.161    -1.59    0.92
  -9826.372     6.514    -1.74    0.96
  -9454.581     5.830    -1.84    0.96
  -9082.867     5.196    -1.71    0.86
  -8711.229     4.547    -1.75    0.82
  -8339.669     3.991    -1.50    0.82
  -7968.185     3.497    -1.33    0.69
  -7596.779     3.150    -0.93    0.44
  -7225.449     2.916    -0.63    0.21
  -6854.195     2.831    -0.23    0.25
  -6483.018     2.759    -0.20    0.35
  -6111.918     2.723    -0.10    0.38
  -5740.895     2.639    -0.23    0.44
  -5369.948     2.476    -0.44    0.50
  -4999.077     2.251    -0.60    0.48
  -4628.283     2.065    -0.50    0.38
  -4257.565     1.950    -0.31    0.23
  -3886.924     1.895    -0.15    0.00
  -3516.359     1.895     0.00    0.00
  -3145.870     1.810    -0.23    0.35
  -2775.457     1.569    -0.65    0.66
  -2405.120     1.185    -1.04    0.88
  -2034.860     0.809    -1.02    0.89
  -1664.675     0.411    -1.07    0.74
  -1294.566     0.182    -0.62    0.56
   -924.534     0.009    -0.47    0.32
   -554.577    -0.009    -0.05    0.30
   -184.696     0.031     0.11    0.35
    185.109     0.023    -0.02    0.34
    554.838     0.117     0.26    0.42
    924.492     0.211     0.25    0.47
   1294.069     0.372     0.44    0.50
   1663.572     0.516     0.39    0.49
   2032.998     0.645     0.35    0.44
   2402.350     0.725     0.22    0.38
   2771.625     0.797     0.20    0.30
   3140.825     0.688    -0.29    0.52
   3509.950     0.314    -1.01    0.88
   3879.000    -0.105    -1.14    0.94
   4247.974    -0.326    -0.60    0.77
   4616.873    -0.526    -0.54    0.50
   4985.697    -0.316     0.57    0.41
   5354.445    -0.195     0.33    0.29
   5723.119    -0.265    -0.19    0.37
   6091.717    -0.350    -0.23    0.43
   6460.240    -0.573    -0.61    0.50
   6828.689    -0.638    -0.18    0.50
   7197.062    -0.600     0.10    0.62
   7565.361    -0.417     0.50    0.77
   7933.584    -0.027     1.06    0.80
   8301.733     0.267     0.80    0.72
   8669.807     0.463     0.53    0.67
   9037.807     0.874     1.12    0.87
   9405.731     1.295     1.15    1.06
   9773.581     1.469     0.47    1.04
  10141.357     1.450    -0.05    1.04
  10509.058     1.320    -0.35    0.96
  10876.684     1.156    -0.45    0.75
  11244.236     1.110    -0.12    0.78
  11611.714     1.178     0.18    0.75
  11979.117     1.262     0.23    0.64
  12346.446     1.289     0.07    0.61
  12713.701     1.367     0.21    0.50
  13080.882     1.443     0.21    0.60
  13447.988     1.704     0.71    0.82
  13815.020     2.336     1.72    1.16
  14181.978     3.097     2.07    1.30
  14548.862     3.863     2.09    1.05
  14915.673     4.221     0.98    1.02
  15282.409     4.477     0.70    1.21
  15649.071     4.480     0.01    1.47
  16015.659     4.688     0.57    1.64
  16382.174     5.045     0.98    1.81
  16748.615     5.440     1.08    1.96
  17114.982     5.852     1.12    2.03
  17481.275     6.350     1.36    2.05
  17847.495     6.959     1.66    2.05
  18213.641     7.471     1.40    1.86
  18579.713     8.217     2.04    1.70
  18945.713     8.820     1.65    1.50
  19311.638     9.665     2.31    1.17
  19677.490    10.486     2.24    1.19
  20043.269    11.504     2.78    1.21
  20408.975    13.544     5.58    3.46
  20776.499    15.938     6.52    4.74
  21157.472    18.422     6.52    5.19
  21538.364    20.773     6.17    5.76
  21919.176    22.080     3.43    5.39
  22299.907    23.311     3.23    6.32
  22680.557    23.185    -0.33    4.83
  23061.127    24.389     3.16    4.40
  23441.617    30.476    16.00   11.77
  23822.026    41.838    29.87   21.74
  24202.355    59.033    45.21   31.31
  24582.604    80.713    57.01   33.03
  24962.772   101.326    54.22   28.43
  25342.860   124.304    60.45   17.63
  25722.869   141.874    46.23   19.45
  26102.797   153.884    31.61   19.53
  26482.645   166.400    32.95   19.69
  26862.413   173.293    18.15   21.22
  27242.101   175.110     4.79   24.35
  27621.709   175.592     1.27   24.09
  28001.238   179.634    10.65   21.67
  28380.686   188.697    23.88   21.99
  28760.055   201.004    32.44   22.86
  29139.345   216.762    41.55   18.87
  29518.554   225.406    22.79   14.16
  29897.684   226.818     3.72   12.55
  30276.735   217.906   -23.51   16.74
  30655.706   207.156   -28.37   14.81
  31034.598   200.678   -17.10   16.09
  31413.410   197.078    -9.50   17.56
  31792.143   201.601    11.94   16.52
  32170.797   210.777    24.23   16.68
  32549.371   216.104    14.07   14.82
  32927.866   222.239    16.21   11.30
  33306.282   226.796    12.04   16.19
  33684.620   231.347    12.03   20.36
  34062.878   240.639    24.57   21.63
  34441.057   254.551    36.78   22.44
  34819.157   267.106    33.21   26.50
  35197.178   287.390    53.66   36.57
  35575.120   309.060    57.34   44.50
  35952.984   338.669    78.36   47.29
  36330.769   369.264    80.98   53.40
  36708.475   408.884   104.89   54.44
  37086.102   432.004    61.22   48.68
  37463.651   433.047     2.76   45.27
  37841.122   409.384   -62.69   53.39
  38218.514   368.744  -107.68   51.87
  38595.827   339.493   -77.52   44.48
  38973.062   319.645   -52.61   34.95
  39350.219   307.667   -31.76   32.93
  39727.297   293.841   -36.67   33.78
  40104.297   292.786    -2.80   33.43
  40481.219   307.170    38.16   55.13
  40858.063   335.701    75.71   75.88
  41234.828   378.598   113.85   81.03
  41611.516   419.427   108.39   68.17
  41988.125   452.306    87.30   48.89
  42364.657   457.852    14.73   41.75
  42741.111   458.539     1.82   35.92
  43117.486   454.239   -11.43   39.59
  43493.784   459.075    12.85   44.31
  43870.004   476.336    45.88   47.42
  44246.147   491.165    39.42   45.87
  44622.212   485.153   -15.99   51.60
  44998.199   454.065   -82.68   65.12
  45374.108   411.605  -112.95   62.22
  45749.940   365.395  -122.95   46.24
  46125.695   344.400   -55.87   36.92
  46501.372   336.747   -20.37   35.21
  46876.971   347.529    28.71   42.42
  47252.494   369.111    57.47   40.33
  47627.939   381.454    32.88   33.19
  48003.306   380.338    -2.97   33.68
  48378.597   363.626   -44.53   42.49
  48753.810   332.815   -82.11   51.32
  49128.947   297.841   -93.23   49.51
  49504.006   260.848   -98.63   35.06
  49878.988   236.543   -64.81   28.24
  50253.893   216.145   -54.41   23.79
  50628.721   198.488   -47.10   23.31
  51003.473   185.263   -35.29   21.28
  51378.147   175.938   -24.89   22.62
  51752.745   170.102   -15.58   25.08
  52127.266   161.002   -24.30   24.65
  52501.710   155.067   -15.85   22.64
  52876.078   146.701   -22.35   21.42
  53250.369   136.067   -28.41   20.66
  53624.584   125.069   -29.39   22.50
  53998.722   113.136   -31.89   15.33
  54372.783   104.601   -22.82   10.85
  54746.768    97.539   -18.88    9.14
  55120.677    98.269     1.95   14.63
  55494.510    97.826    -1.18   19.76
  55868.266    98.286     1.23   23.42
  56241.946    95.702    -6.92   23.84
  56615.550    88.232   -19.99   15.73
  56989.077    85.384    -7.63   11.48
  57362.529    90.777    14.44   18.94
  57735.904   100.054    24.85   28.18
  58109.204   119.390    51.79   41.50
  58482.427   136.232    45.13   48.01
  58855.575   156.243    53.62   52.86
  59228.647   166.862    28.46   56.19
  59601.643   166.368    -1.32   59.70
  59974.563   148.250   -48.58   59.45
  60347.407   114.830   -89.63   61.51
  60720.176    84.973   -80.09   45.21
  61092.869    69.708   -40.96   29.91
  61465.487    75.308    15.03   35.48
  61838.029    98.356    61.87   49.45
  62210.495   123.036    66.26   55.56
  62582.886   150.895    74.81   45.63
  62955.202   159.308    22.60   33.83
  63327.442   156.488    -7.58   28.42
  63699.607   148.286   -22.04   20.30
  64071.697   148.697     1.10   17.02
  64443.712   164.471    42.40   32.60
  64815.651   194.941    81.92   48.52
  65187.515   230.395    95.34   55.62
  65559.304   264.028    90.46   56.87
  65931.018   297.623    90.37   53.53
  66302.657   326.400    77.43   55.37
  66674.222   356.774    81.74   47.21
  67045.711   372.142    41.37   30.12
  67417.125   364.295   -21.13   36.48
  67788.465   337.697   -71.62   46.64
  68159.729   300.783   -99.42   41.42
  68530.919   271.730   -78.26   34.96
  68902.035   240.861   -83.18   31.66
  69273.075   222.351   -49.88   24.93
  69644.041   217.702   -12.53   24.52
  70014.933   229.667    32.26   36.38
  70385.750   256.976    73.64   41.77
  70756.493   284.014    72.93   41.61
  71127.161   316.395    87.35   46.23
  71497.755   351.260    94.08   47.38
  71868.274   371.355    54.23   38.91
  72238.719   372.110     2.04   41.93
  72609.090   362.462   -26.05   42.17
  72979.387   348.928   -36.55   33.87
  73349.609   338.389   -28.46   27.23
  73719.758   321.170   -46.52   31.03
  74089.832   298.069   -62.42   27.72
  74459.833   279.195   -51.01   20.26
  74829.759   273.884   -14.36   20.93
  75199.612   278.202    11.67   27.89
  75569.390   285.993    21.07   27.67
  75939.095   295.395    25.43   18.91
  76308.726   291.339   -10.97   20.00
  76678.283   278.662   -34.30   23.30
  77047.767   261.373   -46.79   22.95
  77417.176   243.954   -47.15   17.57
  77786.513   231.117   -34.75   15.99
  78155.775   223.011   -21.95   13.13
  78524.964   219.334    -9.96   14.50
  78894.080   215.702    -9.84   16.20
  79263.122   214.850    -2.31   18.70
  79632.091   216.985     5.78   18.36
  80000.986   225.762    23.79   17.62
  80369.808   233.840    21.90   19.89
  80738.557   248.106    38.69   22.93
  81107.233   262.678    39.52   28.89
  81475.835   279.895    46.71   35.74
  81844.364   294.465    39.53   38.54
  82212.820   308.436    37.92   37.01
  82581.203   324.199    42.79   38.23
  82949.513   337.407    35.86   38.93
  83317.750   351.642    38.66   42.49
  83685.915   366.747    41.03   41.84
  84054.006   392.543    70.08   49.36
  84422.024   417.603    68.09   51.79
  84789.970   448.379    83.64   52.80
  85157.843   470.028    58.85   57.86
  85525.643   483.145    35.66   67.54
  85893.370   497.181    38.17   68.23
  86261.025   517.895    56.34   68.83
  86628.607   547.395    80.25   66.38
  86996.117   574.441    73.59   48.94
  87363.554   585.587    30.33   36.31
  87730.919   584.293    -3.52   33.89
  88098.211   567.721   -45.12   40.84
  88465.431   540.688   -73.61   52.17
  88832.579   496.785  -119.57   60.73
  89199.654   455.084  -113.60   55.47
  89566.657   412.808  -115.18   40.50
  89933.588   389.082   -64.66   23.71
  90300.447   383.550   -15.08   22.67
  90667.233   395.460    32.47   34.85
  91033.948   421.244    70.31   41.86
  91400.590   452.928    86.41   38.20
  91767.161   476.585    64.53   23.37
  92133.659   483.499    18.87   15.45
  92500.086   479.950    -9.69   16.77
  92866.441   471.250   -23.74   20.40
  93232.724   457.639   -37.16   24.74
  93598.935   436.941   -56.52   33.70
  93965.074   415.906   -57.45   39.12
  94331.142   395.251   -56.42   37.48
  94697.138   383.983   -30.79   32.33
  95063.063   384.732     2.05   42.92
  95428.915   385.580     2.32   54.52
  95807.295   391.709    16.20   65.82
  96188.028   380.101   -30.48   66.95
  96568.682   355.023   -65.88   63.46
  96949.258   326.591   -74.70   53.88
  97329.756   308.732   -46.93   35.78
  97710.175   314.949    16.34   39.90
  98090.515   329.401    37.99   46.17
  98470.778   351.312    57.62   51.98
  98850.962   367.747    43.23   49.98
  99231.068   375.950    21.58   48.83
  99611.096   383.424    19.66   50.49
  99991.046   383.785     0.95   49.81
 100370.918   392.550    23.07   42.84
 100750.712   398.628    16.00   36.13
 101130.428   401.356     7.18   28.84
 101510.066   395.543   -15.31   36.19
 101889.626   379.806   -41.46   47.64
 102269.109   362.719   -45.02   50.90
 102648.513   348.228   -38.19   46.20
 103027.840   345.170    -8.06   40.16
 103407.090   348.192     7.97   39.90
 103786.262   361.389    34.80   48.19
 104165.356   388.434    71.34   65.65
 104544.373   420.113    83.58   75.77
 104923.312   464.280   116.54   75.25
 105302.174   497.263    87.05   60.25
 105680.958   518.095    54.99   40.02
 106059.665   525.360    19.18   30.09
 106438.295   524.783    -1.53   27.31
 106816.848   522.220    -6.77   28.24
 107195.324   514.939   -19.24   33.26
 107573.722   500.013   -39.44   38.25
 107952.043   478.601   -56.59   41.34
 108330.288   457.013   -57.07   36.30
 108708.455   435.104   -57.93   34.91
 109086.545   414.169   -55.37   30.84
 109464.559   396.797   -45.95   29.17
 109842.495   383.174   -36.04   22.29
 110220.355   380.678    -6.61   21.55
 110598.138   384.662    10.55   24.66
 110975.845   398.341    36.21   28.65
 111353.474   412.024    36.23   28.46
 111731.027   425.400    35.43   31.06
 112108.504   444.264    49.97   34.19
 112485.904   464.517    53.66   39.52
 112863.227   485.718    56.18   39.50
 113240.475   490.673    13.13   54.14
 113617.645   499.943    24.58   64.24
 113994.740   505.389    14.44   63.74
 114371.758   510.955    14.76   50.72
 114748.699   506.783   -11.07   44.76
 115125.565   479.674   -71.93   51.55
 115502.354   440.406  -104.21   56.82
 115879.068   395.929  -118.05   51.84
 116255.705   355.939  -106.17   48.95
 116632.266   325.148   -81.76   51.37
 117008.751   300.455   -65.58   58.37
 117385.161   278.281   -58.90   53.47
 117761.494   268.580   -25.78   48.13
 118137.752   261.693   -18.30   39.03
 118513.934   255.477   -16.52   33.78
 118890.040   235.550   -52.98   35.66
 119266.070   208.181   -72.78   33.81
 119642.025   181.263   -71.59   25.05
 120017.904   162.295   -50.46   17.92
 120393.707   148.511   -36.67   10.44
 120769.435   139.929   -22.84    8.60
 121145.088   132.419   -19.99    9.14
 121520.665   124.468   -21.17   10.74
 121896.167   115.651   -23.48   10.99
 122271.593   106.950   -23.17   12.08
 122646.944    99.619   -19.53   12.33
 123022.220    94.301   -14.17   14.01
 123397.421    91.448    -7.60   15.87
 123772.546    88.862    -6.89   16.48
 124147.596    85.826    -8.09   15.87
 124522.572    82.982    -7.58   14.10
 124897.472    79.848    -8.36   11.88
 125272.297    77.840    -5.36   10.42
 125647.047    75.693    -5.73    9.89
 126021.723    73.884    -4.83    9.24
 126396.323    74.154     0.72    8.52
 126770.849    82.333    21.84   14.81
 127145.300    95.276    34.56   18.38
 127519.676   112.007    44.69   18.76
 127893.978   125.990    37.35   14.90
 128268.205   129.457     9.26   16.07
 128642.357   125.776    -9.84   24.19
 129016.435   115.173   -28.34   29.55
 129390.438   108.764   -17.13   26.48
 129764.367   112.378     9.67   24.57
 130138.222   117.325    13.23   22.34
 130512.002   114.232    -8.27   22.27
 130885.708   103.755   -28.03   22.90
 131259.339    93.851   -26.51   21.53
 131632.896    89.654   -11.24   21.61
 132006.379    89.417    -0.63   22.88
 132379.788    89.162    -0.68   21.90
 132753.123    87.018    -5.74   19.72
 133126.384    87.803     2.10   18.45
 133499.571    87.760    -0.11   15.88
 133872.684    89.309     4.15   13.47
 134245.723    90.595     3.45   10.62
 134618.688    92.585     5.33    7.50
 134991.579    92.389    -0.52    5.17
 135364.396    90.704    -4.52    4.80
 135737.140    86.639   -10.90    6.46
 136109.810    82.771   -10.38    7.86
 136482.406    81.628    -3.07   14.34
 136854.929    82.327     1.87   20.51
 137227.378    79.474    -7.66   23.46
 137599.753    74.558   -13.20   22.14
 137972.055    68.031   -17.53   19.81
 138344.284    60.250   -20.90   18.83
 138716.439    53.996   -16.80   18.45
 139088.521    47.052   -18.66   16.42
 139460.529    40.543   -17.50   13.91
 139832.464    34.170   -17.13   14.26
 140204.326    24.639   -25.63   14.45
 140576.115    15.041   -25.81   12.73
 140947.831     7.232   -21.01    9.26
 141319.473     1.884   -14.39    5.70
 141691.043    -0.855    -7.37    1.88
 142062.539    -0.094     2.05    3.80
 142433.963     0.835     2.50    5.05
 142805.313     0.763    -0.19    4.98
 143176.591    -0.317    -2.91    3.77
 143547.796    -1.753    -3.87    1.68
 143918.928    -2.457    -1.90    0.77
 144289.987    -2.768    -0.84    0.54
 144660.973    -2.967    -0.54    0.35
 145031.887    -3.105    -0.37    0.26
 145402.728    -2.944     0.43    0.70
 145773.497    -1.689     3.38    4.50
 146144.193    -0.305     3.73    7.40
 146514.816     0.062     0.99    8.10
 146885.368    -0.599    -1.78    7.66
 147255.846    -2.910    -6.24    1.01
 147626.252    -2.994    -0.23    0.51
 147996.586    -2.829     0.44    0.69
 148366.848    -2.768     0.17    0.81
 148737.037    -2.986    -0.59    0.81
 149107.155    -3.229    -0.66    0.67
 149477.200    -3.394    -0.45    0.46
 149847.172    -3.394     0.00    0.46
 150217.073    -3.427    -0.09    0.47
 150586.902    -3.490    -0.17    0.49
 150956.659    -3.454     0.10    0.48
 151326.343    -3.372     0.22    0.44
 151695.956    -3.243     0.35    0.35
 152065.497    -3.127     0.31    0.15
 152434.966    -3.255    -0.34    0.36
 152804.363    -3.366    -0.30    0.44
 153173.689    -3.394    -0.07    0.46
 153542.943    -3.372     0.06    0.44
 153912.125    -3.285     0.24    0.39
 154281.236    -3.140     0.39    0.18
 154650.275    -3.105     0.09    0.00
 155019.242    -3.105     0.00    0.00
 155388.138    -3.150    -0.12    0.21
 155756.962    -3.226    -0.20    0.33
 156125.715    -3.276    -0.14    0.38
 156494.397    -3.284    -0.02    0.39
 156863.007    -3.237     0.13    0.34
 157231.546    -3.105     0.36    0.00
 157600.014    -3.116    -0.03    0.11
 157968.411    -3.196    -0.22    0.42
 158336.736    -3.162     0.09    0.57
 158704.990    -3.116     0.12    0.11
 159073.173    -2.776     0.93    2.32
 159441.285    -2.694     0.22    2.65
 159809.326    -2.472     0.60    2.23
 160177.296    -2.173     0.81    3.31
 160545.195     3.182    14.56   16.22
 160913.024    17.554    39.07   34.87
 161280.781    39.425    59.46   52.60
 161648.468    60.288    56.73   63.17
 162016.084    87.148    73.06   72.83
 162383.629   108.906    59.19   75.43
 162751.103   131.720    62.08   76.82
 163118.507   151.681    54.32   72.62
 163485.840   161.361    26.35   71.34
 163853.103   154.473   -18.75   67.66
 164220.295   150.679   -10.33   60.94
 164587.416   159.554    24.17   49.12
 164954.467   176.611    46.46   44.95
 165321.448   193.343    45.59   38.87
 165688.359   197.284    10.74   36.40
 166055.199   181.718   -42.43   47.24
 166421.968   152.473   -79.73   45.43
 166788.668   129.449   -62.78   37.45
 167155.297   121.565   -21.50   42.39
 167521.856   128.109    17.85   46.22
 167888.346   145.479    47.39   45.49
 168254.765   161.596    43.98   42.63
 168621.113   177.052    42.18   35.64
 168987.392   177.619     1.55   36.07
 169353.601   159.665   -49.02   46.97
 169719.740   124.457   -96.15   61.69
 170085.810    68.977  -151.54   68.03
 170460.040    25.547  -116.04   52.33
 170840.615    -4.128   -77.96   25.68
 171221.114   -13.982   -25.89    4.39
 171601.536   -13.835     0.38    1.77
 171981.882   -12.644     3.13    1.87
 172362.152   -10.980     4.38    2.63
 172742.345    -8.844     5.62    3.39
 173122.462    -6.465     6.26    3.30
 173502.504    -4.776     4.44    2.51
 173882.469    -3.453     3.48    0.80
 174262.357    -3.243     0.55    0.38
 174642.170    -3.116     0.33    0.11
 175021.907    -3.105     0.03    0.00
 175401.568    -3.105     0.00    0.00
 175781.153    -3.105     0.00    0.00
 176160.663    -3.105     0.00    0.00
 176540.096    -3.117    -0.03    0.11
 176919.454    -3.127    -0.03    0.15
 177298.736    -3.093     0.09    0.19
 177677.942    -3.027     0.17    0.31
 178057.073    -2.973     0.14    0.34
 178436.128    -2.990    -0.05    0.36
 178815.108    -3.021    -0.08    0.32
 179194.012    -2.869     0.40    0.50
 179572.841    -2.629     0.63    0.67
 179951.594    -2.487     0.37    0.72
 180330.273    -2.338     0.39    0.79
 180708.875    -2.307     0.08    0.76
 181087.403    -2.373    -0.17    0.68
 181465.855    -2.253     0.32    0.67
 181844.232    -2.105     0.39    0.84
 182222.534    -1.852     0.67    0.98
 182600.761    -1.431     1.11    1.01
 182978.913    -1.047     1.01    0.87
 183356.990    -0.605     1.17    1.01
 183734.992    -0.139     1.23    1.19
 184112.919     0.348     1.29    1.15
 184490.771     1.046     1.85    1.29
 184868.549     1.987     2.49    1.51
 185246.251     2.677     1.83    1.60
 185623.879     3.736     2.80    1.57
 186001.433     4.418     1.81    1.48
 186378.911     4.816     1.05    1.46
 186756.315     5.139     0.86    1.49
 187133.645     4.952    -0.50    1.83
 187510.900     4.601    -0.93    1.83
 187888.080     5.086     1.29    2.18
 188265.186     5.943     2.27    2.52
 188642.218     7.577     4.33    2.50
 189019.175     8.930     3.59    1.43
 189396.058     9.173     0.64    1.04
 189772.867     8.883    -0.77    1.09
 190149.602     8.490    -1.04    0.86
 190526.263     8.196    -0.78    0.58
 190902.849     8.516     0.85    0.99
 191279.361     9.139     1.65    1.44
 191655.800     9.791     1.73    1.59
 192032.164    10.163     0.99    1.43
 192408.454     9.806    -0.95    1.50
 192784.671     8.931    -2.32    1.24
 193160.813     8.350    -1.54    0.94
 193536.882     7.990    -0.96    0.30
 193912.877     8.202     0.56    0.46
 194288.799     8.468     0.71    0.50
 194664.646     8.780     0.83    0.49
 195040.420     9.175     1.05    0.48
 195416.121     9.429     0.67    0.50
 195791.748     9.693     0.70    0.40
 196167.301     9.828     0.36    0.29
 196542.781     9.954     0.34    0.32
 196918.188    10.395     1.17    0.77
 197293.521    11.053     1.75    1.07
 197668.780    11.804     2.00    1.12
 198043.967    12.480     1.80    0.74
 198419.080    12.849     0.98    0.21
 198794.120    12.895     0.12    0.00
 199169.087    12.895     0.00    0.00
 199543.981    12.895     0.00    0.00
 199918.801    12.895     0.00    0.00
 200293.549    12.919     0.07    0.16
 200668.224    12.952     0.09    0.23
 201042.825    12.992     0.11    0.30
 201417.354    13.401     1.09    0.96
 201791.810    14.365     2.57    1.83
 202166.193    15.695     3.55    2.11
 202540.503    16.992     3.47    1.45
 202914.741    17.715     1.93    0.58
 203288.906    17.895     0.48    0.00
 203662.998    17.895     0.00    0.00
 204037.018    17.895     0.00    0.00
 204410.964    17.895     0.00    0.00
 204784.839    17.895     0.00    0.00
 205158.641    17.895     0.00    0.00
 205532.370    17.895     0.00    0.00
 205906.028    17.895     0.00    0.00
 206279.612    17.895     0.00    0.00
 206653.125    18.711     2.18    5.13
 207026.565    22.346     9.73   12.14
 207399.933    30.516    21.88   17.72
 207773.228    41.578    29.63   19.19
 208146.452    53.569    32.12   15.31
 208519.603    62.151    22.99    6.92
 208892.683    65.715     9.55    6.70
 209265.690    67.570     4.97    7.39
 209638.625    70.031     6.60    7.95
 210011.489    73.264     8.67    7.77
 210384.280    77.270    10.74    7.16
 210757.000    80.589     8.90    5.32
 211129.648    82.986     6.43    5.04
 211502.224    83.354     0.99    7.28
 211874.728    82.747    -1.63   12.20
 212247.161    84.044     3.48    8.03
 212619.521    82.611    -3.85    7.28
 212991.811    77.883   -12.70   14.00
 213364.028    74.139   -10.06   16.62
 213736.175    70.907    -8.68   18.54
 214108.249    68.603    -6.19   18.02
 214480.252    68.118    -1.30   14.95
 214852.184    57.794   -27.75   17.95
 215224.045    48.986   -23.68   18.74
 215595.834    39.133   -26.50   15.98
 215967.552    31.783   -19.77    8.81
 216339.198    28.781    -8.07    1.04
 216710.773    29.116     0.90    1.12
 217082.278    30.116     2.69    1.52
 217453.711    31.274     3.12    1.62
 217825.073    32.665     3.74    1.38
 218196.364    33.690     2.76    1.28
 218567.583    34.597     2.44    1.11
 218938.732    35.148     1.48    0.80
 219309.810    35.666     1.40    0.75
 219680.818    36.497     2.24    1.37
 220051.754    37.401     2.44    1.51
 220422.619    38.378     2.63    1.35
 220793.414    39.437     2.86    0.87
 221164.138    40.311     2.36    1.19
 221534.791    43.992     9.93    8.21
 221905.374    51.804    21.08   13.95
 222275.886    60.376    23.13   13.89
 222646.328    67.493    19.21    9.10
 223016.699    71.389    10.52    3.66
 223386.999    71.988     1.62    2.32
 223757.229    73.038     2.84    1.77
 224127.389    73.793     2.04    1.77
 224497.478    73.228    -1.52    2.61
 224867.497    71.558    -4.51    5.45
 225237.446    69.534    -5.47    6.81
 225607.324    66.165    -9.11    7.31
 225977.132    64.136    -5.49    6.77
 226346.870    62.366    -4.79    5.05
 226716.538    61.189    -3.18    3.56
 227086.136    60.056    -3.07    2.59
 227455.664    59.281    -2.10    1.96
 227825.122    58.609    -1.82    1.31
 228194.510    58.171    -1.19    0.80
 228563.828    57.907    -0.71    0.11
 228933.076    57.952     0.12    0.23
 229302.254    57.944    -0.02    0.31
 229671.362    57.860    -0.23    0.42
 230040.401    57.639    -0.60    0.66
 230409.370    57.423    -0.58    0.84
 230778.269    56.956    -1.27    1.01
 231147.099    56.148    -2.19    1.38
 231515.858    55.201    -2.57    1.66
 231884.549    53.791    -3.82    1.73
 232253.170    52.593    -3.25    1.62
 232621.721    51.554    -2.82    1.81
 232990.203    50.690    -2.34    2.31
 233358.615    50.702     0.03    3.57
 233726.959    52.205     4.08    4.75
 234095.232    56.978    12.96    7.96
 234463.437    63.588    17.95   10.01
 234831.572    70.502    18.78    8.98
 235199.638    73.918     9.28    6.16
 235567.635    75.335     3.85    4.34
 235935.563    74.906    -1.17    4.22
 236303.421    74.968     0.17    4.55
 236671.211    78.395     9.32    6.95
 237038.931    82.697    11.70    6.93
 237406.583    86.378    10.01    4.77
 237774.165    88.752     6.46    1.41
 238141.679    89.849     2.98    2.27
 238509.124    92.418     6.99    4.99
 238876.500    96.906    12.21    6.61
 239243.807   100.811    10.63    5.36
 239611.045   103.240     6.61    2.43
 239978.215   101.619    -4.41    4.38
 240345.316    99.184    -6.63    5.38
 240712.348    97.366    -4.95    5.42
 241079.312    94.750    -7.13    5.90
 241446.207    90.952   -10.35    6.47
 241813.034    88.623    -6.35    5.88
 242179.792    88.849     0.62    5.30
 242546.482    89.320     1.28    5.94
 242913.103    85.412   -10.66   10.26
 243279.656    78.478   -18.91   14.05
 243646.141    68.267   -27.86   13.58
 244012.557    59.686   -23.42    8.13
 244378.905    54.931   -12.98    3.23
 244745.185    55.139     0.57    4.16
 245115.589    59.619    12.09    8.64
 245496.008    65.752    16.12   10.51
 245876.354    72.573    17.93    9.05
 246256.625    75.779     8.43    7.25
 246636.822    74.734    -2.75    6.12
 247016.945    73.686    -2.76    4.51
 247396.993    75.011     3.49    5.16
 247776.967    78.133     8.21    6.23
 248156.867    82.255    10.85    5.57
 248536.693    85.188     7.72    3.13
 248916.445    84.377    -2.13    3.44
 249296.123    84.006    -0.98    4.21
 249675.727    85.608     4.22    5.15
 250055.257    88.944     8.79    5.83
 250434.713    92.389     9.08    5.75
 250814.095    94.690     6.06    5.85
 251193.403    96.021     3.51    6.68
 251572.638    96.220     0.53    7.39
 251951.799    98.511     6.04    6.71
 252330.886   101.317     7.40    5.33
 252709.900   100.940    -0.99    5.62
 253088.840    98.424    -6.64    7.04
 253467.707    94.645    -9.97    7.69
 253846.500    89.281   -14.16    7.99
 254225.219    83.755   -14.59    7.06
 254603.866    78.732   -13.26    6.41
 254982.438    75.430    -8.72    4.90
 255360.938    73.815    -4.26    2.69
 255739.364    74.449     1.67    3.27
 256117.717    76.435     5.25    4.26
 256495.997    78.053     4.28    4.94
 256874.203    79.297     3.29    6.41
 257252.337    81.043     4.62    8.23
 257630.397    84.500     9.14   10.67
 258008.385    88.495    10.57   11.28
 258386.299    91.546     8.07   10.97
 258764.141    94.795     8.60    7.24
 259141.909    93.998    -2.11    5.51
 259519.605    95.335     3.54    5.70
 259897.228    97.389     5.44    5.95
 260274.778   100.799     9.03    4.96
 260652.255   102.534     4.60    3.35
 261029.660   101.172    -3.61    4.48
 261406.992    99.285    -5.00    5.00
 261784.251    97.323    -5.20    4.98
