# NaN NaN NaN ;Mean Elev.(m), Avg Gradient(m/km), RMS Gradient(m/km) - SRTM1     
#   73.657  -1.531  10.769 ;Mean Elev.(m), Avg Gradient(m/km), RMS Gradient(m/km) - ASTER GDEM
#   66.041  -1.648   8.261 ;Mean Elev.(m), Avg Gradient(m/km), RMS Gradient(m/km) - GMTED2010 
  7 208.020837  65.163279    47.078    47.055  7 52449.28655437 34.397
  8 208.031958  65.166373    61.888    61.904  7 52484.28654122 41.162
  9 208.033641  65.173332    62.654    62.691  5 52519.28650376 48.937
 10 208.016263  65.163591    60.876    60.873  7 52554.28655324 48.487
 11 208.030991  65.167662    60.166    60.243  7 52589.28653812 41.095
 12 208.034689  65.174810    60.980    60.901  5 52624.28648171 42.045
 13 208.029568  65.166562    61.469    61.468  6 52659.28650604 19.449
 15 208.033323  65.166078    61.402    61.395  7 52729.28652153 11.593
 16 208.033230  65.168590    61.975    61.482  7 52764.28653350 28.581
 17 208.021270  65.165042    62.530    62.548  7 52799.28651461 48.528
 18 208.024524  65.163973    61.936    61.938  7 52834.28658351 44.558
 19 208.031252  65.166779    61.915    61.918  6 52869.28662582 45.687
 20 208.033373  65.166755    61.372    61.366  6 52904.28663390 48.461
 21 208.037934  65.176389    59.574    59.649  5 52939.28657043 48.087
 22 208.022841  65.164322    62.604    61.268  7 52974.28660876 15.634
 23 208.026834  65.166010    61.211    61.232  6 53009.28661541 12.571
 24 208.018034  65.163716    61.875    61.987  7 53044.28657491  8.921
 25 208.028622  65.165912    61.958    61.925  7 53079.28660861 11.028
 26 208.013969  65.164118    60.129    60.097  7 53114.28657929 34.392
 27 208.022705  65.166202    63.103    63.104  7 53149.28662531 49.850
 28 208.032215  65.168180    62.073    62.105  7 53184.28661993 42.162
 29 208.031787  65.166887    61.602    61.588  6 53219.28664471 42.306
 30 208.034395  65.170416    60.924    60.888  5 53254.28662251 38.805
 31 208.013293  65.162316    59.534    59.535  7 53289.28662727 33.458
 32 208.032826  65.170131    59.612    59.726  6 53324.28660354 26.475
 33 208.036586  65.174030    60.073    60.039  6 53359.28656601 14.594
 34 208.019210  65.164400    61.049    60.986  7 53394.28658207  7.703
 35 208.036102  65.171963    61.084    61.191  5 53429.28657652  6.695
 36 208.022453  65.163026    61.306    61.273  7 53464.28659885  6.233
 37 208.023165  65.163952    62.854    62.826  7 53499.28666499 38.608
 38 208.032926  65.169188    62.898    62.911  6 53534.28665077 27.525
 39 208.026598  65.166981    62.097    62.049  7 53569.28666485 39.566
 40 208.036168  65.174236    61.747    61.749  5 53604.28661239 47.618
 41 208.018906  65.162511    62.638    62.478  7 53639.28660956 46.308
 42 208.023710  65.164845    59.926    59.915  6 53674.28662992 45.224
 43 208.037347  65.175632    61.070    61.070  4 53709.28656220 23.948
 44 208.040625  65.179020    61.182    61.174  4 53744.28647270 11.478
 45 208.032038  65.167558    61.364    61.356  7 53779.28650025  9.537
 46 208.038169  65.179491    61.574    61.353  4 53814.28647475  5.222
 47 208.017841  65.164265    60.917    61.046  7 53849.28653324 31.785
 49 208.022660  65.164469    62.705    62.806  7 53919.28661350 26.517
 50 208.024064  65.164884    61.686    61.678  6 53954.28661423 48.657
 52 208.023140  65.162849    60.634    60.620  7 54024.28659566 34.350
 53 208.033399  65.168329    60.325    60.349  6 54059.28658908 24.027
 54 208.034213  65.174377    60.186    60.098  5 54094.28656792 18.830
 55 208.018597  65.164041    60.610    60.416  7 54129.28650782 12.051
 56 208.031997  65.167643    60.596    60.611  7 54164.28653733 10.197
 58 208.024811  65.168236    62.380    62.177  6 54234.28655183 46.823
 59 208.030199  65.168102    63.985    64.026  6 54269.28657123 36.083
 60 208.030030  65.166957    62.394    62.369  7 54304.28657424 25.692
 61 208.033209  65.170042    62.030    62.041  6 54339.28655878 45.511
 62 208.026077  65.165303    61.041    61.018  7 54374.28650784 36.741
 63 208.031117  65.166459    59.732    59.626  7 54409.28650403 41.486
 65 208.031030  65.166639    61.054    61.017  7 54479.28649423 14.490
 66 208.021768  65.162784    61.408    61.455  7 54514.28648422 13.905
 67 208.033287  65.169450    61.078    61.141  6 54549.28650820 12.860
 68 208.028964  65.165885    60.811    60.281  7 54584.28648045 35.137
 69 208.028743  65.166963    62.424    62.385  7 54619.28650046 50.761
 70 208.030224  65.165495    62.213    62.212  7 54654.28651133 47.849
 71 208.033109  65.168383    62.772    62.770  7 54689.28649944 48.229
 72 208.021218  65.164172    61.545    61.527  7 54724.28646041 27.964
 73 208.031355  65.166438    60.724    60.750  7 54759.28647510 44.600
 74 208.018744  65.161983    61.467    61.555  7 54794.28645326 18.300
 75 208.028135  65.167013    61.560    61.557  7 54829.28647455 15.152
 76 208.023597  65.162837    61.845    61.911  7 54864.28644783 12.343
 77 208.031823  65.167292    63.358    63.707  7 54899.28647389  6.981
 78 208.024242  65.165110    61.640    61.670  6 54934.28644163 22.000
 79 208.029097  65.166299    63.255    63.241  6 54969.28647539 51.392
 80 208.026524  65.166941    62.714    62.765  7 55004.28649518 31.977
 81 208.032351  65.165767    61.607    61.595  7 55039.28648207 35.258
 82 208.033986  65.169093    61.281    61.375  7 55074.28646661 36.075
 83 208.022861  65.164311    60.747    60.751  7 55109.28641444 37.580
 84 208.031216  65.166528    60.617    60.614  6 55144.28641824 31.272
 85 208.018242  65.164284    61.470    61.625  7 55179.28638904 15.114
 86 208.031011  65.166991    60.820    60.714  6 55214.28641298 13.096
 87 208.024733  65.164826    60.990    60.988  7 55249.28638731 12.033
 88 208.032545  65.168251    63.976    64.329  7 55284.28640701 12.586
 89 208.029611  65.166206    61.142    61.113  6 55319.28637833 41.119
 90 208.032276  65.166420    61.563    61.539  6 55354.28637989 49.114
 91 208.021381  65.164679    62.371    62.423  7 55389.28637852 27.834
 92 208.030916  65.167035    64.248    64.182  6 55424.28639740 26.260
 93 208.033214  65.172492    61.423    61.482  5 55459.28636866 31.539
