# NaN NaN NaN ;Mean Elev.(m), Avg Gradient(m/km), RMS Gradient(m/km) - SRTM1     
#    6.542   0.344   7.225 ;Mean Elev.(m), Avg Gradient(m/km), RMS Gradient(m/km) - ASTER GDEM
#   23.000  -0.916   4.008 ;Mean Elev.(m), Avg Gradient(m/km), RMS Gradient(m/km) - GMTED2010 
  8    23.144 52486.31209614 50.24 200.385857  63.298529 26.484
  8    23.093 52486.31209678 52.34 200.383197  63.301659 26.484
  8    23.125 52486.31209743 50.90 200.380537  63.304789 26.484
  8    23.120 52486.31209807 44.49 200.377877  63.307929 26.484
  9    24.069 52521.31206443 51.91 200.387450  63.301246 37.685
  9    24.074 52521.31206507 51.90 200.384790  63.304376 37.685
  9    24.105 52521.31206572 50.61 200.382130  63.307516 37.685
  9    24.125 52521.31206636 50.67 200.379470  63.310646 37.685
 11    20.621 52591.31210618 46.89 200.383550  63.294212 24.646
 11    20.561 52591.31210683 50.01 200.380890  63.297352 24.646
 11    20.503 52591.31210747 45.57 200.378230  63.300482 24.646
 11    20.364 52591.31210812 36.94 200.375570  63.303612 24.646
 13    21.616 52661.31207126 12.07 200.382083  63.298202  4.383
 13    21.362 52661.31207191 12.94 200.379423  63.301332  4.383
 13    21.403 52661.31207255 12.67 200.376763  63.304462  4.383
 14    23.703 52696.31204842 11.81 200.376481  63.290537  2.875
 14    23.197 52696.31204906 12.09 200.373821  63.293667  2.875
 14    22.796 52696.31204971 12.49 200.371151  63.296807  2.875
 15    22.358 52731.31207676  8.77 200.387259  63.300821  4.207
 15    23.052 52731.31207741  9.51 200.384599  63.303951  4.207
 15    23.229 52731.31207805  9.57 200.381939  63.307081  4.207
 15    20.981 52731.31207870  9.64 200.379279  63.310211  4.207
 16    22.996 52766.31208630 33.21 200.387618  63.300322 27.893
 16    23.000 52766.31208694 32.39 200.384958  63.303452 27.893
 16    23.005 52766.31208759 34.71 200.382298  63.306582 27.893
 16    23.036 52766.31208823 40.99 200.379638  63.309712 27.893
 17    25.219 52801.31208538 52.11 200.376481  63.290697 35.662
 17    25.168 52801.31208603 49.97 200.373821  63.293827 35.662
 17    25.160 52801.31208667 50.73 200.371151  63.296957 35.662
 18    23.661 52836.31215212 34.48 200.380614  63.292560 31.557
 18    23.665 52836.31215277 38.14 200.377954  63.295700 31.557
 18    23.722 52836.31215341 39.99 200.375294  63.298830 31.557
 18    23.528 52836.31215406 46.98 200.372624  63.301960 31.557
 19    23.130 52871.31219359 32.35 200.382835  63.296964 28.197
 19    23.114 52871.31219424 31.15 200.380175  63.300094 28.197
 19    23.404 52871.31219488 35.61 200.377515  63.303224 28.197
 19    23.479 52871.31219553 39.55 200.374845  63.306354 28.197
 20    25.626 52906.31218963 17.11 200.386340  63.299561 12.847
 20    25.197 52906.31219027 17.28 200.383680  63.302691 12.847
 20    23.672 52906.31219092 20.51 200.381010  63.305821 12.847
 20    23.762 52906.31219156 18.26 200.378350  63.308951 12.847
 23    23.040 53011.31217241 10.85 200.382263  63.296712  3.075
 23    22.842 53011.31217305 10.62 200.379603  63.299852  3.075
 23    21.467 53011.31217370 10.89 200.376943  63.302982  3.075
 23    21.283 53011.31217434 10.59 200.374283  63.306112  3.075
 24    24.413 53046.31213609  6.95 200.377782  63.290048  2.627
 24    23.698 53046.31213674  6.92 200.375122  63.293178  2.627
 24    23.304 53046.31213738  6.81 200.372462  63.296308  2.627
 25    22.880 53081.31217117  7.59 200.382204  63.294767  2.629
 25    23.571 53081.31217181  6.66 200.379544  63.297897  2.629
 25    23.073 53081.31217246  7.07 200.376884  63.301037  2.629
 25    23.639 53081.31217310  6.96 200.374224  63.304167  2.629
 26    22.424 53116.31214066 15.90 200.376174  63.288029 13.946
 26    20.031 53116.31214131 20.91 200.373514  63.291159 13.946
 26    20.036 53116.31214195 24.97 200.370854  63.294289 13.946
 27    25.228 53151.31218939 47.53 200.379696  63.292048 28.730
 27    25.303 53151.31219003 46.79 200.377036  63.295188 28.730
 27    25.239 53151.31219067 46.57 200.374376  63.298318 28.730
 27    25.246 53151.31219132 48.48 200.371716  63.301448 28.730
 28    24.037 53186.31217710 49.13 200.385477  63.300650 32.744
 28    24.057 53186.31217774 52.27 200.382817  63.303780 32.744
 28    24.047 53186.31217839 52.07 200.380157  63.306910 32.744
 28    24.314 53186.31217903 50.30 200.377487  63.310050 32.744
 29    22.967 53221.31220287 48.61 200.387379  63.297901 33.782
 29    22.989 53221.31220352 52.13 200.384719  63.301031 33.782
 29    22.931 53221.31220416 48.62 200.382059  63.304161 33.782
 29    22.954 53221.31220481 50.24 200.379399  63.307291 33.782
 29    22.910 53221.31220545 47.29 200.376739  63.310431 33.782
 30    22.119 53256.31217969 51.35 200.387203  63.300025 28.978
 30    21.877 53256.31218033 46.79 200.384543  63.303155 28.978
 30    21.847 53256.31218097 30.41 200.381883  63.306285 28.978
 30    21.962 53256.31218162 33.17 200.379223  63.309415 28.978
 32    19.687 53326.31216815 22.49 200.385361  63.300893  7.666
 32    19.750 53326.31216879 25.99 200.382701  63.304023  7.666
 32    19.380 53326.31216944 25.16 200.380041  63.307163  7.666
 32    19.076 53326.31217008 20.43 200.377381  63.310293  7.666
 33    25.141 53361.31212597  8.46 200.390043  63.303430  3.616
 33    20.615 53361.31212662  8.56 200.387383  63.306570  3.616
 33    20.359 53361.31212726  8.60 200.384723  63.309700  3.616
 33    20.179 53361.31212791  8.72 200.382063  63.312830  3.616
 34    23.949 53396.31214427  8.13 200.377331  63.292456  2.757
 34    23.378 53396.31214491  8.64 200.374671  63.295586  2.757
 34    22.762 53396.31214556  8.33 200.372011  63.298716  2.757
 35    23.407 53431.31213774  9.11 200.390035  63.302088  2.820
 35    22.730 53431.31213839  8.64 200.387375  63.305228  2.820
 35    21.575 53431.31213903  8.55 200.384715  63.308358  2.820
 35    20.126 53431.31213968  8.33 200.382055  63.311488  2.820
 35    20.304 53431.31214032  7.93 200.379395  63.314618  2.820
 36    24.776 53466.31216750  7.76 200.377687  63.290521  2.561
 36    24.424 53466.31216814  7.87 200.375027  63.293651  2.561
 36    23.750 53466.31216879  8.00 200.372367  63.296781  2.561
 37    26.107 53501.31222506 50.63 200.379200  63.293824 31.705
 37    26.064 53501.31222571 49.37 200.376540  63.296954 31.705
 37    26.153 53501.31222635 46.83 200.373880  63.300094 31.705
 38    25.971 53536.31221573 51.08 200.386260  63.297345 38.214
 38    26.062 53536.31221637 50.87 200.383610  63.300485 38.214
 38    25.961 53536.31221702 52.70 200.380940  63.303615 38.214
 38    26.001 53536.31221766 52.31 200.378280  63.306745 38.214
 39    23.989 53571.31222261 50.14 200.383191  63.294291 39.206
 39    23.969 53571.31222325 53.15 200.380531  63.297421 39.206
 39    24.090 53571.31222390 49.01 200.377871  63.300551 39.206
 39    24.047 53571.31222454 51.61 200.375211  63.303691 39.206
 40    23.584 53606.31217251 32.05 200.389695  63.304820 36.211
 40    23.132 53606.31217315 32.93 200.387035  63.307950 36.211
 40    23.170 53606.31217380 39.04 200.384375  63.311080 36.211
 40    23.141 53606.31217444 44.27 200.381715  63.314210 36.211
 41    24.892 53641.31216994 16.92 200.376875  63.288550 13.856
 41    24.642 53641.31217058 16.69 200.374215  63.291680 13.856
 41    23.432 53641.31217123 17.28 200.371555  63.294810 13.856
 42    20.936 53676.31219017 45.84 200.379888  63.294068 21.180
 42    20.822 53676.31219081 48.88 200.377228  63.297198 21.180
 42    20.842 53676.31219146 40.87 200.374568  63.300328 21.180
 43    21.630 53711.31212102 14.40 200.392566  63.303334  4.187
 43    21.424 53711.31212167 16.83 200.389906  63.306474  4.187
 43    21.710 53711.31212231 14.69 200.387236  63.309604  4.187
 43    21.640 53711.31212296 15.08 200.384576  63.312734  4.187
 43    21.681 53711.31212360 14.19 200.381916  63.315864  4.187
 44    23.233 53746.31203005 10.22 200.375280  63.291375  3.270
 44    22.485 53746.31203069 10.58 200.372620  63.294505  3.270
 44    22.391 53746.31203134 10.60 200.369960  63.297645  3.270
 45    22.149 53781.31206218 10.08 200.387147  63.298197  2.598
 45    22.655 53781.31206282 10.40 200.384487  63.301327  2.598
 45    22.634 53781.31206347  9.55 200.381827  63.304457  2.598
 45    22.745 53781.31206411  9.43 200.379167  63.307597  2.598
 46    24.207 53816.31203153  5.69 200.393741  63.307945  2.547
 46    24.530 53816.31203218  5.43 200.391091  63.311085  2.547
 46    23.309 53816.31203282  5.38 200.388421  63.314215  2.547
 46    22.500 53816.31203347  4.88 200.385761  63.317345  2.547
 46    22.777 53816.31203411  4.44 200.383101  63.320475  2.547
 47    24.407 53851.31209799  2.29 200.374396  63.291729  3.588
 47    25.310 53851.31209863  1.85 200.371736  63.294859  3.588
 48    26.584 53886.31210729 42.67 200.385948  63.301143 37.836
 48    26.433 53886.31210793 43.92 200.383288  63.304273 37.836
 48    26.392 53886.31210857 44.11 200.380618  63.307413 37.836
 48    26.500 53886.31210922 40.92 200.377958  63.310543 37.836
 49    25.073 53921.31217606 50.60 200.377876  63.290781 31.776
 49    25.203 53921.31217670 51.40 200.375216  63.293911 31.776
 49    25.191 53921.31217735 51.60 200.372556  63.297041 31.776
 50    23.411 53956.31217321 52.88 200.379998  63.293889 36.493
 50    23.398 53956.31217385 54.42 200.377338  63.297019 36.493
 50    23.307 53956.31217450 51.99 200.374678  63.300149 36.493
 52    22.655 54026.31215816 52.51 200.378016  63.292232 38.295
 52    22.428 54026.31215881 52.72 200.375356  63.295362 38.295
 52    22.485 54026.31215945 47.75 200.372696  63.298492 38.295
 53    20.853 54061.31215262 22.69 200.386643  63.300249  7.591
 53    20.891 54061.31215327 23.55 200.383983  63.303379  7.591
 53    20.890 54061.31215391 23.58 200.381323  63.306509  7.591
 53    20.695 54061.31215456 24.04 200.378653  63.309639  7.591
 54    21.322 54096.31212558 15.93 200.390322  63.301061  4.129
 54    21.297 54096.31212623 16.29 200.387662  63.304191  4.129
 54    21.222 54096.31212687 17.02 200.385002  63.307321  4.129
 54    21.301 54096.31212752 16.66 200.382342  63.310451  4.129
 54    20.976 54096.31212816 17.94 200.379682  63.313591  4.129
 55    24.050 54131.31207259 11.29 200.376187  63.291504  3.309
 55    23.204 54131.31207323 11.98 200.373527  63.294634  3.309
 55    21.314 54131.31207388 11.93 200.370867  63.297764  3.309
 56    23.169 54166.31209787  9.21 200.385393  63.299926  2.589
 56    21.896 54166.31209851  9.46 200.382733  63.303056  2.589
 56    20.775 54166.31209916  9.35 200.380073  63.306186  2.589
 56    21.137 54166.31209980  8.65 200.377416  63.309321  2.407
 57    19.772 54201.31207578 26.47 200.378025  63.292419 22.524
 57    20.378 54201.31207643 23.60 200.375365  63.295549 22.524
 57    20.753 54201.31207707 22.00 200.372695  63.298679 22.524
 58    22.835 54236.31211229 50.59 200.383494  63.294437 33.288
 58    22.770 54236.31211293 52.88 200.380834  63.297567 33.288
 58    22.873 54236.31211358 52.11 200.378174  63.300697 33.288
 58    22.868 54236.31211422 51.76 200.375514  63.303827 33.288
 59    24.669 54271.31213373 41.68 200.383872  63.299046 26.827
 59    24.617 54271.31213437 44.61 200.381212  63.302176 26.827
 59    24.731 54271.31213502 47.70 200.378552  63.305306 26.827
 59    24.534 54271.31213566 50.08 200.375885  63.308441 12.153
 60    23.739 54306.31213553 49.42 200.384064  63.295532 37.792
 60    23.701 54306.31213617 52.81 200.381404  63.298662 37.792
 60    23.672 54306.31213682 50.44 200.378744  63.301792 37.792
 60    23.677 54306.31213746 48.05 200.376084  63.304922 37.792
 61    23.956 54341.31211779 34.58 200.388277  63.300944 26.951
 61    23.581 54341.31211843 30.16 200.385617  63.304074 26.951
 61    23.878 54341.31211908 33.77 200.382957  63.307204 26.951
 61    23.912 54341.31211972 40.73 200.380299  63.310339 16.142
 62    22.792 54376.31206989 51.70 200.381326  63.293470 36.501
 62    22.835 54376.31207054 53.72 200.378666  63.296600 36.501
 62    22.752 54376.31207118 51.53 200.376006  63.299730 36.501
 62    22.806 54376.31207183 50.58 200.373336  63.302860 36.501
 63    19.566 54411.31206416 33.81 200.383357  63.298529 13.007
 63    19.672 54411.31206480 39.40 200.380697  63.301659 13.007
 63    19.306 54411.31206545 38.27 200.378037  63.304789 13.007
 63    19.331 54411.31206609 30.38 200.375373  63.307923 14.809
 64    20.898 54446.31203401 15.08 200.376613  63.291892  4.633
 64    21.010 54446.31203465 15.01 200.373953  63.295022  4.633
 64    20.703 54446.31203530 15.77 200.371293  63.298152  4.633
 65    21.858 54481.31205546 11.18 200.384958  63.296406  3.295
 65    20.766 54481.31205611 10.94 200.382298  63.299536  3.295
 65    20.038 54481.31205675 11.64 200.379638  63.302666  3.295
 65    19.694 54481.31205740 11.39 200.376978  63.305806  3.295
 66    24.065 54516.31204825  9.39 200.377764  63.292733  2.634
 66    23.115 54516.31204890  8.82 200.375104  63.295863  2.634
 66    22.310 54516.31204954  8.98 200.372444  63.298993  2.634
 67    23.944 54551.31206899  7.33 200.387687  63.300007  2.503
 67    23.153 54551.31206963  8.45 200.385027  63.303137  2.503
 67    22.610 54551.31207028  8.18 200.382367  63.306267  2.503
 67    21.253 54551.31207092  7.88 200.379707  63.309397  2.503
 68    23.972 54586.31204451  4.98 200.382157  63.295482  4.516
 68    24.176 54586.31204515  4.27 200.379497  63.298612  4.516
 68    23.356 54586.31204580  4.71 200.376837  63.301742  4.516
 68    24.609 54586.31204644  3.90 200.374167  63.304872  4.516
 69    27.146 54621.31206328 19.78 200.384475  63.295684 24.636
 69    24.866 54621.31206393 24.22 200.381815  63.298824 24.636
 69    26.437 54621.31206457 20.94 200.379155  63.301954 24.636
 69    25.862 54621.31206521 21.26 200.376495  63.305084 24.636
 70    26.040 54656.31207362 16.11 200.382317  63.297263 27.507
 70    25.975 54656.31207426 17.19 200.379657  63.300393 27.507
 70    24.836 54656.31207491 20.18 200.376997  63.303523 27.507
 70    24.018 54656.31207555 26.60 200.374337  63.306653 27.507
 71    24.265 54691.31205866 53.22 200.385139  63.299809 33.689
 71    24.424 54691.31205930 52.10 200.382479  63.302949 33.689
 71    24.408 54691.31205995 51.20 200.379819  63.306079 33.689
 71    24.421 54691.31206059 50.72 200.377159  63.309209 33.689
 72    24.420 54726.31202461 17.54 200.378289  63.293699 24.083
 72    23.047 54726.31202525 21.13 200.375629  63.296829 24.083
 72    22.964 54726.31202590 24.99 200.372969  63.299959 24.083
 73    22.135 54761.31203497 48.97 200.383353  63.297446 24.700
 73    22.107 54761.31203562 49.51 200.380693  63.300576 24.700
 73    22.103 54761.31203626 45.39 200.378033  63.303706 24.700
 73    22.018 54761.31203691 37.25 200.375373  63.306836 24.700
 74    22.536 54796.31201740 20.85 200.374714  63.291315  5.540
 74    22.415 54796.31201805 21.28 200.372054  63.294445  5.540
 75    22.286 54831.31203535 12.85 200.384429  63.295907  3.858
 75    22.267 54831.31203600 12.52 200.381769  63.299047  3.858
 75    22.217 54831.31203664 12.92 200.379109  63.302177  3.858
 75    22.273 54831.31203729 12.52 200.376449  63.305307  3.858
 76    23.795 54866.31201263  7.16 200.378731  63.291474  2.652
 76    22.670 54866.31201327  7.52 200.376071  63.294614  2.652
 76    22.738 54866.31201392  7.05 200.373411  63.297744  2.652
 77    22.927 54901.31203466  9.93 200.385233  63.299286  4.066
 77    22.468 54901.31203531 10.06 200.382573  63.302416  4.066
 77    21.978 54901.31203595  9.54 200.379913  63.305546  4.066
 77    22.295 54901.31203659  9.00 200.377253  63.308676  4.066
 78    25.521 54936.31200337  6.97 200.381967  63.292816  2.195
 78    25.499 54936.31200402  6.45 200.379307  63.295946  2.195
 78    24.933 54936.31200466  6.58 200.376647  63.299086  2.195
 78    25.257 54936.31200531  6.62 200.373987  63.302216  2.195
 79    27.756 54971.31203637 48.15 200.383751  63.294623 39.453
 79    27.797 54971.31203702 53.82 200.381091  63.297763 39.453
 79    27.822 54971.31203766 50.02 200.378431  63.300893 39.453
 79    27.861 54971.31203831 49.95 200.375771  63.304023 39.453
 80    26.524 55006.31205549 19.19 200.383895  63.295432 26.806
 80    26.834 55006.31205614 17.52 200.381235  63.298562 26.806
 80    25.947 55006.31205678 18.81 200.378575  63.301702 26.806
 80    25.204 55006.31205743 20.61 200.375915  63.304832 26.806
 81    25.893 55041.31204417 16.84 200.383610  63.297761 30.340
 81    25.710 55041.31204482 21.86 200.380950  63.300891 30.340
 81    23.468 55041.31204546 23.56 200.378290  63.304021 30.340
 81    23.113 55041.31204611 26.76 200.375630  63.307151 30.340
 82    25.763 55076.31202575 20.68 200.386097  63.301044 24.219
 82    23.732 55076.31202639 24.12 200.383437  63.304184 24.219
 82    22.517 55076.31202704 25.71 200.380777  63.307314 24.219
 82    22.371 55076.31202768 22.91 200.378117  63.310444 24.219
 83    24.235 55111.31197611 18.31 200.379564  63.294342 19.359
 83    22.049 55111.31197675 21.05 200.376904  63.297482 19.359
 83    22.159 55111.31197740 24.71 200.374244  63.300612 19.359
 84    21.599 55146.31197839 24.77 200.384003  63.296137  8.276
 84    21.435 55146.31197904 26.23 200.381343  63.299267  8.276
 84    21.737 55146.31197968 26.72 200.378683  63.302407  8.276
 84    21.585 55146.31198033 28.58 200.376023  63.305537  8.276
 85    23.676 55181.31195365 12.45 200.377195  63.290489  3.795
 85    21.993 55181.31195430 13.10 200.374535  63.293629  3.795
 85    21.362 55181.31195494 12.58 200.371875  63.296759  3.795
 86    24.537 55216.31197316  9.33 200.385728  63.297484  2.391
 86    22.639 55216.31197381  9.52 200.383068  63.300614  2.391
 86    23.910 55216.31197445  8.69 200.380408  63.303744  2.391
 86    23.690 55216.31197510  8.57 200.377748  63.306874  2.391
 87    24.709 55251.31195040 11.09 200.381221  63.292184  2.368
 87    23.616 55251.31195105 11.26 200.378561  63.295314  2.368
 87    23.018 55251.31195169 11.15 200.375901  63.298444  2.368
 87    23.705 55251.31195233 10.20 200.373241  63.301574  2.368
 88    25.341 55286.31196707  8.22 200.387788  63.298504  2.071
 88    25.012 55286.31196771  8.28 200.385128  63.301644  2.071
 88    24.594 55286.31196836  8.27 200.382468  63.304774  2.071
 88    22.729 55286.31196900  8.23 200.379808  63.307904  2.071
 88    22.901 55286.31196965  7.98 200.377148  63.311034  2.071
 89    21.150 55321.31194146 27.90 200.381856  63.297758 23.675
 89    23.345 55321.31194211 20.72 200.379196  63.300888 23.675
 89    22.171 55321.31194275 23.62 200.376536  63.304018 23.675
 90    23.006 55356.31194101 50.13 200.385263  63.295888 40.122
 90    22.889 55356.31194165 53.99 200.382603  63.299018 40.122
 90    22.992 55356.31194230 51.26 200.379943  63.302158 40.122
 90    22.954 55356.31194294 53.12 200.377283  63.305288 40.122
 91    23.833 55391.31194189 52.08 200.378591  63.294133 34.164
 91    23.927 55391.31194254 53.01 200.375931  63.297263 34.164
 91    23.815 55391.31194318 50.23 200.373271  63.300393 34.164
 92    25.945 55426.31195798 13.05 200.383840  63.297081 19.568
 92    25.611 55426.31195862 16.67 200.381180  63.300221 19.568
 92    24.788 55426.31195927 20.55 200.378520  63.303351 19.568
 92    24.774 55426.31195991 20.26 200.375860  63.306481 19.568
 93    23.019 55461.31192537 51.89 200.390236  63.300305 24.130
 93    23.061 55461.31192602 54.51 200.387576  63.303445 24.130
 93    23.046 55461.31192666 44.92 200.384916  63.306575 24.130
 93    22.741 55461.31192731 28.07 200.382246  63.309705 24.130
 93    22.603 55461.31192795 24.75 200.379586  63.312835 24.130
