-188382.193   440.896     0.00    3.79
-188001.783   439.246    -4.34    4.49
-187621.459   437.099    -5.65    7.11
-187241.222   435.809    -3.39    9.49
-186861.071   434.158    -4.34   11.10
-186481.007   431.217    -7.74   11.89
-186101.029   426.825   -11.56   12.68
-185721.137   420.057   -17.82   13.15
-185341.332   413.358   -17.64   10.22
-184961.613   409.235   -10.86    5.73
-184581.980   408.242    -2.62    4.33
-184202.433   408.913     1.77    3.86
-183822.971   408.905    -0.02    3.79
-183443.596   406.016    -7.62    5.41
-183064.307   400.783   -13.80    8.06
-182685.104   394.490   -16.60    8.33
-182305.986   389.055   -14.34    6.26
-181926.954   383.873   -13.68    4.32
-181548.008   381.475    -6.33    3.29
-181169.147   379.985    -3.93    2.07
-180790.372   379.205    -2.06    1.77
-180411.682   378.154    -2.77    2.33
-180033.078   378.875     1.90    6.49
-179654.559   386.635    20.50   22.48
-179276.125   402.409    41.69   40.90
-178897.777   427.051    65.14   58.43
-178519.514   455.415    74.99   70.91
-178141.336   489.386    89.84   81.09
-177763.243   517.155    73.45   78.11
-177385.235   528.084    28.92   75.89
-177007.312   536.505    22.28   67.21
-176629.474   544.683    21.65   64.44
-176251.720   551.185    17.21   59.16
-175874.052   548.028    -8.36   53.68
-175496.468   535.429   -33.37   49.48
-175118.969   523.975   -30.35   45.99
-174741.555   514.435   -25.28   39.88
-174364.225   507.831   -17.50   34.67
-173986.980   500.567   -19.26   30.92
-173609.819   495.209   -14.21   27.82
-173232.743   491.550    -9.70   22.65
-172855.751   488.585    -7.87   19.03
-172478.843   486.791    -4.76   14.70
-172102.019   487.419     1.67   13.16
-171725.280   498.389    29.12   23.72
-171348.625   520.755    59.39   41.55
-170972.054   548.253    73.03   46.83
-170595.567   567.146    50.19   42.33
-170219.164   585.750    49.43   44.54
-169842.844   594.510    23.28   53.61
-169466.609   609.554    39.99   61.28
-169090.457   619.585    26.67   62.46
-168714.390   627.182    20.20   60.04
-168338.405   640.675    35.89   57.91
-167962.505   663.143    59.78   57.44
-167586.688   679.480    43.47   50.16
-167210.954   687.051    20.15   35.59
-166835.304   666.335   -55.16   45.19
-166459.738   638.465   -74.22   47.60
-166084.255   604.553   -90.33   49.22
-165708.855   575.179   -78.26   45.13
-165333.538   544.165   -82.64   45.22
-164958.305   519.556   -65.59   43.79
-164583.154   492.318   -72.61   41.17
-164208.087   470.872   -57.19   36.94
-163833.103   448.725   -59.07   28.04
-163458.202   433.490   -40.64   20.78
-163083.383   421.160   -32.90   14.25
-162708.648   411.873   -24.79   11.46
-162333.995   402.697   -24.50    8.93
-161959.425   395.618   -18.90    8.65
-161584.938   389.685   -15.84    6.25
-161210.533   386.755    -7.83    5.97
-160836.211   386.878     0.33    8.94
-160461.972   390.945    10.87   13.48
-160087.815   398.270    19.58   18.71
-159713.741   403.679    14.46   18.54
-159339.749   406.191     6.72   17.49
-158965.839   402.369   -10.22   13.94
-158592.011   396.786   -14.94    9.83
-158218.266   390.914   -15.71    6.87
-157844.603   386.811   -10.98    3.86
-157471.022   384.305    -6.71    2.03
-157097.523   382.611    -4.54    2.97
-156724.106   380.965    -4.41    4.20
-156350.771   378.845    -5.68    5.41
-155977.518   375.545    -8.84    6.08
-155604.346   370.735   -12.89    7.45
-155231.257   365.454   -14.16    7.43
-154858.249   360.975   -12.01    6.13
-154485.323   357.901    -8.24    4.27
-154112.479   356.265    -4.39    2.61
-153739.716   355.810    -1.22    2.48
-153367.034   354.389    -3.81    4.68
-152994.435   351.583    -7.53    7.73
-152621.916   346.628   -13.30   14.28
-152249.479   342.823   -10.22   19.49
-151877.123   336.058   -18.17   25.57
-151504.849   329.555   -17.47   29.55
-151132.656   318.449   -29.84   30.48
-150760.544   307.345   -29.84   28.73
-150388.513   294.095   -35.62   19.96
-150016.563   287.585   -17.51   12.41
-149644.694   282.743   -13.02    2.77
-149272.906   282.056    -1.85    0.41
-148901.199   282.439     1.03    1.11
-148529.572   283.005     1.52    1.95
-148158.027   283.554     1.48    2.99
-147786.562   284.260     1.90    3.97
-147415.178   286.076     4.89    7.98
-147043.875   292.186    16.46   17.45
-146672.652   299.005    18.37   22.95
-146301.509   307.258    22.24   26.77
-145930.448   316.268    24.28   28.38
-145559.466   324.704    22.74   27.75
-145188.565   332.177    20.15   26.71
-144817.745   340.501    22.45   23.38
-144447.004   346.278    15.58   20.66
-144076.344   348.738     6.64   21.75
-143705.764   351.864     8.44   22.79
-143335.264   350.271    -4.30   21.81
-142964.844   344.717   -14.99   18.50
-142594.504   337.631   -19.14   15.71
-142224.245   331.171   -17.45   12.26
-141854.065   325.530   -15.24    8.42
-141483.965   323.554    -5.34    7.02
-141113.944   326.645     8.35   14.75
-140744.004   336.590    26.89   26.80
-140374.143   352.732    43.65   34.80
-140004.362   368.352    42.25   36.75
-139634.660   381.301    35.03   34.87
-139265.038   386.171    13.18   28.44
-138895.496   386.428     0.70   22.87
-138526.033   385.233    -3.24   18.05
-138156.649   383.620    -4.36   15.15
-137787.345   387.056     9.30   15.68
-137418.120   395.490    22.84   19.33
-137048.974   410.873    41.67   22.95
-136679.908   428.537    47.87   25.66
-136310.921   450.247    58.84   27.40
-135942.012   469.342    51.76   29.51
-135573.183   487.266    48.60   33.65
-135204.433   495.645    22.73   39.17
-134835.762   497.725     5.64   47.04
-134467.169   483.369   -38.95   52.05
-134098.656   465.527   -48.42   51.83
-133730.221   439.520   -70.59   47.72
-133361.865   415.365   -65.58   40.62
-132993.588   388.652   -72.54   35.35
-132625.390   368.305   -55.27   32.64
-132257.270   350.017   -49.68   25.28
-131889.228   338.425   -31.50   19.69
-131521.265   328.878   -25.95   11.21
-131153.381   328.271    -1.65   10.93
-130785.575   329.954     4.58   14.91
-130417.847   336.758    18.51   20.71
-130050.197   343.035    17.07   22.99
-129682.626   350.670    20.77   22.28
-129315.133   354.852    11.38   22.01
-128947.719   358.656    10.35   22.33
-128580.382   361.227     7.00   24.11
-128213.123   362.373     3.12   27.16
-127845.942   361.015    -3.70   27.47
-127478.840   358.091    -7.96   25.33
-127111.815   353.635   -12.14   21.41
-126744.868   349.648   -10.86   17.36
-126377.999   347.642    -5.47   12.70
-126011.208   347.577    -0.18    9.38
-125644.494   350.465     7.88    8.06
-125277.858   354.975    12.30    8.51
-124911.300   361.266    17.16   10.27
-124544.819   370.444    25.05   12.66
-124178.415   379.965    25.99   14.54
-123812.090   395.133    41.41   18.20
-123445.841   411.146    43.73   21.66
-123079.670   431.330    55.13   22.91
-122713.576   452.934    59.02   26.90
-122347.560   476.900    65.48   29.51
-121981.621   505.954    79.40   36.55
-121615.759   536.638    83.87   42.09
-121249.974   574.367   103.15   45.69
-120884.266   605.811    85.99   46.65
-120518.635   636.975    85.24   40.11
-120153.081   656.352    53.01   30.54
-119787.604   664.475    22.23   24.87
-119422.204   665.635     3.17   33.30
-119056.881   655.871   -26.73   46.28
-118691.635   636.577   -52.83   56.93
-118313.680   613.026   -62.32   61.44
-117932.394   585.233   -72.90   62.95
-117551.193   556.291   -75.93   66.97
-117170.076   532.006   -63.73   63.79
-116789.045   521.259   -28.21   51.51
-116408.099   538.893    46.29   52.75
-116027.237   576.944    99.91   66.71
-115646.460   633.439   148.38   72.33
-115265.768   671.510   100.01   51.07
-114885.161   683.800    32.29   37.06
-114504.638   664.038   -51.94   48.89
-114124.199   627.892   -95.02   51.31
-113743.845   593.975   -89.18   44.17
-113363.575   561.779   -84.67   36.75
-112983.390   540.243   -56.65   30.16
-112603.289   519.325   -55.04   25.88
-112223.272   505.596   -36.13   23.70
-111843.340   493.913   -30.75   23.55
-111463.491   484.923   -23.67   21.81
-111083.727   474.068   -28.59   21.82
-110704.047   462.965   -29.25   21.71
-110324.450   448.181   -38.95   20.87
-109944.938   435.007   -34.72   18.81
-109565.509   421.319   -36.08   14.48
-109186.164   417.154   -10.98   17.62
-108806.903   431.686    38.32   36.41
-108427.726   454.676    60.63   42.56
-108048.632   461.631    18.35   43.67
-107669.622   440.365   -56.12   64.41
-107290.695   392.277  -126.91   72.89
-106911.852   346.631  -120.50   56.15
-106533.092   307.558  -103.17   23.58
-106154.416   288.516   -50.29   19.55
-105775.823   269.243   -50.91   19.80
-105397.313   252.659   -43.82   19.57
-105018.886   234.863   -47.03   21.28
-104640.542   216.902   -47.47   24.86
-104262.282   194.196   -60.03   27.85
-103884.105   173.212   -55.49   24.18
-103506.010   154.575   -49.30   15.44
-103127.999   144.191   -27.47   10.77
-102750.070   136.191   -21.17    6.21
-102372.224   131.822   -11.57    4.83
-101994.461   128.007   -10.10    3.64
-101616.781   125.577    -6.43    3.13
-101239.183   123.028    -6.75    2.82
-100861.668   120.923    -5.58    3.01
-100484.236   118.475    -6.49    2.88
-100106.886   116.240    -5.92    2.78
 -99729.618   114.193    -5.43    2.36
 -99352.433   112.720    -3.91    2.12
 -98975.330   111.352    -3.63    1.67
 -98598.310   110.635    -1.90    1.65
 -98221.372   110.018    -1.64    1.69
 -97844.515   109.614    -1.07    1.97
 -97467.741   109.465    -0.40    2.15
 -97091.050   109.449    -0.04    2.19
 -96714.440   109.509     0.16    2.19
 -96337.912   109.842     0.88    2.09
 -95961.466   110.301     1.22    1.81
 -95585.102   110.813     1.36    1.26
 -95208.819   111.217     1.07    0.66
 -94832.619   111.346     0.34    0.53
 -94456.500   111.420     0.20    0.52
 -94080.463   111.409    -0.03    0.52
 -93704.507   111.287    -0.32    0.61
 -93328.633   110.901    -1.03    0.95
 -92952.841   110.294    -1.62    1.37
 -92577.129   109.199    -2.92    1.86
 -92201.500   107.891    -3.48    2.17
 -91825.951   105.954    -5.16    2.32
 -91450.484   104.196    -4.68    2.19
 -91075.098   102.235    -5.22    2.02
 -90699.794   100.679    -4.15    1.76
 -90324.570    99.199    -3.95    1.48
 -89949.428    98.048    -3.07    1.21
 -89574.366    96.975    -2.86    1.05
 -89199.386    96.090    -2.36    1.08
 -88824.486    95.115    -2.60    1.03
 -88449.668    94.305    -2.16    1.02
 -88074.930    93.334    -2.59    1.07
 -87700.273    92.501    -2.22    1.04
 -87325.697    91.584    -2.45    0.95
 -86951.201    90.742    -2.25    0.99
 -86576.786    89.834    -2.43    0.99
 -86202.451    89.026    -2.16    1.13
 -85828.197    88.245    -2.09    0.98
 -85454.024    87.377    -2.32    1.03
 -85079.931    86.606    -2.06    1.04
 -84705.918    85.662    -2.52    1.14
 -84331.986    84.746    -2.45    1.08
 -83958.133    83.860    -2.37    1.08
 -83584.361    83.018    -2.25    1.03
 -83210.670    82.121    -2.40    1.01
 -82837.058    81.228    -2.39    1.13
 -82463.526    80.207    -2.73    1.31
 -82090.074    79.308    -2.41    1.30
 -81716.703    78.259    -2.81    1.46
 -81343.411    77.715    -1.46    1.54
 -80970.199    77.459    -0.68    1.71
 -80597.067    77.872     1.11    1.84
 -80224.014    78.443     1.53    1.87
 -79851.042    79.077     1.70    1.80
 -79478.149    79.798     1.93    2.18
 -79105.335    81.101     3.50    2.64
 -78732.601    82.865     4.73    2.77
 -78359.947    84.732     5.01    3.59
 -77987.372    86.838     5.65    4.47
 -77614.876    89.449     7.01    5.29
 -77242.460    92.517     8.24    6.34
 -76870.123    95.475     7.95    6.32
 -76497.865    98.808     8.95    6.70
 -76125.687   101.873     8.23    6.97
 -75753.587   105.246     9.07    7.39
 -75381.567   109.879    12.45    8.53
 -75009.626   114.026    11.15    9.55
 -74637.764   118.387    11.73   10.34
 -74265.980   121.336     7.93   10.25
 -73894.276   122.553     3.28    9.53
 -73522.650   120.403    -5.79    9.89
 -73151.104   115.582   -12.98   10.22
 -72779.636   113.173    -6.48    8.65
 -72408.246   114.470     3.49    9.30
 -72036.936   120.996    17.58   11.92
 -71665.704   128.480    20.16   10.64
 -71294.550   133.912    14.64    8.94
 -70923.475   136.569     7.16    7.51
 -70552.479   137.501     2.51    5.41
 -70181.561   138.418     2.47    3.96
 -69810.721   139.756     3.61    3.28
 -69439.959   141.769     5.43    3.18
 -69069.276   144.106     6.31    3.28
 -68698.671   146.158     5.54    3.60
 -68328.144   147.239     2.92    4.53
 -67957.695   146.985    -0.69    8.94
 -67587.325   144.869    -5.71   12.83
 -67217.032   140.735   -11.16   14.40
 -66846.817   134.996   -15.50   14.72
 -66476.681   125.177   -26.53   16.53
 -66106.622   112.680   -33.77   19.32
 -65736.640    95.541   -46.33   20.43
 -65366.737    81.746   -37.29   18.25
 -64996.911    70.076   -31.56   12.26
 -64627.164    62.853   -19.53    6.76
 -64257.493    58.812   -10.93    3.03
 -63887.900    57.140    -4.53    2.37
 -63518.385    55.899    -3.36    1.40
 -63148.947    55.407    -1.33    0.96
 -62779.587    55.828     1.14    2.09
 -62410.304    57.407     4.28    4.21
 -62041.098    61.059     9.89    8.16
 -61671.970    67.556    17.60   10.85
 -61302.919    75.131    20.53   12.18
 -60933.945    83.146    21.72   11.92
 -60565.048    90.808    20.77   11.02
 -60196.229    98.173    19.97   11.12
 -59827.486   106.480    22.53   12.81
 -59458.820   115.592    24.72   13.65
 -59090.232   123.270    20.83   11.95
 -58721.720   130.911    20.74   12.11
 -58353.285   140.412    25.79   15.70
 -57984.927   151.735    30.74   17.97
 -57616.645   166.294    39.53   14.85
 -57248.441   177.412    30.20   12.06
 -56880.313   186.021    23.39   10.63
 -56512.261   191.369    14.53   11.91
 -56144.286   196.756    14.64   12.57
 -55776.388   202.496    15.60   11.15
 -55408.566   206.007     9.55    8.84
 -55040.821   208.207     5.98    8.12
 -54673.152   208.996     2.15   11.76
 -54305.559   212.373     9.19   14.37
 -53938.043   219.642    19.78   15.10
 -53570.602   226.660    19.10   13.73
 -53203.239   233.924    19.77   10.25
 -52835.951   241.576    20.83    7.17
 -52468.739   246.491    13.39    8.76
 -52101.603   252.379    16.04    9.83
 -51734.544   258.156    15.74    9.55
 -51367.560   262.475    11.77    9.48
 -51000.652   266.459    10.86    9.89
 -50633.820   268.162     4.64   10.78
 -50267.064   269.885     4.70   12.38
 -49900.384   270.326     1.20   13.46
 -49533.779   270.842     1.41   14.84
 -49167.250   269.701    -3.11   15.17
 -48800.797   267.491    -6.03   15.45
 -48434.419   266.069    -3.88   14.29
 -48068.117   264.879    -3.25   11.41
 -47701.890   264.244    -1.73    7.10
 -47335.739   264.859     1.68    3.13
 -46969.663   265.031     0.47    2.45
 -46603.662   265.536     1.38    2.96
 -46237.737   265.448    -0.24    4.31
 -45871.887   261.006   -12.14   10.46
 -45506.112   254.933   -16.61   13.18
 -45140.413   247.365   -20.70   12.43
 -44774.788   243.922    -9.41    9.71
 -44409.239   242.524    -3.83    6.53
 -44043.764   244.121     4.37    6.24
 -43670.361   245.920     4.82    5.93
 -43289.242   245.059    -2.26    6.60
 -42908.206   243.271    -4.69    6.39
 -42527.252   242.070    -3.15    5.66
 -42146.382   240.841    -3.23    4.32
 -41765.594   240.308    -1.40    3.96
 -41384.888   239.106    -3.16    4.12
 -41004.265   236.491    -6.87    6.30
 -40623.725   233.857    -6.92    7.70
 -40243.267   232.142    -4.51    7.86
 -39862.891   232.128    -0.04    6.59
 -39482.598   232.579     1.19    5.04
 -39102.387   232.668     0.23    4.07
 -38722.258   232.131    -1.41    3.57
 -38342.211   231.201    -2.45    2.92
 -37962.247   230.735    -1.23    3.52
 -37582.364   228.803    -5.09    6.95
 -37202.564   224.701   -10.80   11.32
 -36822.845   215.879   -23.24   16.96
 -36443.209   202.746   -34.59   20.97
 -36063.654   184.857   -47.13   21.80
 -35684.181   177.060   -20.55   21.14
 -35304.789   175.092    -5.19   24.37
 -34925.480   177.390     6.06   27.42
 -34546.252   177.060    -0.87   29.44
 -34167.106   172.613   -11.73   29.14
 -33788.041   163.156   -24.95   25.58
 -33409.057   155.859   -19.25   22.03
 -33030.155   139.739   -42.55   26.75
 -32651.335   117.109   -59.74   32.23
 -32272.596    90.932   -69.12   25.46
 -31893.938    75.475   -40.82   13.50
 -31515.361    67.177   -21.92    3.96
 -31136.865    64.659    -6.65    2.52
 -30758.451    65.305     1.71    4.92
 -30380.118    72.571    19.21   13.46
 -30001.865    87.316    38.98   19.54
 -29623.694   100.954    36.06   16.74
 -29245.604   106.528    14.74   10.20
 -28867.594    98.986   -19.95   19.53
 -28489.665    80.822   -48.06   28.47
 -28111.817    61.444   -51.29   28.56
 -27734.050    42.911   -49.06   21.09
 -27356.363    31.060   -31.38   12.70
 -26978.757    24.209   -18.14    5.05
 -26601.232    21.486    -7.21    2.90
 -26223.787    19.760    -4.57    1.07
 -25846.422    19.231    -1.40    0.95
 -25469.138    18.814    -1.10    1.13
 -25091.934    18.480    -0.88    1.28
 -24714.811    18.073    -1.08    1.25
 -24337.768    17.838    -0.62    1.28
 -23960.805    17.486    -0.93    1.19
 -23583.922    17.017    -1.24    1.19
 -23207.119    16.519    -1.32    1.14
 -22830.396    16.071    -1.19    1.02
 -22453.754    15.465    -1.61    0.98
 -22077.191    15.006    -1.22    0.94
 -21700.708    14.305    -1.86    0.88
 -21324.305    13.819    -1.29    0.83
 -20947.982    13.212    -1.61    0.70
 -20571.739    12.699    -1.36    0.66
 -20195.575    12.212    -1.29    0.61
 -19819.491    11.787    -1.13    0.74
 -19443.486    11.298    -1.30    0.81
 -19067.561    10.913    -1.02    0.77
 -18691.716    10.565    -0.93    0.70
 -18315.950    10.140    -1.13    0.61
 -17940.263     9.692    -1.19    0.64
 -17564.656     9.330    -0.96    0.51
 -17189.128     9.091    -0.64    0.33
 -16813.680     9.231     0.37    0.44
 -16438.310     9.335     0.28    0.49
 -16063.020     9.326    -0.02    0.48
 -15687.809     9.253    -0.19    0.46
 -15312.676     9.039    -0.57    0.34
 -14937.623     8.745    -0.78    0.42
 -14562.649     8.428    -0.85    0.50
 -14187.754     8.073    -0.95    0.52
 -13812.937     7.596    -1.27    0.48
 -13438.200     7.291    -0.82    0.52
 -13063.541     7.007    -0.76    0.41
 -12688.961     6.720    -0.77    0.43
 -12314.459     6.475    -0.65    0.50
 -11940.036     6.241    -0.63    0.45
 -11565.692     5.975    -0.71    0.28
 -11191.426     5.720    -0.68    0.43
 -10817.239     5.410    -0.83    0.50
 -10443.130     5.154    -0.68    0.39
 -10069.099     4.771    -1.02    0.40
  -9695.147     4.528    -0.65    0.50
  -9321.273     4.184    -0.92    0.53
  -8947.477     3.767    -1.12    0.55
  -8573.760     3.436    -0.88    0.50
  -8200.120     3.050    -1.04    0.70
  -7826.559     2.459    -1.58    0.81
  -7453.076     2.083    -1.01    0.86
  -7079.670     1.706    -1.01    0.75
  -6706.343     1.590    -0.31    0.57
  -6333.093     1.631     0.11    0.52
  -5959.922     1.659     0.08    0.46
  -5586.828     1.701     0.11    0.44
  -5213.812     1.794     0.25    0.38
  -4840.873     1.551    -0.65    0.68
  -4468.012     1.101    -1.21    0.83
  -4095.229     0.677    -1.14    0.76
  -3722.523     0.399    -0.75    0.54
  -3349.895     0.358    -0.11    0.49
  -2977.344     0.345    -0.04    0.49
  -2604.871     0.333    -0.03    0.48
  -2232.475     0.320    -0.03    0.48
  -1860.156     0.273    -0.13    0.46
  -1487.915     0.184    -0.24    0.42
  -1115.751     0.094    -0.24    0.34
   -743.664     0.010    -0.22    0.21
   -371.654     0.040     0.08    0.27
      0.279     0.174     0.36    0.41
    372.135     0.284     0.30    0.47
    743.914     0.344     0.16    0.49
   1115.616     0.305    -0.10    0.48
   1487.241     0.220    -0.23    0.44
   1858.789     0.147    -0.20    0.39
   2230.261     0.117    -0.08    0.36
   2601.655     0.122     0.02    0.37
   2972.973     0.217     0.26    0.44
   3344.215     0.384     0.45    0.50
   3715.379     0.663     0.75    0.46
   4086.468     0.954     0.78    0.10
   4457.479     0.965     0.03    0.00
   4828.415     0.910    -0.15    0.23
   5199.273     0.635    -0.74    0.47
   5570.056     0.459    -0.47    0.50
   5940.762     0.817     0.97    0.89
   6311.392     1.231     1.12    1.18
   6681.946     1.712     1.30    1.28
   7052.423     1.976     0.71    1.22
   7422.824     2.133     0.42    1.09
   7793.150     2.305     0.47    0.81
   8163.399     2.596     0.79    0.48
   8533.572     2.846     0.68    0.53
   8903.669     3.177     0.89    0.62
   9273.691     3.528     0.95    0.61
   9643.636     4.030     1.36    0.57
  10013.506     4.369     0.91    0.49
  10383.300     4.642     0.74    0.60
  10753.018     4.891     0.67    0.73
  11122.661     4.930     0.11    0.89
  11492.228     4.954     0.06    1.01
  11861.719     5.122     0.45    1.16
  12231.135     5.577     1.23    1.42
  12600.475     6.410     2.25    1.68
  12969.740     7.508     2.97    1.78
  13338.930     8.539     2.79    1.83
  13708.044    10.062     4.13    2.97
  14077.083    12.080     5.47    4.33
  14446.047    14.783     7.32    4.59
  14814.935    17.386     7.06    3.75
  15183.748    21.515    11.20    7.16
  15552.486    29.796    22.46   14.79
  15921.149    40.234    28.31   18.33
  16289.738    52.613    33.59   18.04
  16658.251    61.353    23.72   14.94
  17026.689    62.834     4.02   16.77
  17395.052    54.560   -22.46   21.76
  17763.340    43.378   -30.36   21.42
  18131.554    32.837   -28.63   14.89
  18499.693    26.032   -18.48    5.91
  18867.757    24.816    -3.30    3.27
  19235.746    25.908     2.97    3.11
  19603.661    28.135     6.05    2.72
  19971.501    29.751     4.39    2.85
  20339.267    31.773     5.50    3.47
  20706.958    33.031     3.42    3.14
  21074.575    33.932     2.45    2.03
  21442.117    35.545     4.39    3.14
  21809.585    38.845     8.98    5.49
  22176.979    41.933     8.40    5.45
  22544.299    45.242     9.01    4.05
  22911.544    46.667     3.88    3.13
  23278.715    45.785    -2.40    3.57
  23645.812    44.518    -3.45    4.44
  24012.835    45.794     3.48    8.96
  24379.783    50.848    13.77   16.05
  24746.658    58.142    19.88   20.40
  25113.459    70.007    32.35   24.61
  25480.186    81.465    31.24   23.95
  25846.839    89.620    22.24   18.29
  26213.419    92.780     8.62   13.04
  26579.924    91.591    -3.24   11.75
  26946.356    95.475    10.60   14.67
  27312.714   103.294    21.34   17.06
  27678.998   111.158    21.47   15.78
  28045.209   115.751    12.54   15.66
  28411.347   112.528    -8.80   19.83
  28777.410   107.930   -12.56   21.30
  29143.401   101.846   -16.62   19.18
  29509.318    98.635    -8.78   14.76
  29875.161    98.160    -1.30   11.59
  30240.931   100.773     7.14   10.34
  30606.628   106.942    16.87    9.57
  30975.836   114.459    20.36    9.53
  31356.790   122.114    20.09    8.86
  31737.664   128.104    15.73    9.65
  32118.457   133.585    14.39   11.43
  32499.169   134.699     2.92   14.64
  32879.801   134.908     0.55   17.04
  33260.353   135.519     1.60   16.34
  33640.824   133.787    -4.55   13.36
  34021.215   135.190     3.69   10.27
  34401.526   140.371    13.62   12.48
  34781.756   148.688    21.87   15.08
  35161.906   159.317    27.96   14.21
  35541.976   166.513    18.93   13.17
  35921.966   175.010    22.36   12.10
  36301.876   181.373    16.75   11.95
  36681.707   189.200    20.61   10.94
  37061.457   194.997    15.26   11.67
  37441.127   204.701    25.56   15.08
  37820.718   216.301    30.56   18.67
  38200.228   228.345    31.73   18.48
  38579.659   238.610    27.05   16.14
  38959.011   247.606    23.71   11.84
  39338.282   251.932    11.41    9.08
  39717.474   256.443    11.89    9.15
  40096.587   262.212    15.22   10.08
  40475.620   270.584    22.09   12.32
  40854.574   278.442    20.74   14.02
  41233.448   289.241    28.50   17.50
  41612.243   298.531    24.52   20.97
  41990.959   307.201    22.89   22.55
  42369.596   309.587     6.30   21.23
  42748.153   318.028    22.30   25.21
  43126.631   333.351    40.48   33.88
  43505.030   364.486    82.28   47.21
  43883.350   391.328    70.95   42.81
  44261.591   412.739    56.60   40.12
  44639.754   428.033    40.44   38.74
  45017.837   443.395    40.63   36.20
  45395.841   453.919    27.84   30.47
  45773.767   460.997    18.73   15.76
  46151.614   456.999   -10.58   16.96
  46529.382   446.459   -27.90   23.37
  46907.072   435.920   -27.90   28.53
  47284.683   434.212    -4.52   37.60
  47662.215   434.515     0.80   43.20
  48039.669   433.233    -3.40   44.40
  48417.045   432.762    -1.25   38.50
  48794.342   438.030    13.96   36.58
  49171.561   445.376    19.47   33.37
  49548.701   451.019    14.96   25.39
  49925.764   446.234   -12.69   21.39
  50302.748   437.367   -23.52   18.06
  50679.654   428.493   -23.54   20.88
  51056.481   422.280   -16.49   25.15
  51433.231   411.787   -27.85   29.58
  51809.903   397.356   -38.31   30.74
  52186.497   378.753   -49.39   30.37
  52563.012   366.356   -32.93   26.59
  52939.450   360.942   -14.38   29.63
  53315.810   372.562    30.87   45.79
  53692.093   385.953    35.59   54.22
  54068.297   397.475    30.63   54.51
  54444.424   396.520    -2.54   49.11
  54820.474   405.551    24.02   46.12
  55196.445   411.745    16.47   44.93
  55572.340   419.836    21.52   45.38
  55948.156   423.250     9.09   50.78
  56323.895   420.345    -7.73   48.34
  56699.557   415.030   -14.15   41.63
  57075.142   395.899   -50.93   56.29
  57450.649   354.126  -111.24   67.22
  57826.079   298.280  -148.75   66.48
  58201.432   268.126   -80.33   51.29
  58576.707   255.382   -33.96   43.31
  58951.906   264.212    23.53   54.96
  59327.027   296.657    86.49   76.56
  59702.072   335.649   103.96   78.76
  60077.039   376.853   109.88   52.91
  60451.930   391.323    38.60   39.54
  60826.743   377.953   -35.67   54.63
  61201.480   347.706   -80.71   68.55
  61576.140   298.627  -130.99   77.15
  61950.723   251.595  -125.55   72.76
  62325.230   204.351  -126.14   50.53
  62699.660   179.470   -66.45   33.01
  63074.013   170.953   -22.75   26.76
  63448.290   184.856    37.14   46.88
  63822.490   212.840    74.78   64.13
  64196.614   237.388    65.61   64.69
  64570.662   256.851    52.03   48.98
  64944.633   264.280    19.86   37.02
  65318.528   267.249     7.94   23.61
  65692.346   264.780    -6.60   18.89
  66066.088   261.907    -7.69   15.64
  66439.754   258.736    -8.49   11.69
  66813.344   254.232   -12.06    8.49
  67186.858   248.551   -15.21    7.35
  67560.296   239.709   -23.68   12.11
  67933.658   225.965   -36.81   19.08
  68306.944   214.895   -29.65   17.99
  68680.154   201.986   -34.59   19.07
  69053.288   188.171   -37.02   19.05
  69426.346   185.725    -6.56   19.99
  69799.328   188.987     8.74   25.30
  70172.235   202.791    37.01   27.99
  70545.066   216.828    37.65   21.85
  70917.822   224.682    21.07   16.20
  71290.502   224.465    -0.58   15.18
  71663.106   228.470    10.75   16.37
  72035.635   234.189    15.35   20.39
  72408.088   246.382    32.73   23.57
  72780.466   258.660    32.97   23.83
  73152.769   277.173    49.72   29.71
  73524.996   298.291    56.73   39.14
  73897.149   330.576    86.75   50.74
  74269.225   367.160    98.32   56.18
  74641.227   401.380    91.98   45.96
  75013.154   415.530    38.04   34.99
  75385.005   415.215    -0.85   35.47
  75756.782   405.965   -24.88   43.44
  76128.483   390.047   -42.82   51.22
  76500.110   368.997   -56.64   59.72
  76871.661   344.882   -64.90   67.61
  77243.138   306.373  -103.66   60.90
  77614.540   280.209   -70.44   40.12
  77985.867   273.649   -17.66   28.80
  78357.119   286.271    34.00   44.40
  78728.297   312.258    70.01   58.31
  79099.400   335.374    62.29   61.52
  79470.429   354.742    52.20   60.77
  79841.383   355.605     2.33   53.25
  80212.262   349.128   -17.46   44.78
  80583.067   340.765   -22.55   36.24
  80953.798   327.137   -36.76   36.88
  81324.454   314.580   -33.87   37.30
  81695.036   300.514   -37.95   31.27
  82065.543   293.273   -19.54   28.90
  82435.977   286.481   -18.33   35.00
  82806.336   276.193   -27.78   40.40
  83176.621   254.906   -57.48   34.04
  83546.832   237.030   -48.28   27.84
  83916.969   224.325   -34.32   26.94
  84287.031   211.421   -34.87   26.66
  84657.020   197.798   -36.82   22.11
  85026.935   184.393   -36.24   15.16
  85396.776   185.624     3.33   27.26
  85766.544   209.096    63.48   54.22
  86136.237   232.712    63.87   61.09
  86505.857   254.920    60.08   53.10
  86875.403   262.323    20.03   49.69
  87244.875   261.158    -3.15   53.24
  87614.274   278.410    46.70   58.94
  87983.599   316.908   104.23   62.81
  88352.850   358.432   112.45   64.19
  88722.028   392.325    91.80   48.43
  89091.133   393.095     2.09   48.32
  89460.164   372.395   -56.09   66.78
  89829.122   319.345  -143.77   71.77
  90198.006   273.998  -122.92   56.82
  90566.818   232.118  -113.55   51.23
  90935.556   199.728   -87.84   47.25
  91304.221   168.531   -84.62   44.25
  91672.812   142.780   -69.86   39.01
  92041.331   114.043   -77.97   31.39
  92409.777    92.448   -58.61   28.11
  92778.149    70.090   -60.69   19.66
  93146.449    58.349   -31.88   12.81
  93514.675    59.581     3.34   25.45
  93882.829    96.617   100.59   72.40
  94250.910   140.365   118.85   87.19
  94618.918   186.373   125.01   77.11
  94986.853   226.735   109.69   59.35
  95354.716   250.878    65.63   72.43
  95722.506   264.909    38.15   75.85
  96090.223   271.107    16.86   72.86
  96457.868   257.065   -38.19   70.70
  96825.440   232.226   -67.57   64.45
  97192.940   195.558   -99.77   58.44
  97560.367   173.646   -59.63   49.67
  97927.722   163.009   -28.95   47.89
  98295.005   156.631   -17.36   53.88
  98662.215   150.420   -16.91   56.33
  99029.353   137.834   -34.28   52.28
  99396.418   120.198   -48.04   39.78
  99763.412   108.815   -31.01   31.80
 100130.333   103.553   -14.34   28.87
 100497.182    98.101   -14.86   27.66
 100863.959    96.807    -3.53   32.65
 101230.664    92.184   -12.61   37.97
 101597.297    87.010   -14.11   39.62
 101963.858    76.236   -29.39   35.11
 102330.348    67.647   -23.44   29.56
 102696.765    61.261   -17.43   23.28
 103063.111    58.560    -7.37   19.42
 103429.384    57.087    -4.02   16.87
 103795.586    55.874    -3.31   15.31
 104161.717    54.792    -2.95   14.52
 104527.775    51.620    -8.67   13.29
 104893.762    48.283    -9.12   12.90
 105259.678    43.624   -12.73   11.64
 105625.522    39.740   -10.62   11.29
 106005.828    35.811   -10.33   10.51
 106386.542    32.374    -9.03   10.02
 106767.177    28.687    -9.69    8.56
 107147.733    25.715    -7.81    6.55
 107528.211    23.653    -5.42    5.18
 107908.611    22.242    -3.71    4.68
 108288.933    20.184    -5.41    4.24
 108669.176    18.031    -5.66    3.24
 109049.341    16.416    -4.25    2.01
 109429.428    15.765    -1.71    1.64
 109809.437    15.745    -0.05    1.94
 110189.368    15.195    -1.45    1.96
 110569.221    13.976    -3.21    2.63
 110948.997    12.107    -4.92    2.64
 111328.694    10.669    -3.79    1.86
 111708.313     9.965    -1.86    1.20
 112087.855     9.883    -0.21    1.02
 112467.319     9.842    -0.11    1.04
 112846.705    10.095     0.67    1.46
 113226.014     9.863    -0.61    1.54
 113605.245     9.060    -2.12    1.66
 113984.398     8.298    -2.01    1.57
 114363.474     7.459    -2.21    0.96
 114742.473     7.019    -1.16    0.35
 115121.394     6.965    -0.14    0.00
 115500.237     7.190     0.60    0.96
 115879.004     7.941     1.98    2.08
 116257.693     7.943     0.00    2.35
 116636.305     7.332    -1.61    2.92
 117014.840     6.151    -3.12    2.95
 117393.297     4.549    -4.23    1.32
 117771.678     4.676     0.34    1.42
 118149.982     5.504     2.19    1.92
 118528.208     5.877     0.99    2.04
 118906.358     5.953     0.20    1.96
 119284.431     5.465    -1.29    1.78
 119662.427     4.884    -1.54    1.77
 120040.346     3.742    -3.02    2.33
 120418.188     1.781    -5.19    2.92
 120795.954    -0.178    -5.19    3.11
 121173.643    -2.797    -6.93    2.63
 121551.255    -4.332    -4.07    2.42
 121928.791    -5.342    -2.68    1.88
 122306.250    -5.469    -0.34    1.79
 122683.633    -5.342     0.34    1.93
 123060.939    -5.178     0.43    1.95
 123438.169    -5.183    -0.01    1.96
 123815.323    -5.182     0.00    1.95
 124192.401    -5.035     0.39    1.98
 124569.402    -4.680     0.94    1.96
 124946.327    -4.156     1.39    1.68
 125323.175    -4.135     0.06    1.57
 125699.948    -5.258    -2.98    2.17
 126076.645    -6.158    -2.39    1.94
 126453.265    -6.335    -0.47    1.93
 126829.810    -5.660     1.79    2.20
 127206.279    -4.710     2.53    1.96
 127582.672    -4.570     0.37    1.92
 127958.989    -4.947    -1.00    2.05
 128335.230    -5.321    -1.00    1.97
 128711.395    -6.035    -1.90    1.99
 129087.485    -6.420    -1.02    1.75
 129463.499    -5.880     1.44    2.53
 129839.438    -4.080     4.79    4.62
 130215.301     0.279    11.60    8.59
 130591.088     5.874    14.89   10.99
 130966.800    13.587    20.53   13.20
 131342.437    20.965    19.64   13.46
 131717.998    29.942    23.90   12.94
 132093.484    38.276    22.19   12.71
 132468.894    49.133    28.92   12.15
 132844.229    57.142    21.34   11.05
 133219.490    67.324    27.13   10.72
 133594.674    78.408    29.54   13.92
 133969.784    92.601    37.83   19.21
 134344.819   114.153    57.46   29.30
 134719.779   143.798    79.05   36.49
 135094.663   167.504    63.23   32.21
 135469.473   181.809    38.16   19.26
 135844.208   175.392   -17.12   28.16
 136218.868   147.612   -74.14   40.82
 136593.454   116.665   -82.61   39.21
 136967.964    85.419   -83.42   26.50
 137342.400    78.298   -19.02   22.06
 137716.761   103.360    66.94   55.53
 138091.047   141.898   102.95   71.88
 138465.259   161.261    51.74   70.35
 138839.397   149.576   -31.23   88.11
 139213.460   108.067  -110.96  104.93
 139587.448    57.709  -134.64   87.74
 139961.362     8.309  -132.10   29.41
 140335.202    -3.247   -30.91    4.38
 140708.967    -4.794    -4.14    1.09
 141082.658    -5.249    -1.22    0.92
 141456.275    -5.635    -1.03    0.83
 141829.818    -5.980    -0.92    0.27
 142203.286    -6.035    -0.15    0.00
 142576.681    -6.035     0.00    0.00
 142950.001    -6.035     0.00    0.00
 143323.248    -6.035     0.00    0.00
 143696.420    -6.035     0.00    0.00
 144069.519    -6.035     0.00    0.00
 144442.543    -6.035     0.00    0.00
 144815.494    -6.102    -0.18    0.36
 145188.371    -6.190    -0.24    0.48
 145561.174    -6.316    -0.34    0.66
 145933.904    -6.655    -0.91    0.85
 146306.560    -6.822    -0.45    0.90
 146679.142    -7.035    -0.57    0.92
 147051.651    -7.193    -0.42    0.94
 147424.086    -7.256    -0.17    0.97
 147796.448    -7.202     0.15    0.96
 148168.736    -7.081     0.32    0.95
 148540.951    -6.800     0.76    0.88
 148913.092    -6.669     0.35    0.80
 149285.160    -6.735    -0.18    0.98
 149657.155    -6.912    -0.47    1.21
 150029.077    -6.305     1.63    2.27
 150400.925    -5.013     3.48    2.92
 150772.701    -2.990     5.44    2.88
 151144.403    -1.280     4.60    1.94
 151516.032    -0.224     2.84    0.47
 151887.588    -0.058     0.45    0.15
 152259.071    -0.035     0.06    0.00
 152630.482    -0.024     0.03    0.11
 153001.819    -0.001     0.06    0.32
 153373.083     0.009     0.03    0.42
 153744.275     0.282     0.73    1.15
 154115.394     1.369     2.93    2.35
 154486.440     2.615     3.36    2.71
 154857.414     3.783     3.15    2.54
 155228.315     3.929     0.39    2.61
 155599.143     2.965    -2.60    2.85
 155969.899     1.953    -2.73    2.77
 156340.582     0.877    -2.90    2.10
 156711.193    -0.001    -2.37    0.64
 157081.732    -0.046    -0.12    0.10
 157452.198    -0.035     0.03    0.00
 157822.591    -0.035     0.00    0.00
 158192.913    -0.035     0.00    0.00
 158563.162    -0.035     0.00    0.00
 158933.339    -0.035     0.00    0.00
 159303.444    -0.035     0.00    0.00
 159673.476    -0.035     0.00    0.00
 160043.437    -0.035     0.00    0.00
 160413.325    -0.035     0.00    0.00
 160783.142    -0.035     0.00    0.00
 161152.887    -0.035     0.00    0.00
 161522.559    -0.035     0.00    0.00
 161892.160    -0.035     0.00    0.00
 162261.689    -0.035     0.00    0.00
 162631.146    -0.035     0.00    0.00
 163000.531    -0.035     0.00    0.00
 163369.845    -0.035     0.00    0.00
 163739.087    -0.035     0.00    0.00
 164108.258    -0.035     0.00    0.00
 164477.356    -0.035     0.00    0.00
 164846.384    -0.035     0.00    0.00
 165215.339    -0.058    -0.06    0.15
 165584.224    -0.265    -0.56    0.42
 165953.037    -0.519    -0.69    0.59
 166321.778    -1.149    -1.71    1.19
 166690.448    -1.721    -1.55    1.33
 167059.047    -1.863    -0.39    1.41
 167427.575    -1.631     0.63    1.58
 167796.031    -1.274     0.97    1.64
 168164.416    -1.047     0.62    1.51
 168532.731    -0.999     0.13    1.38
 168900.974    -0.935     0.17    1.23
 169269.146    -1.035    -0.27    0.98
 169637.246    -0.835     0.54    0.85
 170005.276    -0.541     0.80    0.59
 170373.236    -0.592    -0.14    0.69
 170741.124    -0.737    -0.39    0.81
 171108.941    -0.990    -0.69    0.82
 171476.688    -1.215    -0.61    0.72
 171844.363    -1.125     0.24    0.70
 172211.968    -0.706     1.14    0.72
 172579.503    -0.461     0.67    0.56
 172946.966    -0.490    -0.08    0.50
 173314.360    -0.650    -0.44    0.49
 173681.682    -0.811    -0.44    0.42
 174048.934    -0.879    -0.19    0.37
 174416.116    -0.774     0.29    0.44
 174783.227    -0.722     0.14    0.47
 175150.268    -0.581     0.38    0.50
 175517.238    -0.429     0.41    0.49
 175884.138    -0.235     0.53    0.40
 176250.968    -0.070     0.45    0.28
 176617.727     0.215     0.78    0.46
 176984.417     0.578     0.99    0.81
 177351.036     1.091     1.40    0.97
 177717.585     1.631     1.47    1.08
 178084.064     2.143     1.40    1.11
 178450.473     2.742     1.64    1.08
 178816.812     3.306     1.54    0.96
 179183.081     4.021     1.95    0.85
 179549.280     4.499     1.31    0.82
 179915.409     5.021     1.43    0.73
 180281.468     5.283     0.71    0.70
 180657.837     5.521     0.63    0.74
 181038.391     5.597     0.20    0.75
 181418.868     5.909     0.82    1.06
 181799.269     6.355     1.17    1.21
 182179.594     6.698     0.90    1.22
 182559.843     6.965     0.70    1.15
 182940.015     7.249     0.75    1.10
 183320.111     7.574     0.86    0.99
 183700.131     7.838     0.69    1.02
 184080.075     8.111     0.72    1.03
 184459.943     8.335     0.59    1.09
 184839.735     8.584     0.65    1.09
 185219.451     8.765     0.48    1.03
 185599.092     8.930     0.44    0.91
 185978.656     9.076     0.38    0.64
 186358.145     9.151     0.20    0.52
 186737.558     9.203     0.14    0.53
 187116.895     9.278     0.20    0.69
 187496.156     9.436     0.41    0.85
 187875.342     9.590     0.41    1.00
 188254.453     9.740     0.40    1.12
 188633.488    10.079     0.90    1.22
 189012.447    10.762     1.80    1.68
 189391.331    11.758     2.63    2.16
 189770.140    13.169     3.73    2.88
 190148.873    14.715     4.08    3.31
 190527.531    16.337     4.28    3.32
 190906.114    17.504     3.08    2.99
 191284.621    18.436     2.46    2.41
 191663.054    19.054     1.63    1.90
 192041.411    19.441     1.02    1.58
 192419.693    19.684     0.64    1.20
 192797.900    19.774     0.24    1.05
 193176.032    19.884     0.29    0.88
 193554.090    20.061     0.47    0.79
 193932.072    20.536     1.26    0.99
 194309.980    20.965     1.13    1.01
 194687.812    21.487     1.38    1.24
 195065.570    22.538     2.78    2.42
 195443.254    24.408     4.95    4.06
 195820.862    26.769     6.25    4.58
 196198.396    28.362     4.22    3.89
 196575.855    28.708     0.92    3.93
 196953.240    27.237    -3.90    4.23
 197330.551    25.117    -5.62    3.79
 197707.787    23.409    -4.53    3.25
 198084.948    21.813    -4.23    1.63
 198462.035    21.347    -1.24    0.68
 198839.048    21.282    -0.17    0.73
 199215.986    21.862     1.54    1.62
 199592.851    22.058     0.52    1.57
 199969.641    22.033    -0.07    1.40
 200346.357    21.999    -0.09    1.31
 200722.999    22.135     0.36    1.72
 201099.566    22.835     1.86    3.24
 201476.060    23.612     2.06    4.25
 201852.480    23.424    -0.50    4.12
 202228.826    22.804    -1.65    3.38
 202605.098    21.453    -3.59    1.52
 202981.296    21.171    -0.75    0.49
 203357.420    21.643     1.25    1.06
 203733.471    22.156     1.36    1.58
 204109.447    22.697     1.44    1.74
 204485.351    22.583    -0.30    1.53
 204861.180    22.317    -0.71    1.14
 205236.936    22.510     0.51    1.12
 205612.619    22.817     0.82    1.84
 205988.227    23.348     1.41    2.18
 206363.763    23.658     0.82    1.91
 206739.225    24.088     1.15    1.75
 207114.614    25.209     2.98    2.06
 207489.929    26.499     3.44    2.02
 207865.171    27.709     3.22    1.76
 208240.340    28.612     2.41    0.98
 208615.435    28.930     0.85    0.24
 208990.458    28.965     0.09    0.00
 209365.407    28.965     0.00    0.00
 209740.283    28.965     0.00    0.00
 210115.087    28.883    -0.22    0.28
 210489.817    28.715    -0.45    0.44
 210864.474    28.647    -0.18    0.47
 211239.059    28.749     0.27    0.56
 211613.570    29.044     0.79    0.70
 211988.009    29.546     1.34    0.66
 212362.375    30.090     1.45    0.71
 212736.668    30.627     1.44    0.68
 213110.888    31.183     1.48    0.69
 213485.036    31.717     1.43    0.68
 213859.111    32.200     1.29    0.65
 214233.114    32.627     1.14    0.66
 214607.044    32.965     0.90    0.73
 214980.902    33.197     0.62    0.82
 215354.687    33.534     0.90    1.04
 215728.400    34.034     1.34    1.29
 216102.040    34.758     1.94    1.45
 216475.609    35.594     2.24    1.34
 216849.104    36.569     2.61    1.10
 217222.528    37.192     1.67    0.94
 217595.880    37.758     1.52    0.84
 217969.159    38.260     1.35    1.06
 218342.366    38.825     1.51    1.28
 218715.501    39.430     1.62    1.72
 219088.564    40.405     2.61    1.92
 219461.555    41.585     3.16    1.96
 219834.474    43.165     4.23    2.27
 220207.322    44.442     3.43    2.78
 220580.097    46.317     5.03    5.25
 220952.801    49.194     7.72    8.65
 221325.432    52.203     8.07   10.02
 221697.993    53.252     2.82    9.25
 222070.481    53.001    -0.67    7.75
 222442.898    52.309    -1.86    5.87
 222815.243    51.599    -1.91    4.28
 223187.516    51.735     0.37    3.01
 223559.718    51.416    -0.86    1.83
 223931.849    51.082    -0.90    0.68
 224303.908    51.038    -0.12    0.31
 224675.896    51.090     0.14    0.33
 225047.812    51.318     0.61    0.48
 225419.657    51.740     1.13    0.72
 225791.430    52.254     1.38    0.72
 226163.133    52.689     1.17    0.52
 226534.764    52.988     0.81    0.44
 226906.324    53.271     0.76    0.49
 227277.813    53.905     1.71    1.17
 227649.231    55.351     3.89    2.21
 228020.578    57.024     4.50    2.38
 228391.854    58.578     4.19    1.80
 228763.059    59.700     3.02    1.07
 229134.193    60.505     2.17    0.71
 229505.256    60.999     1.33    0.71
 229876.248    61.267     0.72    0.75
 230247.169    61.194    -0.20    0.89
 230618.020    60.805    -1.05    0.97
 230988.800    60.541    -0.71    0.79
 231359.509    61.203     1.79    1.54
 231730.148    62.135     2.51    1.76
 232100.716    63.230     2.95    1.33
 232471.213    63.953     1.95    0.51
 232841.640    64.321     0.99    0.61
 233211.997    64.794     1.28    0.95
 233582.283    65.476     1.84    1.11
 233952.499    66.203     1.96    1.27
 234322.644    66.941     1.99    1.36
 234692.719    67.751     2.19    1.64
 235062.724    68.647     2.42    1.80
 235432.658    69.771     3.04    2.00
 235802.522    71.099     3.59    1.86
 236172.316    72.735     4.42    2.34
 236542.040    74.526     4.84    2.27
 236911.694    76.430     5.15    2.33
 237281.278    78.262     4.96    1.92
 237650.792    79.930     4.51    1.85
 238020.236    81.390     3.95    1.87
 238389.610    82.988     4.32    1.54
 238758.914    83.999     2.74    1.25
 239128.148    85.047     2.84    0.98
 239497.313    85.662     1.67    0.97
 239866.408    86.767     2.99    1.79
 240235.433    88.516     4.74    2.82
 240604.388    91.125     7.07    3.62
 240973.274    93.783     7.20    3.53
 241342.090    96.357     6.98    2.78
 241710.836    98.395     5.52    2.46
 242079.513   100.160     4.79    2.29
 242448.121   101.895     4.71    2.51
 242816.659   103.647     4.75    2.29
 243185.127   105.362     4.65    2.46
 243553.527   107.137     4.82    2.14
 243921.857   108.796     4.50    2.26
 244290.117   110.405     4.37    2.22
 244658.309   112.578     5.90    2.62
 245026.431   114.581     5.44    2.98
 245394.484   117.325     7.45    3.25
 245762.468   119.574     6.11    3.07
 246130.383   122.203     7.15    2.93
 246498.228   124.810     7.08    3.78
 246866.005   130.137    14.48    7.63
 247233.713   137.090    18.90   10.46
 247601.352   144.940    21.35   10.67
 247968.921   151.511    17.87    9.13
 248336.422   156.465    13.48    7.85
 248703.855   159.511     8.29    9.06
 249071.218   161.696     5.95   11.25
 249438.513   163.499     4.91   12.78
 249805.739   165.440     5.29   15.23
 250172.896   169.953    12.29   20.18
 250539.985   174.310    11.87   23.85
 250907.005   182.908    23.42   26.43
 251273.956   192.372    25.79   28.34
 251640.839   206.047    37.27   29.62
 252007.654   212.729    18.21   27.73
 252374.400   214.406     4.57   27.01
 252741.077   213.616    -2.16   24.50
 253107.687   214.405     2.15   22.95
 253474.228   223.090    23.69   26.11
 253840.700   240.310    46.98   26.27
 254207.105   258.510    49.66   20.65
 254573.441   270.199    31.90   16.45
 254939.709   276.206    16.40   12.20
 255312.455   274.769    -3.85   13.95
 255692.853   266.240   -22.42   18.35
 256073.177   260.465   -15.18   16.62
 256453.427   258.328    -5.62   16.72
 256833.602   250.767   -19.88   28.99
 257213.703   237.378   -35.22   35.60
 257593.730   220.929   -43.28   32.82
 257973.683   211.546   -24.69   22.38
 258353.562   211.379    -0.44   19.26
 258733.366   222.396    29.00   25.03
 259113.097   238.294    41.86   25.19
 259492.754   254.155    41.77   19.19
 259872.337   266.851    33.44   15.96
 260251.846   275.171    21.92   13.02
 260631.281   282.070    18.18   10.06
 261010.642   282.860     2.08   12.67
 261389.930   279.081    -9.96   21.97
 261769.144   271.726   -19.39   31.07
 262148.284   263.255   -22.34   35.30
 262527.350   252.782   -27.62   36.29
 262906.344   242.278   -27.71   34.52
 263285.263   232.681   -25.32   31.73
 263664.109   222.294   -27.41   26.13
 264042.882   214.427   -20.77   18.50
 264421.581   211.861    -6.77   12.88
 264800.207   213.190     3.51   11.40
 265178.759   219.252    16.01   16.31
 265557.238   228.500    24.43   20.83
 265935.644   237.680    24.26   24.59
 266313.977   245.531    20.75   26.69
 266692.237   254.011    22.41   27.87
 267070.423   261.060    18.63   28.08
 267448.537   269.360    21.95   28.38
 267826.577   275.569    16.42   29.43
 268204.545   281.670    16.14   31.42
 268582.439   288.529    18.15   36.24
 268960.261   297.396    23.46   41.11
 269338.009   305.750    22.11   44.79
 269715.685   314.906    24.24   46.94
 270093.289   324.507    25.42   48.62
