-136267.037    41.277     0.00    4.76
-135900.889    39.131    -5.86    2.20
-135534.816    37.799    -3.64    2.45
-135168.815    36.073    -4.71    4.07
-134802.888    34.337    -4.75    4.98
-134437.035    32.793    -4.22    5.28
-134071.254    31.412    -3.77    5.66
-133705.547    29.557    -5.07    5.77
-133327.919    27.319    -5.93    4.88
-132946.963    24.903    -6.34    2.64
-132566.088    23.517    -3.64    1.76
-132185.292    22.192    -3.48    1.77
-131804.578    20.854    -3.51    1.79
-131423.943    19.293    -4.10    1.70
-131043.389    17.993    -3.41    1.48
-130662.916    16.740    -3.29    1.31
-130282.522    15.697    -2.74    1.19
-129902.209    18.566     7.55   10.24
-129521.976    29.274    28.16   23.08
-129141.823    56.794    72.40   42.50
-128761.750    88.494    83.41   43.52
-128381.757   112.410    62.94   30.70
-128001.844   124.156    30.92   22.85
-127622.011   119.934   -11.12   24.35
-127242.258   108.405   -30.36   27.25
-126862.584    89.772   -49.08   32.34
-126482.990    68.940   -54.88   27.28
-126103.476    54.208   -38.82   19.93
-125724.042    43.812   -27.40    6.65
-125344.687    41.479    -6.15    2.40
-124965.412    40.917    -1.48    1.27
-124586.216    40.436    -1.27    1.70
-124207.100    37.708    -7.20    4.90
-123828.063    34.536    -8.37    5.89
-123449.105    33.321    -3.20    5.83
-123070.227    34.889     4.14    6.65
-122691.428    39.299    11.64    7.50
-122312.708    45.282    15.80    7.68
-121934.068    51.000    15.10    5.72
-121555.506    54.213     8.49    3.77
-121177.024    54.641     1.13    3.46
-120798.620    51.664    -7.87    5.66
-120420.296    47.430   -11.19    6.09
-120042.050    43.284   -10.96    4.32
-119663.884    40.985    -6.08    1.57
-119285.796    40.686    -0.79    1.10
-118907.786    40.508    -0.47    0.69
-118529.856    40.610     0.27    0.33
-118152.004    40.708     0.26    0.00
-117774.231    40.708     0.00    0.00
-117396.537    40.708     0.00    0.00
-117018.920    40.708     0.00    0.00
-116641.383    40.630    -0.21    0.37
-116263.924    40.202    -1.13    1.24
-115886.543    38.821    -3.66    3.17
-115509.241    36.600    -5.89    5.19
-115132.016    33.140    -9.17    6.43
-114754.870    30.084    -8.10    6.10
-114377.803    27.310    -7.36    3.99
-114000.813    26.407    -2.40    1.98
-113623.902    27.435     2.73    2.94
-113247.068    30.299     7.60    4.77
-112870.313    33.912     9.59    4.68
-112493.635    35.923     5.34    3.75
-112117.035    36.583     1.75    2.89
-111740.514    35.987    -1.58    2.98
-111364.070    36.140     0.40    2.55
-110987.703    37.116     2.60    2.16
-110611.415    37.890     2.06    1.98
-110235.204    37.958     0.18    2.51
-109859.071    37.501    -1.21    3.28
-109483.015    37.262    -0.63    3.44
-109107.037    37.248    -0.04    3.04
-108731.136    37.890     1.71    2.71
-108355.313    38.787     2.39    2.25
-107979.567    39.944     3.08    1.26
-107603.898    40.492     1.46    0.49
-107228.307    40.251    -0.64    0.67
-106852.793    39.616    -1.69    1.10
-106477.356    38.806    -2.16    1.17
-106101.996    38.282    -1.39    0.87
-105726.713    38.186    -0.26    0.76
-105351.508    38.382     0.52    0.80
-104976.379    38.751     0.98    0.84
-104601.327    39.126     1.00    1.00
-104226.353    39.860     1.96    1.19
-103851.455    40.824     2.57    1.24
-103476.634    41.947     3.00    1.23
-103101.889    43.115     3.12    1.31
-102727.222    44.360     3.32    1.51
-102352.631    45.533     3.13    1.21
-101978.116    46.306     2.06    0.91
-101603.678    46.821     1.38    0.78
-101229.317    47.153     0.89    0.87
-100855.032    47.219     0.18    1.21
-100480.824    46.990    -0.61    1.81
-100106.692    46.786    -0.55    1.99
 -99732.637    46.631    -0.42    2.01
 -99358.657    46.594    -0.10    1.75
 -98984.754    46.338    -0.68    1.47
 -98610.927    46.435     0.26    1.28
 -98237.177    46.632     0.53    1.25
 -97863.502    46.427    -0.55    1.43
 -97489.904    46.208    -0.59    1.63
 -97116.381    47.519     3.51    3.37
 -96742.935    50.784     8.74    6.13
 -96369.564    56.408    15.06    9.41
 -95996.270    65.987    25.66   15.28
 -95623.051    67.897     5.12   19.01
 -95249.908    60.977   -18.55   27.13
 -94876.841    48.752   -32.77   31.25
 -94503.849    29.708   -51.06   20.09
 -94130.933    19.303   -27.90    8.81
 -93758.093    14.326   -13.35    3.59
 -93385.328    12.947    -3.70    2.53
 -93012.639    13.616     1.79    3.81
 -92640.025    16.469     7.66    5.83
 -92267.487    20.161     9.91    6.63
 -91895.024    24.447    11.51    7.49
 -91522.636    28.998    12.22    8.42
 -91150.324    32.599     9.67    7.75
 -90778.087    35.041     6.56    6.76
 -90405.925    35.306     0.71    5.20
 -90033.838    33.774    -4.12    4.91
 -89661.826    31.653    -5.70    4.59
 -89289.890    29.070    -6.95    4.19
 -88918.028    26.719    -6.32    3.29
 -88546.242    24.987    -4.66    2.63
 -88174.530    22.752    -6.01    2.69
 -87802.894    21.092    -4.47    2.88
 -87431.332    20.202    -2.40    3.86
 -87059.845    19.873    -0.89    4.90
 -86688.432    20.041     0.45    5.65
 -86317.095    19.740    -0.81    5.95
 -85945.832    18.067    -4.51    5.69
 -85574.643    16.371    -4.57    5.57
 -85203.530    14.049    -6.26    5.39
 -84832.490    12.353    -4.57    6.09
 -84461.526    11.305    -2.82    6.73
 -84090.635    10.450    -2.31    6.41
 -83719.819     9.522    -2.50    4.78
 -83349.078     9.001    -1.40    2.75
 -82978.411     8.932    -0.19    1.18
 -82607.818     8.763    -0.46    1.02
 -82237.299     8.185    -1.56    1.08
 -81866.854     7.829    -0.96    0.99
 -81496.484     7.966     0.37    1.20
 -81126.187     8.652     1.85    1.49
 -80755.965     9.132     1.30    1.39
 -80385.817     9.299     0.45    1.39
 -80015.742     8.923    -1.02    1.52
 -79645.742     8.424    -1.35    1.45
 -79275.815     8.052    -1.00    1.26
 -78905.962     8.053     0.00    1.20
 -78536.183     8.174     0.33    1.19
 -78166.478     8.208     0.09    1.08
 -77796.846     8.334     0.34    0.78
 -77427.289     8.355     0.06    0.63
 -77057.804     8.295    -0.16    0.76
 -76688.393     8.435     0.38    0.77
 -76319.056     8.719     0.77    0.65
 -75949.792     8.946     0.62    0.45
 -75580.602     8.936    -0.03    0.47
 -75211.485     8.819    -0.32    0.38
 -74842.441     8.719    -0.27    0.18
 -74473.471     8.708    -0.03    0.00
 -74104.574     8.570    -0.37    0.35
 -73735.750     7.345    -3.32    3.27
 -73366.999     4.975    -6.43    5.29
 -72998.322     2.808    -5.88    5.99
 -72629.717     1.824    -2.67    5.85
 -72261.186     2.696     2.37    5.75
 -71892.727     3.754     2.87    5.39
 -71524.342     4.497     2.02    4.97
 -71156.029     4.571     0.20    4.94
 -70787.790     3.807    -2.08    5.18
 -70419.623     3.427    -1.03    5.33
 -70051.529     3.422    -0.01    5.57
 -69683.507     4.191     2.09    5.68
 -69315.558     5.574     3.76    5.58
 -68947.682     8.099     6.86    3.81
 -68579.879    10.213     5.75    2.60
 -68212.148    12.554     6.36    5.56
 -67844.490    15.719     8.61    7.16
 -67476.904    19.752    10.97    8.07
 -67109.391    23.545    10.32    7.42
 -66741.950    26.873     9.06    5.09
 -66374.581    29.208     6.36    2.47
 -66007.285    30.543     3.64    3.05
 -65640.060    31.852     3.57    3.47
 -65272.909    33.987     5.82    3.76
 -64905.829    36.301     6.30    3.49
 -64538.821    38.474     5.92    2.34
 -64171.886    39.422     2.58    1.47
 -63805.023    39.861     1.20    1.38
 -63438.231    39.982     0.33    1.76
 -63071.512    40.208     0.61    1.74
 -62704.864    40.523     0.86    1.62
 -62338.289    41.317     2.17    1.75
 -61971.785    43.541     6.07    3.60
 -61605.353    46.263     7.43    4.72
 -61238.993    49.407     8.58    4.73
 -60872.705    51.819     6.59    3.95
 -60506.488    52.786     2.64    3.28
 -60140.343    52.719    -0.19    3.30
 -59774.269    52.277    -1.21    3.45
 -59408.267    51.979    -0.81    3.08
 -59042.337    51.821    -0.43    2.75
 -58669.067    51.675    -0.39    2.64
 -58288.272    51.650    -0.06    2.62
 -57907.555    51.503    -0.39    2.63
 -57526.917    51.178    -0.85    2.82
 -57146.357    50.587    -1.55    3.26
 -56765.875    49.859    -1.91    3.82
 -56385.472    49.008    -2.24    3.92
 -56005.146    48.155    -2.24    4.03
 -55624.899    47.494    -1.74    3.49
 -55244.730    46.929    -1.49    3.33
 -54864.639    46.285    -1.69    3.65
 -54484.626    46.213    -0.19    4.36
 -54104.691    46.356     0.38    5.04
 -53724.834    46.558     0.53    5.56
 -53345.054    46.114    -1.17    5.42
 -52965.353    44.811    -3.43    4.39
 -52585.729    43.488    -3.49    3.10
 -52206.183    42.356    -2.98    1.98
 -51826.714    41.619    -1.94    1.39
 -51447.324    41.186    -1.14    0.86
 -51068.010    41.141    -0.12    0.69
 -50688.775    41.130    -0.03    0.70
 -50309.616    41.180     0.13    0.74
 -49930.536    41.219     0.10    0.75
 -49551.532    41.526     0.81    1.07
 -49172.606    42.629     2.91    2.17
 -48793.757    43.995     3.61    3.16
 -48414.986    45.285     3.41    3.69
 -48036.291    45.530     0.65    3.77
 -47657.674    45.587     0.15    3.77
 -47279.134    46.000     1.09    4.13
 -46900.671    46.653     1.73    4.47
 -46522.285    47.371     1.90    4.12
 -46143.976    47.916     1.44    4.12
 -45765.744    47.259    -1.74    4.28
 -45387.588    45.675    -4.19    4.39
 -45009.510    44.266    -3.73    4.18
 -44631.508    42.993    -3.37    3.34
 -44253.583    42.660    -0.88    2.79
 -43875.735    44.921     5.98    5.06
 -43497.963    47.315     6.34    5.13
 -43120.268    48.202     2.35    4.55
 -42742.649    47.493    -1.88    4.65
 -42365.107    46.000    -3.96    4.54
 -41987.642    44.851    -3.04    4.71
 -41610.252    44.308    -1.44    4.49
 -41232.940    44.041    -0.71    4.24
 -40855.703    44.609     1.51    4.49
 -40478.543    44.836     0.60    4.68
 -40101.459    43.990    -2.24    4.26
 -39724.451    42.080    -5.07    4.44
 -39347.519    37.686   -11.66    5.34
 -38970.664    33.557   -10.96    6.02
 -38593.884    30.246    -8.79    5.21
 -38217.180    28.101    -5.70    3.10
 -37840.553    27.374    -1.93    2.64
 -37464.001    27.155    -0.58    2.48
 -37087.525    26.550    -1.61    1.64
 -36711.125    25.925    -1.66    0.73
 -36334.801    25.135    -2.10    1.18
 -35958.552    23.949    -3.15    2.14
 -35582.379    20.955    -7.96    4.15
 -35206.282    17.470    -9.27    4.55
 -34830.260    14.341    -8.32    4.35
 -34454.314    11.232    -8.27    2.68
 -34078.443     9.642    -4.23    1.72
 -33702.648     8.649    -2.64    0.73
 -33326.928     8.208    -1.17    0.62
 -32951.284     7.754    -1.21    0.65
 -32575.715     7.392    -0.96    0.61
 -32200.221     7.077    -0.84    0.58
 -31824.802     6.807    -0.72    0.54
 -31449.459     6.696    -0.30    0.67
 -31074.191     6.652    -0.12    0.87
 -30698.997     6.732     0.21    1.05
 -30323.879     6.741     0.03    1.14
 -29948.836     6.958     0.58    1.21
 -29573.868     7.174     0.58    1.16
 -29198.975     7.386     0.57    1.10
 -28824.156     7.663     0.74    0.98
 -28449.413     7.898     0.63    0.88
 -28074.744     8.097     0.53    0.77
 -27700.150     8.065    -0.08    0.74
 -27325.630     7.719    -0.92    0.85
 -26951.185     7.243    -1.27    0.73
 -26576.815     6.642    -1.60    0.71
 -26202.520     6.172    -1.26    0.50
 -25828.299     5.774    -1.06    0.77
 -25454.152     4.672    -2.94    2.70
 -25080.080     2.852    -4.87    4.44
 -24706.082     2.301    -1.47    5.07
 -24332.159     3.180     2.35    6.45
 -23958.310     4.208     2.75    7.71
 -23584.535     5.438     3.29    8.97
 -23210.834     4.926    -1.37    8.42
 -22837.207     2.419    -6.71    6.71
 -22463.655     1.151    -3.39    5.04
 -22090.177     3.930     7.44    8.65
 -21716.772     9.393    14.63   14.19
 -21343.442    18.452    24.27   19.16
 -20970.186    30.433    32.10   19.39
 -20597.003    39.483    24.25   14.15
 -20223.895    47.765    22.20   15.70
 -19850.860    57.314    25.60   16.59
 -19477.899    65.049    20.74   15.63
 -19105.012    70.640    15.00   17.57
 -18732.198    72.352     4.59   19.21
 -18359.458    71.852    -1.34   19.49
 -17986.792    66.157   -15.28   15.91
 -17614.199    61.083   -13.62   12.50
 -17241.679    58.011    -8.25   14.72
 -16869.234    51.087   -18.59   20.36
 -16496.861    42.753   -22.38   23.51
 -16124.562    34.236   -22.87   22.68
 -15752.336    31.359    -7.73   24.42
 -15380.184    30.138    -3.28   29.47
 -15008.105    28.685    -3.90   28.83
 -14636.099    23.103   -15.01   24.09
 -14264.166    17.015   -16.37   18.18
 -13892.306    10.650   -17.12    8.27
 -13520.520     7.697    -7.94    3.31
 -13148.806     6.077    -4.36    1.75
 -12777.166     5.219    -2.31    1.63
 -12405.598     4.636    -1.57    1.39
 -12034.104     4.287    -0.94    1.17
 -11662.682     4.053    -0.63    1.07
 -11291.333     3.989    -0.17    1.11
 -10920.057     4.138     0.40    1.08
 -10548.853     4.292     0.41    1.09
 -10177.722     4.627     0.90    1.11
  -9806.664     5.003     1.01    1.20
  -9435.679     5.526     1.41    1.34
  -9064.766     6.341     2.20    1.91
  -8693.925     7.844     4.05    4.63
  -8323.158    10.537     7.26    7.42
  -7952.462    14.584    10.92   11.14
  -7581.839    22.935    22.53   15.78
  -7211.288    33.730    29.13   18.56
  -6840.810    45.287    31.20   17.43
  -6470.404    50.071    12.92   15.85
  -6100.070    48.961    -3.00   14.94
  -5729.808    40.041   -24.09   14.86
  -5359.619    30.406   -26.03   13.12
  -4989.501    22.230   -22.09   11.36
  -4619.456    17.351   -13.19   10.59
  -4249.483    13.146   -11.36    8.40
  -3879.581    10.021    -8.45    6.30
  -3509.752     7.562    -6.65    4.68
  -3139.994     5.167    -6.47    3.32
  -2770.309     3.314    -5.01    2.14
  -2400.695     2.141    -3.17    0.95
  -2031.153     1.730    -1.11    0.15
  -1661.682     1.708    -0.06    0.00
  -1292.284     1.594    -0.31    0.41
   -922.957     1.292    -0.82    0.78
   -553.701     0.833    -1.24    0.98
   -184.518     0.374    -1.24    0.92
    184.595     0.026    -0.94    0.69
    553.636     0.092     0.18    0.76
    922.605     0.567     1.29    0.97
   1291.503     1.041     1.29    0.91
   1660.330     1.491     1.22    0.56
   2029.085     1.708     0.59    0.00
   2397.769     1.708     0.00    0.00
   2766.382     1.696    -0.03    0.11
   3134.923     1.570    -0.34    0.35
   3503.394     1.537    -0.09    0.38
   3871.793     1.497    -0.11    0.41
   4240.121     1.497     0.00    0.41
   4608.379     1.594     0.26    0.32
   4976.565     1.651     0.15    0.23
   5344.680     1.708     0.15    0.00
   5712.724     1.708     0.00    0.00
   6080.698     1.685    -0.06    0.15
   6448.601     1.673    -0.03    0.18
   6816.432     1.708     0.09    0.00
   7184.194     1.708     0.00    0.00
   7551.884     1.730     0.06    0.15
   7919.504     1.769     0.10    0.24
   8287.053     1.798     0.08    0.29
   8654.532     1.800     0.01    0.29
   9021.940     1.775    -0.07    0.25
   9389.277     1.708    -0.18    0.00
   9756.544     1.708     0.00    0.00
  10123.741     1.708     0.00    0.00
  10490.867     1.708     0.00    0.00
  10857.923     1.708     0.00    0.00
  11224.909     1.708     0.00    0.00
  11591.824     1.708     0.00    0.00
  11958.669     1.708     0.00    0.00
  12325.444     1.708     0.00    0.00
  12692.149     1.708     0.00    0.00
  13058.784     1.708     0.00    0.00
  13425.348     1.823     0.31    0.32
  13791.843     2.337     1.40    0.97
  14158.267     3.007     1.83    1.36
  14524.622     3.969     2.63    1.49
  14890.907     4.833     2.36    1.29
  15257.122     5.604     2.11    0.84
  15623.267     5.921     0.87    0.71
  15992.520     6.279     0.97    0.66
  16373.159     6.560     0.74    0.69
  16753.722     6.859     0.79    0.68
  17134.208     7.162     0.80    0.68
  17514.618     7.526     0.96    0.86
  17894.952     7.775     0.66    0.95
  18275.210     7.992     0.57    0.93
  18655.392     7.980    -0.03    0.92
  19035.497     7.932    -0.13    0.73
  19415.527     7.949     0.04    0.75
  19795.480     8.230     0.74    0.94
  20175.358     8.662     1.14    1.06
  20555.159     9.374     1.88    1.36
  20934.885    10.161     2.07    1.58
  21314.535    11.258     2.89    1.90
  21694.110    11.922     1.75    1.91
  22073.608    12.271     0.92    1.78
  22453.031    12.214    -0.15    1.52
  22832.378    11.641    -1.51    1.19
  23211.650    11.171    -1.24    0.72
  23590.846    11.108    -0.17    0.63
  23969.967    11.708     1.58    1.38
  24349.012    13.053     3.55    1.96
  24727.982    14.434     3.64    1.73
  25106.876    15.112     1.79    1.47
  25485.695    15.272     0.42    1.30
  25864.439    14.921    -0.93    1.31
  26243.108    14.294    -1.66    1.39
  26621.701    13.427    -2.29    1.53
  27000.219    12.443    -2.60    1.47
  27378.663    11.571    -2.30    1.30
  27757.031    10.924    -1.71    1.06
  28135.324    10.510    -1.09    0.87
  28513.542    10.276    -0.62    0.71
  28891.685    10.103    -0.46    0.62
  29269.754     9.833    -0.72    0.66
  29647.747     9.617    -0.57    0.80
  30025.666     9.312    -0.81    0.83
  30403.510     9.010    -0.80    0.83
  30781.280     8.708    -0.80    0.78
  31158.974     8.363    -0.91    0.78
  31536.594     7.992    -0.98    0.74
  31914.140     7.708    -0.75    0.71
  32291.611     7.549    -0.42    0.60
  32669.008     7.498    -0.13    0.53
  33046.330     7.753     0.68    0.73
  33423.577     7.958     0.54    0.80
  33800.751     8.049     0.24    0.84
  34177.850     7.946    -0.27    0.87
  34554.875     7.776    -0.45    0.84
  34931.825     7.472    -0.81    0.90
  35308.702     7.108    -0.97    0.93
  35685.504     6.684    -1.12    1.05
  36062.232     6.202    -1.28    1.07
  36438.887     5.622    -1.54    1.19
  36815.467     4.969    -1.73    1.12
  37191.973     4.293    -1.80    1.12
  37568.405     3.640    -1.74    0.99
  37944.764     2.970    -1.78    0.91
  38321.048     2.385    -1.55    0.79
  38697.259     1.830    -1.48    0.76
  39073.396     1.412    -1.11    0.70
  39449.460     0.927    -1.29    0.61
  39825.450     0.478    -1.20    0.64
  40201.366     0.074    -1.08    0.48
  40577.208    -0.131    -0.55    0.40
  40952.978    -0.109     0.06    0.50
  41328.673     0.030     0.37    0.60
  41704.295     0.208     0.47    0.59
  42079.844     0.241     0.09    0.52
  42455.319     0.057    -0.49    0.55
  42830.722    -0.154    -0.56    0.55
  43206.050    -0.390    -0.63    0.43
  43581.306    -0.520    -0.35    0.42
  43956.488    -0.780    -0.69    0.63
  44331.598    -1.416    -1.69    0.96
  44706.634    -2.012    -1.59    0.88
  45081.597    -2.570    -1.49    0.65
  45456.487    -2.943    -0.99    0.48
  45831.304    -3.097    -0.41    0.40
  46206.048    -3.244    -0.39    0.22
  46580.720    -3.292    -0.13    0.00
  46955.318    -3.292     0.00    0.00
  47329.844    -3.292     0.00    0.00
  47704.297    -3.292     0.00    0.00
  48078.677    -3.292     0.00    0.00
  48452.985    -3.292     0.00    0.00
  48827.220    -3.292     0.00    0.00
  49201.382    -3.292     0.00    0.00
  49575.472    -3.292     0.00    0.00
  49949.489    -3.292     0.00    0.00
  50323.434    -3.292     0.00    0.00
  50697.306    -3.292     0.00    0.00
  51071.106    -3.292     0.00    0.00
  51444.834    -3.183     0.29    0.31
  51818.489    -3.008     0.47    0.45
  52192.072    -2.902     0.28    0.49
  52565.583    -2.856     0.12    0.50
  52939.022    -2.926    -0.19    0.48
  53312.388    -3.088    -0.43    0.41
  53685.683    -3.183    -0.25    0.31
  54058.905    -3.281    -0.26    0.11
  54432.056    -3.292    -0.03    0.00
  54805.134    -3.292     0.00    0.00
  55178.141    -3.292     0.00    0.00
  55551.076    -3.292     0.00    0.00
  55923.938    -3.222     0.19    0.26
  56296.729    -3.008     0.57    0.45
  56669.449    -2.728     0.75    0.57
  57042.096    -2.372     0.95    0.61
  57414.672    -2.025     0.93    0.52
  57787.176    -1.656     0.99    0.53
  58159.609    -1.467     0.51    0.51
  58531.970    -1.213     0.68    0.51
  58904.260    -0.947     0.71    0.50
  59276.478    -0.497     1.21    0.76
  59648.624     0.084     1.56    0.94
  60020.700     0.924     2.26    1.03
  60392.704     1.742     2.20    1.19
  60764.636     2.896     3.10    1.37
  61136.498     4.053     3.11    1.49
  61508.288     5.328     3.43    1.47
  61880.007     6.390     2.86    1.24
  62251.654     7.440     2.83    0.98
  62623.231     8.131     1.86    0.78
  62994.737     8.742     1.64    0.73
  63366.171     9.162     1.13    0.68
  63737.535     9.541     1.02    0.73
  64108.828     9.901     0.97    0.77
  64480.050    10.173     0.73    0.81
  64851.200    10.248     0.20    0.97
  65222.281    10.565     0.85    1.20
  65593.290    11.378     2.19    1.69
  65964.228    12.491     3.00    2.18
  66335.096    13.852     3.67    2.63
  66705.894    14.939     2.93    2.80
  67076.620    15.208     0.72    3.40
  67447.276    14.732    -1.28    4.02
  67817.862    13.892    -2.27    3.92
  68188.377    12.781    -3.00    3.19
  68558.821    11.446    -3.60    2.04
  68929.195    10.623    -2.22    1.45
  69299.499    10.179    -1.20    1.19
  69669.732    10.220     0.11    1.66
  70039.896    10.526     0.83    1.99
  70409.988    11.219     1.87    3.14
  70780.011    13.754     6.85    5.91
  71149.963    15.915     5.84    6.90
  71519.846    19.446     9.55    7.85
  71889.658    22.437     8.09    8.52
  72259.400    27.489    13.66    9.34
  72629.072    32.393    13.26    8.22
  72998.674    36.828    12.00    5.46
  73368.207    38.259     3.87    6.07
  73737.669    40.243     5.37    6.58
  74107.061    43.765     9.54    6.16
  74476.384    48.017    11.51    5.75
  74845.637    51.305     8.90    4.91
  75214.820    53.362     5.57    5.08
  75583.933    54.034     1.82    6.94
  75952.977    53.793    -0.65    8.19
  76321.951    51.995    -4.87    9.94
  76690.855    51.037    -2.60   10.93
  77059.690    52.594     4.22   10.00
  77428.456    54.743     5.83   11.13
  77797.152    64.007    25.12   20.95
  78165.778    74.720    29.06   27.01
  78534.335    92.301    47.70   36.78
  78902.823   103.952    31.62   37.57
  79271.242   118.279    38.89   39.04
  79639.591   123.449    14.04   36.27
  80007.871   129.777    17.18   33.52
  80376.082   134.593    13.08   31.55
  80744.223   138.150     9.66   27.29
  81112.296   137.179    -2.64   24.96
  81480.299   133.045   -11.23   27.02
  81848.234   124.265   -23.86   26.02
  82216.099   118.525   -15.60   22.18
  82583.895   138.162    53.39   38.34
  82951.623   168.424    82.29   47.14
  83319.281   189.007    55.98   37.43
  83686.871   192.696    10.04   31.16
  84054.392   181.150   -31.41   36.87
  84421.844   167.398   -37.42   41.44
  84789.228   165.010    -6.50   51.60
  85156.542   168.161     8.58   65.59
  85523.789   176.565    22.88   70.03
  85890.966   174.386    -5.93   67.40
  86258.075   162.917   -31.24   60.98
  86625.115   151.030   -32.39   44.78
  86992.087   161.017    27.21   41.92
  87358.991   191.475    83.01   57.44
  87725.826   226.025    94.18   51.79
  88092.592   257.208    85.02   61.42
  88459.290   271.891    40.04   71.64
  88825.920   265.834   -16.52   75.69
  89192.482   252.267   -37.01   70.26
  89558.975   236.836   -42.10   54.59
  89925.401   220.684   -44.08   42.97
  90291.758   202.219   -50.40   42.88
  90658.047   185.836   -44.73   43.94
  91037.803   170.612   -40.08   45.25
  91418.212   148.708   -57.58   39.30
  91798.547   123.173   -67.13   34.69
  92178.807   104.647   -48.71   34.90
  92558.993    85.824   -49.51   28.37
  92939.105    71.551   -37.55   18.55
  93319.143    61.443   -26.59    9.98
  93699.107    55.270   -16.25    7.42
  94078.996    53.151    -5.58    6.60
  94458.812    56.583     9.03   13.94
  94838.554    72.549    42.04   28.13
  95218.222    92.915    53.64   32.85
  95597.816   106.424    35.58   28.13
  95977.337   108.119     4.47   26.25
  96356.783   105.926    -5.78   23.24
  96736.156   107.801     4.94   22.75
  97115.455   114.946    18.84   22.11
  97494.681   117.828     7.60   19.78
  97873.832   111.567   -16.51   22.91
  98252.911    98.355   -34.85   19.87
  98631.916    88.394   -26.28   16.10
  99010.847    79.045   -24.67   17.10
  99389.705    69.836   -24.31   15.42
  99768.490    61.984   -20.73    9.53
 100147.201    65.153     8.37   15.58
 100525.839    78.931    36.38   26.55
 100904.403    93.117    37.47   28.59
 101282.895   103.765    28.13   28.30
 101661.313   106.152     6.31   31.29
 102039.658   112.045    15.57   31.54
 102417.930   122.403    27.38   32.46
 102796.129   130.788    22.17   29.13
 103174.255   134.547     9.94   24.56
 103552.308   119.121   -40.80   32.67
 103930.289    96.476   -59.91   32.17
 104308.196    74.719   -57.57   30.46
 104686.030    55.467   -50.95   20.52
 105063.792    49.190   -16.61   15.06
 105441.481    50.190     2.65   17.25
 105819.097    52.022     4.85   19.32
 106196.640    50.126    -5.02   19.18
 106574.111    44.417   -15.12   17.87
 106951.510    44.861     1.18   20.53
 107328.835    48.788    10.41   23.55
 107706.089    52.804    10.64   24.18
 108083.269    57.173    11.58   26.76
 108460.378    61.105    10.43   29.60
 108837.414    68.804    20.42   34.19
 109214.377    76.289    19.85   31.09
 109591.269    73.801    -6.60   27.56
 109968.088    64.955   -23.47   26.76
 110344.835    49.519   -40.97   19.94
 110721.509    39.271   -27.21   14.14
 111098.112    33.025   -16.58    9.92
 111474.643    31.905    -2.97   10.32
 111851.101    38.998    18.84   20.67
 112227.487    50.719    31.14   27.35
 112603.802    59.147    22.39   25.87
 112980.044    67.802    23.00   22.52
 113356.215    76.539    23.22   25.87
 113732.314    87.719    29.72   28.60
 114108.341    96.732    23.97   24.73
 114484.296   105.743    23.97   23.67
 114860.180   107.970     5.93   26.38
 115235.992   106.719    -3.33   26.16
 115611.732   110.308     9.55   26.47
 115987.401   101.068   -24.59   31.03
 116362.998    85.508   -41.42   27.06
 116738.523    71.340   -37.72   25.14
 117113.977    56.358   -39.90   18.34
 117489.360    47.754   -22.92   14.75
 117864.671    44.395    -8.95   19.25
 118239.911    55.084    28.48   32.81
 118615.080    67.158    32.18   38.22
 118990.177    78.583    30.46   39.53
 119365.203    84.145    14.83   37.33
 119740.158    83.259    -2.36   35.92
 120115.042    83.288     0.08   33.81
 120489.854    76.836   -17.21   30.13
 120864.596    70.276   -17.50   26.06
 121239.266    70.277     0.00   30.62
 121613.866    73.220     7.85   36.91
 121988.395    79.498    16.76   35.72
 122362.852    85.757    16.71   31.46
 122737.239    90.926    13.81   28.10
 123111.555   101.337    27.81   24.02
 123485.800   109.626    22.15   22.73
 123859.975   114.330    12.57   23.24
 124234.078   116.420     5.59   25.39
 124608.111   116.382    -0.10   24.40
 124982.074   116.173    -0.56   22.47
 125355.966   115.090    -2.89   20.05
 125729.787   108.872   -16.63   17.97
 126103.538    99.683   -24.58   16.61
 126477.218    88.591   -29.68   14.03
 126850.828    79.696   -23.81   12.23
 127224.367    72.995   -17.94   11.41
 127597.837    66.177   -18.25    8.73
 127971.235    61.510   -12.50    7.38
 128344.564    57.833    -9.85    4.48
 128717.822    54.719    -8.34    4.17
 129091.010    51.955    -7.41    5.17
 129464.128    49.929    -5.43    6.31
 129837.176    48.483    -3.88    7.05
 130210.154    49.766     3.44    8.03
 130583.062    52.473     7.26    7.69
 130955.900    55.312     7.61    8.07
 131328.667    60.520    13.97    9.84
 131701.365    68.533    21.50   12.63
 132073.993    74.820    16.87   11.16
 132446.551    75.905     2.91    9.96
 132819.040    75.258    -1.74   10.53
 133191.458    72.243    -8.10   10.34
 133563.807    70.108    -5.73    9.91
 133936.086    67.990    -5.69   10.29
 134308.296    67.558    -1.16   11.45
 134680.436    68.578     2.74   10.73
 135052.506    72.164     9.64   11.01
 135424.507    76.545    11.77   11.39
 135796.438    84.145    20.43   14.04
 136168.300    94.115    26.81   20.61
 136540.093   103.574    25.44   24.52
 136911.816   107.271     9.95   26.73
 137283.470   104.806    -6.63   27.09
 137655.054    92.946   -31.92   27.16
 138026.569    85.525   -19.97   22.96
 138398.015    82.743    -7.49   19.43
 138769.392    88.010    14.18   22.73
 139140.700    99.080    29.81   22.25
 139511.938   103.293    11.35   18.34
 139883.108   105.577     6.15   15.99
 140254.208   103.202    -6.40   17.44
 140625.240   102.136    -2.87   17.37
 140996.202    96.378   -15.52   17.62
 141367.096    93.025    -9.04   18.08
 141737.921    87.394   -15.18   19.75
 142108.677    73.057   -38.67   17.97
 142479.364    64.248   -23.76   16.84
 142849.982    57.985   -16.90   15.12
 143220.532    53.505   -12.09   11.45
 143591.013    51.812    -4.57   12.17
 143961.425    51.390    -1.14   13.62
 144331.769    53.817     6.55   14.85
 144702.044    56.178     6.38   14.57
 145072.251    56.493     0.85   14.53
 145442.389    61.397    13.25   15.87
 145812.459    64.900     9.47   16.96
 146182.460    65.529     1.70   14.73
 146552.393    70.239    12.73   14.51
 146922.258    67.167    -8.30   14.41
 147292.054    64.920    -6.07   14.78
 147661.782    67.975     8.26   16.33
 148031.442    71.045     8.30   16.32
 148401.033    75.779    12.81   13.04
 148770.557    73.470    -6.25    9.77
 149140.012    69.496   -10.76    9.82
 149509.399    64.458   -13.64   10.07
 149878.719    60.637   -10.34    8.70
 150247.970    59.539    -2.97    6.81
 150617.153    60.894     3.67    6.39
 150986.268    61.405     1.39    6.88
 151355.316    62.661     3.40    8.32
 151724.295    64.549     5.12    9.28
 152093.207    66.150     4.34   10.36
 152462.051    67.589     3.90   11.14
 152830.827    72.214    12.54   11.73
 153199.536    74.267     5.57    9.76
 153568.177    76.649     6.46   10.73
 153936.750    78.362     4.65   13.31
 154305.256    79.232     2.36   15.65
 154673.694    85.005    15.67   14.84
 155042.065    86.135     3.07   12.00
 155410.368    83.685    -6.65   10.96
 155778.603    78.647   -13.68   11.78
 156146.772    72.882   -15.66   13.18
 156514.873    67.349   -15.03   12.85
 156882.906    67.766     1.13   13.30
 157250.873    71.095     9.05   14.25
 157618.772    75.638    12.35   14.52
 157986.603    79.448    10.36   15.23
 158354.368    80.452     2.73   16.38
 158722.066    82.317     5.07   15.25
 159089.696    84.896     7.01   13.53
 159457.259    86.390     4.06   10.99
 159824.756    86.343    -0.13   10.84
 160192.185    86.900     1.52   11.63
 160559.547    87.467     1.54   10.37
 160926.843    88.382     2.49    9.60
 161294.071    88.220    -0.44   10.19
 161661.233    84.440   -10.29   12.52
 162028.328    81.033    -9.28   14.51
 162395.356    77.872    -8.61   13.74
 162762.317    78.809     2.55   13.57
 163129.212    78.080    -1.99   12.53
 163496.040    75.345    -7.45   12.43
 163862.801    67.091   -22.50   14.10
 164229.496    57.870   -25.14   12.39
 164596.124    50.805   -19.27   12.25
 164962.685    45.415   -14.70   10.57
 165329.180    39.545   -16.01    8.88
 165705.168    34.982   -12.14    7.23
 166085.428    31.089   -10.24    6.69
 166465.616    32.177     2.86   11.01
 166845.731    38.378    16.31   18.02
 167225.774    41.595     8.46   19.37
 167605.745    37.440   -10.93   17.55
 167985.643    32.328   -13.46   13.62
 168365.470    27.602   -12.44    9.63
 168745.224    25.817    -4.70    9.48
 169124.907    26.719     2.38    9.20
 169504.517    26.830     0.29    7.43
 169884.056    29.077     5.92    8.07
 170263.523    36.354    19.18   15.39
 170642.917    45.780    24.84   20.40
 171022.240    53.025    19.10   18.85
 171401.491    57.978    13.06   15.22
 171780.671    63.661    14.98   14.82
 172159.779    69.374    15.07   16.31
 172538.815    77.037    20.21   16.23
 172917.779    83.424    16.85   16.12
 173296.672    89.277    15.45   15.06
 173675.493    93.695    11.66   14.66
 174054.243    97.650    10.44   16.01
 174432.922   104.836    18.97   20.69
 174811.529   112.849    21.16   24.12
 175190.064   131.720    49.85   32.30
 175568.528   162.225    80.59   41.46
 175946.921   188.745    70.07   45.16
 176325.243   208.743    52.85   44.88
 176703.494   219.791    29.20   44.28
 177081.673   210.225   -25.29   49.44
 177459.781   185.708   -64.83   54.97
 177837.818   155.708   -79.35   56.72
 178215.784   124.238   -83.25   40.50
 178593.679   107.539   -44.18   28.97
 178971.503    96.648   -28.82   29.38
 179349.256    96.143    -1.34   34.81
 179726.938    84.367   -31.18   35.90
 180104.550    69.955   -38.16   32.39
 180482.090    53.793   -42.80   28.25
 180859.560    37.769   -42.45   21.31
 181236.959    24.133   -36.13   15.25
 181614.287    14.041   -26.74    8.58
 181991.545    11.382    -7.05    5.75
 182368.732    14.420     8.05   10.01
 182745.848    20.802    16.92   14.10
 183122.894    26.208    14.34   17.59
 183499.870    31.661    14.46   23.26
 183876.775    36.246    12.16   24.22
 184253.609    36.225    -0.06   22.64
 184630.373    39.671     9.14   23.99
 185007.067    49.578    26.30   31.26
 185383.691    61.757    32.33   31.41
 185760.244    65.624    10.27   31.17
 186136.727    56.647   -23.84   29.72
 186513.140    48.061   -22.81   21.38
 186889.482    45.415    -7.03   13.78
 187265.755    48.226     7.47   14.13
 187641.957    56.805    22.80   13.82
 188018.090    65.382    22.80   13.06
 188394.152    74.539    24.35   16.16
 188770.145    79.731    13.81   17.87
 189146.067    86.561    18.17   17.69
 189521.920    94.563    21.29   19.67
 189897.703   102.484    21.08   23.14
 190273.416   112.455    26.53   27.43
 190649.059   125.840    35.63   32.78
 191024.633   139.671    36.82   35.89
 191400.137   164.455    65.99   40.42
 191775.571   193.269    76.74   47.89
 192150.936   221.849    76.13   49.69
 192526.231   238.828    45.24   40.41
 192901.457   231.647   -19.14   44.42
 193276.613   198.239   -89.04   47.57
 193651.699   161.940   -96.76   43.68
 194026.717   141.584   -54.27   32.81
 194401.664   130.458   -29.67   32.36
 194776.543   124.395   -16.17   34.60
 195151.352   117.778   -17.65   33.58
 195526.092   106.782   -29.34   29.11
 195900.763    95.267   -30.73   26.05
 196275.365    80.480   -39.47   21.42
 196649.897    66.978   -36.04   20.32
 197024.360    54.720   -32.73   16.74
 197398.755    46.178   -22.81   13.71
 197773.080    38.567   -20.33    8.58
 198147.336    33.708   -12.98    8.43
 198521.524    29.438   -11.41    6.36
 198895.642    26.684    -7.36    4.88
 199269.691    24.113    -6.87    3.31
 199643.672    22.339    -4.74    3.46
 200017.584    20.913    -3.81    2.96
 200391.427    20.908    -0.01    4.36
 200765.202    22.820     5.12    7.98
 201138.907    24.910     5.59    8.58
 201512.544    24.695    -0.58    9.35
 201886.113    22.425    -6.07    8.77
 202259.613    19.872    -6.83    7.29
 202633.044    17.565    -6.18    7.03
 203006.407    14.657    -7.79    6.34
 203379.701    12.178    -6.64    6.19
 203752.927     9.144    -8.13    5.31
 204126.085     5.791    -8.98    6.35
 204499.174     3.720    -5.55    7.10
 204872.195     1.919    -4.83    6.58
 205245.148     0.464    -3.90    5.39
 205618.032     0.927     1.24    4.64
 205990.848     2.054     3.02    4.67
 206363.596     4.919     7.69    5.27
 206736.276     7.541     7.03    5.29
 207108.888    10.599     8.21    6.51
 207481.432    12.451     4.97    6.23
 207853.908    11.755    -1.87    6.06
 208226.316     9.720    -5.46    6.21
 208598.656     8.339    -3.71    4.89
 208970.928     9.003     1.78    4.93
 209343.132     8.458    -1.46    6.38
 209715.268     5.170    -8.83    9.47
 210087.337    -0.738   -15.88   10.09
 210459.337    -6.959   -16.72    5.98
 210831.270   -10.051    -8.31    1.90
 211203.136   -11.126    -2.89    1.24
 211574.934   -11.551    -1.14    0.82
 211946.664   -11.664    -0.30    0.65
 212318.326   -11.798    -0.36    0.55
 212689.921   -11.882    -0.23    0.52
 213061.449   -12.092    -0.57    0.55
 213432.909   -12.331    -0.64    0.55
 213804.302   -12.439    -0.29    0.39
 214175.627   -12.408     0.08    0.36
 214546.885   -12.339     0.18    0.21
 214918.076   -12.191     0.40    0.34
 215289.199   -11.061     3.05    3.66
 215660.255    -7.515     9.56    9.53
 216031.244     0.649    22.00   18.31
 216402.166     7.133    17.48   21.25
 216773.021    13.391    16.87   23.49
 217143.808    14.461     2.89   26.55
 217514.529    10.417   -10.91   23.92
 217885.182     5.263   -13.90   19.19
 218255.769     1.939    -8.97   13.97
 218626.288     2.610     1.81   16.61
 218996.741     5.410     7.56   19.39
 219367.127     7.135     4.66   18.01
 219737.446     7.635     1.35   12.86
 220107.698    11.232     9.71   13.14
 220477.883    23.334    32.69   20.49
 220848.002    44.171    56.29   30.48
 221218.054    78.398    92.48   42.33
 221588.039   111.342    89.02   44.50
 221957.958   138.756    74.10   34.35
 222327.810   146.166    20.03   26.68
 222697.596   130.029   -43.63   41.75
 223067.315   102.232   -75.17   48.12
 223436.967    71.129   -84.12   33.08
 223806.554    61.827   -25.17   22.95
 224176.073    78.077    43.97   40.72
 224545.527   101.828    64.28   47.45
 224914.914   129.720    75.50   48.17
 225284.235   143.286    36.72   49.83
 225653.489   149.258    16.17   51.27
 226022.677   163.255    37.91   51.82
 226391.800   185.429    60.06   45.03
 226760.855   202.351    45.84   39.46
 227129.845   213.643    30.60   33.63
 227498.769   206.925   -18.21   31.33
 227867.627   189.977   -45.94   31.35
 228236.418   164.069   -70.24   40.14
 228605.144   130.149   -91.98   43.75
 228973.804    93.467   -99.48   44.68
 229342.398    58.176   -95.73   37.26
 229710.926    28.160   -81.43   31.72
 230079.388     5.872   -60.48   20.24
 230447.784    -6.702   -34.13    9.75
 230816.115   -11.406   -12.77    2.37
 231184.380   -12.078    -1.82    0.60
 231552.579   -12.172    -0.25    0.45
 231920.713   -12.209    -0.10    0.44
 232288.781   -12.231    -0.06    0.43
 232656.783   -12.414    -0.50    0.87
 233024.720   -13.196    -2.12    1.88
 233392.591   -14.119    -2.51    2.30
 233760.397   -14.714    -1.62    2.54
 234128.137   -14.663     0.14    2.62
 234495.812   -14.082     1.58    2.56
 234863.422   -13.836     0.67    2.71
 235230.966   -13.928    -0.25    2.56
 235598.445   -14.406    -1.30    2.63
 235965.858   -14.183     0.61    2.39
 236333.207   -13.895     0.78    2.16
 236700.490   -12.975     2.50    1.51
 237067.708   -12.318     1.79    0.16
 237434.861   -12.414    -0.26    0.33
 237801.949   -12.545    -0.36    0.44
 238168.972   -12.669    -0.34    0.49
 238535.929   -12.717    -0.13    0.50
 238902.822   -12.780    -0.17    0.50
 239269.650   -12.841    -0.17    0.50
 239636.413   -12.979    -0.38    0.47
 240003.111   -13.134    -0.42    0.37
 240375.641   -13.292    -0.43    0.00
 240755.751   -13.292     0.00    0.00
 241135.791   -13.292     0.00    0.00
 241515.761   -13.292     0.00    0.00
 241895.661   -13.292     0.00    0.00
 242275.490   -13.292     0.00    0.00
 242655.249   -13.292     0.00    0.00
 243034.937   -13.292     0.00    0.00
 243414.556   -13.292     0.00    0.00
 243794.104   -13.292     0.00    0.00
 244173.583   -13.304    -0.03    0.11
 244552.991   -14.017    -1.88    1.61
 244932.329   -14.738    -1.90    2.09
 245311.597   -15.219    -1.27    2.13
 245690.796   -15.524    -0.80    2.00
 246069.924   -15.317     0.55    1.76
 246448.983   -15.416    -0.26    2.00
 246827.972   -15.683    -0.70    2.26
 247206.891   -16.036    -0.93    2.42
 247585.740   -16.114    -0.20    2.49
 247964.520   -15.985     0.34    2.45
 248343.230   -15.634     0.93    2.31
 248721.870   -15.174     1.21    1.90
 249100.441   -14.626     1.45    1.27
 249478.942   -14.292     0.88    0.00
 249857.374   -14.304    -0.03    0.11
 250235.736   -14.356    -0.14    0.25
 250614.029   -14.353     0.01    0.24
 250992.253   -14.356    -0.01    0.25
 251370.407   -14.340     0.04    0.22
 251748.492   -14.292     0.13    0.00
 252126.507   -14.292     0.00    0.00
 252504.454   -14.292     0.00    0.00
 252882.331   -14.292     0.00    0.00
 253260.139   -14.292     0.00    0.00
 253637.878   -14.280     0.03    0.11
 254015.547   -14.280    -0.00    0.11
 254393.148   -14.292    -0.03    0.00
 254770.680   -14.292     0.00    0.00
 255148.143   -14.292     0.00    0.00
 255525.536   -14.292     0.00    0.00
 255902.861   -14.292     0.00    0.00
 256280.117   -14.365    -0.19    0.26
 256657.304   -14.497    -0.35    0.41
 257034.423   -14.817    -0.85    0.74
 257411.473   -15.062    -0.65    0.82
 257788.454   -15.222    -0.42    0.80
 258165.366   -15.292    -0.19    0.66
 258542.210   -15.218     0.20    0.47
 258918.985   -15.231    -0.03    0.40
 259295.691   -15.280    -0.13    0.46
 259672.329   -15.243     0.10    0.42
 260048.899   -15.206     0.10    0.28
 260425.400   -15.231    -0.07    0.24
 260801.833   -15.292    -0.16    0.00
 261178.197   -15.292     0.00    0.00
 261554.493   -15.292     0.00    0.00
 261930.721   -15.292     0.00    0.00
 262306.880   -15.317    -0.07    0.16
 262682.971   -15.388    -0.19    0.30
 263058.994   -15.428    -0.11    0.34
 263434.949   -15.502    -0.20    0.41
 263810.836   -15.626    -0.33    0.47
 264186.655   -15.840    -0.57    0.50
 264562.405   -16.052    -0.56    0.43
 264938.088   -16.244    -0.51    0.22
 265313.703   -16.292    -0.13    0.00
 265689.250   -16.447    -0.41    0.36
 266064.729   -16.703    -0.68    0.50
 266440.140   -17.033    -0.88    0.52
 266815.483   -17.450    -1.11    0.49
 267190.758   -17.804    -0.94    0.55
 267565.966   -18.215    -1.09    0.64
 267941.106   -18.654    -1.17    0.55
 268316.178   -19.014    -0.96    0.60
 268691.183   -19.366    -0.94    0.70
 269066.120   -19.730    -0.97    0.82
 269440.990   -19.876    -0.39    0.91
 269815.792   -20.045    -0.45    0.93
 270190.526   -19.922     0.33    0.99
 270565.193   -19.416     1.35    1.07
 270939.793   -18.931     1.29    1.02
 271314.325   -18.675     0.68    0.86
 271688.790   -18.663     0.03    0.62
 272063.188   -19.231    -1.52    0.70
 272437.519   -19.646    -1.11    0.55
 272811.782   -19.731    -0.23    0.55
 273185.978   -19.597     0.36    0.66
 273560.107   -19.405     0.51    0.64
 273934.168   -19.426    -0.06    0.60
 274308.163   -19.683    -0.68    0.58
 274682.091   -20.000    -0.85    0.46
 275055.951   -20.219    -0.59    0.26
 275429.745   -20.280    -0.16    0.11
 275803.471   -20.292    -0.03    0.00
 276177.131   -20.292     0.00    0.00
 276550.724   -20.292     0.00    0.00
 276924.250   -20.292     0.00    0.00
 277297.709   -20.268     0.06    0.15
 277671.102   -20.230     0.10    0.24
 278044.428   -20.048     0.49    0.43
 278417.687   -19.749     0.80    0.59
 278790.879   -19.169     1.55    0.86
 279164.005   -18.539     1.69    1.02
 279537.064   -18.148     1.05    0.94
 279910.057   -18.092     0.15    0.92
 280282.983   -18.490    -1.07    1.08
 280655.843   -18.984    -1.32    0.98
 281028.636   -19.437    -1.22    0.67
 281401.363   -19.647    -0.56    0.60
 281774.023   -19.515     0.35    0.76
 282146.617   -19.167     0.93    0.99
 282519.145   -18.564     1.62    1.38
 282891.607   -17.938     1.68    1.66
 283264.002   -17.292     1.73    1.62
 283636.331   -17.267     0.07    1.45
 284008.594   -17.885    -1.66    1.40
 284380.791   -18.515    -1.69    1.02
 284752.922   -18.904    -1.05    0.60
 285124.987   -18.749     0.42    0.84
 285496.986   -18.268     1.29    1.20
 285868.918   -17.855     1.11    1.15
 286240.785   -17.557     0.80    0.84
 286612.586   -17.242     0.85    0.58
 286984.321   -16.897     0.93    0.52
 287355.990   -16.664     0.63    0.49
 287727.594   -16.416     0.67    0.33
 288099.132   -16.457    -0.11    0.46
 288470.603   -16.847    -1.05    0.82
 288842.010   -17.156    -0.83    0.82
 289213.350   -17.405    -0.67    0.69
 289584.625   -17.650    -0.66    0.55
 289955.834   -17.822    -0.46    0.57
 290326.978   -18.001    -0.48    0.51
 290698.056   -18.218    -0.58    0.26
 291069.069   -18.442    -0.60    0.36
 291440.017   -18.707    -0.71    0.50
 291810.898   -18.976    -0.72    0.47
 292181.715   -19.208    -0.63    0.28
 292552.466   -19.392    -0.50    0.30
 292923.152   -19.638    -0.66    0.53
 293293.773   -19.959    -0.87    0.67
 293664.328   -20.280    -0.87    0.60
 294034.818   -20.465    -0.50    0.44
 294405.243   -20.505    -0.11    0.41
 294775.603   -20.430     0.20    0.35
 295145.897   -20.341     0.24    0.22
 295516.127   -20.305     0.10    0.11
 295886.292   -20.292     0.03    0.00
 296256.391   -20.292     0.00    0.00
 296626.426   -20.292     0.00    0.00
 296996.395   -20.292     0.00    0.00
 297366.300   -20.292     0.00    0.00
 297736.140   -20.292     0.00    0.00
 298105.915   -20.292     0.00    0.00
 298475.625   -20.292     0.00    0.00
 298845.271   -20.292     0.00    0.00
 299214.852   -20.292     0.00    0.00
 299584.368   -20.292     0.00    0.00
 299953.819   -20.292     0.00    0.00
 300323.206   -20.292     0.00    0.00
 300692.528   -20.292     0.00    0.00
 301061.786   -20.292     0.00    0.00
 301430.979   -20.292     0.00    0.00
 301800.107   -20.318    -0.07    0.16
 302169.172   -20.675    -0.97    1.48
 302538.171   -21.617    -2.55    2.60
 302907.107   -22.518    -2.44    3.15
 303275.978   -23.503    -2.67    3.39
 303644.784   -24.542    -2.82    3.32
 304013.527   -25.358    -2.21    3.06
 304382.205   -25.919    -1.52    2.62
 304750.819   -26.358    -1.19    2.19
 305119.368   -26.487    -0.35    2.00
 305487.854   -26.398     0.24    2.13
 305856.275   -26.109     0.78    2.46
 306224.633   -25.613     1.35    2.81
 306592.926   -25.399     0.58    2.90
 306961.155   -25.369     0.08    2.80
 307329.321   -25.905    -1.45    2.52
 307697.422   -26.440    -1.45    2.02
 308065.460   -26.485    -0.12    1.90
 308433.433   -25.583     2.45    2.82
 308801.343   -24.465     3.04    3.30
 309169.189   -23.495     2.64    3.34
 309536.971   -22.780     1.94    3.23
 309904.689   -22.412     1.00    3.11
 310272.344   -22.049     0.99    2.91
 310639.935   -21.515     1.45    2.53
 311007.462   -20.700     2.22    1.38
 311374.926   -20.314     1.05    0.15
