-184472.817   440.444     0.00    3.79
-184092.408   438.795    -4.34    4.49
-183712.085   436.647    -5.65    7.11
-183331.849   435.357    -3.39    9.49
-182951.699   433.707    -4.34   11.10
-182571.636   430.765    -7.74   11.89
-182191.659   426.373   -11.56   12.68
-181811.769   419.606   -17.82   13.15
-181431.964   412.907   -17.64   10.22
-181052.246   408.783   -10.86    5.73
-180672.614   407.790    -2.62    4.33
-180293.068   408.461     1.77    3.86
-179913.608   408.453    -0.02    3.79
-179534.234   405.564    -7.62    5.41
-179154.945   400.331   -13.80    8.06
-178775.743   394.039   -16.60    8.33
-178396.626   388.604   -14.34    6.26
-178017.595   383.421   -13.68    4.32
-177638.650   381.023    -6.33    3.29
-177259.790   379.534    -3.93    2.07
-176881.016   378.753    -2.06    1.77
-176502.327   377.702    -2.77    2.33
-176123.724   378.423     1.90    6.49
-175745.206   386.183    20.50   22.48
-175366.773   401.957    41.69   40.90
-174988.426   426.600    65.14   58.43
-174610.164   454.963    74.99   70.91
-174231.987   488.934    89.84   81.09
-173853.895   516.703    73.45   78.11
-173475.888   527.633    28.92   75.89
-173097.966   536.053    22.28   67.21
-172720.129   544.232    21.65   64.44
-172342.377   550.733    17.21   59.16
-171964.709   547.577    -8.36   53.68
-171587.127   534.978   -33.37   49.48
-171209.629   523.523   -30.35   45.99
-170832.215   513.983   -25.28   39.88
-170454.886   507.379   -17.50   34.67
-170077.642   500.115   -19.26   30.92
-169700.482   494.758   -14.21   27.82
-169323.407   491.099    -9.70   22.65
-168946.416   488.133    -7.87   19.03
-168569.509   486.339    -4.76   14.70
-168192.687   486.967     1.67   13.16
-167815.948   497.937    29.12   23.72
-167439.294   520.303    59.39   41.55
-167062.724   547.802    73.03   46.83
-166686.238   566.695    50.19   42.33
-166309.836   585.299    49.43   44.54
-165933.518   594.058    23.28   53.61
-165557.283   609.102    39.99   61.28
-165181.133   619.133    26.67   62.46
-164805.066   626.730    20.20   60.04
-164429.083   640.223    35.89   57.91
-164053.183   662.692    59.78   57.44
-163677.367   679.028    43.47   50.16
-163301.635   686.600    20.15   35.59
-162925.986   665.883   -55.16   45.19
-162550.420   638.013   -74.22   47.60
-162174.938   604.101   -90.33   49.22
-161799.539   574.727   -78.26   45.13
-161424.223   543.713   -82.64   45.22
-161048.991   519.105   -65.59   43.79
-160673.841   491.866   -72.61   41.17
-160298.775   470.420   -57.19   36.94
-159923.792   448.273   -59.07   28.04
-159548.892   433.038   -40.64   20.78
-159174.074   420.709   -32.90   14.25
-158799.340   411.421   -24.79   11.46
-158424.688   402.245   -24.50    8.93
-158050.119   395.166   -18.90    8.65
-157675.633   389.233   -15.84    6.25
-157301.229   386.303    -7.83    5.97
-156926.909   386.426     0.33    8.94
-156552.670   390.493    10.87   13.48
-156178.514   397.818    19.58   18.71
-155804.441   403.227    14.46   18.54
-155430.450   405.740     6.72   17.49
-155056.541   401.917   -10.22   13.94
-154682.714   396.334   -14.94    9.83
-154308.970   390.462   -15.71    6.87
-153935.308   386.360   -10.98    3.86
-153561.728   383.853    -6.71    2.03
-153188.230   382.159    -4.54    2.97
-152814.814   380.513    -4.41    4.20
-152441.480   378.393    -5.68    5.41
-152068.228   375.094    -8.84    6.08
-151695.057   370.283   -12.89    7.45
-151321.969   365.002   -14.16    7.43
-150948.962   360.523   -12.01    6.13
-150576.037   357.450    -8.24    4.27
-150203.194   355.813    -4.39    2.61
-149830.432   355.358    -1.22    2.48
-149457.751   353.937    -3.81    4.68
-149085.153   351.131    -7.53    7.73
-148712.635   346.176   -13.30   14.28
-148340.199   342.372   -10.22   19.49
-147967.844   335.607   -18.17   25.57
-147595.571   329.103   -17.47   29.55
-147223.378   317.997   -29.84   30.48
-146851.267   306.893   -29.84   28.73
-146479.237   293.643   -35.62   19.96
-146107.288   287.133   -17.51   12.41
-145735.420   282.292   -13.02    2.77
-145363.633   281.605    -1.85    0.41
-144991.927   281.987     1.03    1.11
-144620.302   282.554     1.52    1.95
-144248.757   283.102     1.48    2.99
-143877.294   283.809     1.90    3.97
-143505.911   285.624     4.89    7.98
-143134.608   291.734    16.46   17.45
-142763.386   298.553    18.37   22.95
-142392.245   306.806    22.24   26.77
-142021.184   315.816    24.28   28.38
-141650.204   324.252    22.74   27.75
-141279.304   331.725    20.15   26.71
-140908.484   340.049    22.45   23.38
-140537.745   345.826    15.58   20.66
-140167.086   348.286     6.64   21.75
-139796.507   351.412     8.44   22.79
-139426.008   349.819    -4.30   21.81
-139055.589   344.266   -14.99   18.50
-138685.250   337.180   -19.14   15.71
-138314.991   330.719   -17.45   12.26
-137944.812   325.079   -15.24    8.42
-137574.713   323.102    -5.34    7.02
-137204.694   326.193     8.35   14.75
-136834.754   336.138    26.89   26.80
-136464.894   352.281    43.65   34.80
-136095.114   367.901    42.25   36.75
-135725.414   380.850    35.03   34.87
-135355.793   385.719    13.18   28.44
-134986.251   385.976     0.70   22.87
-134616.789   384.781    -3.24   18.05
-134247.407   383.169    -4.36   15.15
-133878.103   386.605     9.30   15.68
-133508.879   395.039    22.84   19.33
-133139.735   410.421    41.67   22.95
-132770.669   428.086    47.87   25.66
-132401.683   449.796    58.84   27.40
-132032.776   468.890    51.76   29.51
-131663.947   486.814    48.60   33.65
-131295.198   495.193    22.73   39.17
-130926.528   497.274     5.64   47.04
-130557.937   482.917   -38.95   52.05
-130189.424   465.075   -48.42   51.83
-129820.990   439.068   -70.59   47.72
-129452.635   414.913   -65.58   40.62
-129084.359   388.200   -72.54   35.35
-128716.162   367.853   -55.27   32.64
-128348.043   349.566   -49.68   25.28
-127980.002   337.973   -31.50   19.69
-127612.040   328.426   -25.95   11.21
-127244.157   327.819    -1.65   10.93
-126876.352   329.502     4.58   14.91
-126508.625   336.307    18.51   20.71
-126140.976   342.584    17.07   22.99
-125773.406   350.218    20.77   22.28
-125405.914   354.401    11.38   22.01
-125038.500   358.204    10.35   22.33
-124671.165   360.776     7.00   24.11
-124303.907   361.922     3.12   27.16
-123936.727   360.563    -3.70   27.47
-123569.626   357.639    -7.96   25.33
-123202.602   353.183   -12.14   21.41
-122835.656   349.197   -10.86   17.36
-122468.788   347.190    -5.47   12.70
-122101.997   347.125    -0.18    9.38
-121735.285   350.013     7.88    8.06
-121368.650   354.523    12.30    8.51
-121002.092   360.814    17.16   10.27
-120635.612   369.993    25.05   12.66
-120269.210   379.513    25.99   14.54
-119902.885   394.681    41.41   18.20
-119536.638   410.695    43.73   21.66
-119170.468   430.879    55.13   22.91
-118804.375   452.483    59.02   26.90
-118438.360   476.448    65.48   29.51
-118072.421   505.503    79.40   36.55
-117706.560   536.187    83.87   42.09
-117340.776   573.915   103.15   45.69
-116975.069   605.360    85.99   46.65
-116609.440   636.524    85.24   40.11
-116243.887   655.901    53.01   30.54
-115878.411   664.024    22.23   24.87
-115513.012   665.183     3.17   33.30
-115147.690   655.419   -26.73   46.28
-114782.444   636.125   -52.83   56.93
-114404.490   612.575   -62.32   61.44
-114023.205   584.781   -72.90   62.95
-113642.005   555.839   -75.93   66.97
-113260.890   531.554   -63.73   63.79
-112879.860   520.808   -28.21   51.51
-112498.914   538.442    46.29   52.75
-112118.054   576.492    99.91   66.71
-111737.278   632.987   148.38   72.33
-111356.587   671.058   100.01   51.07
-110975.980   683.348    32.29   37.06
-110595.458   663.587   -51.94   48.89
-110215.021   627.441   -95.02   51.31
-109834.668   593.523   -89.18   44.17
-109454.399   561.327   -84.67   36.75
-109074.215   539.791   -56.65   30.16
-108694.115   518.874   -55.04   25.88
-108314.099   505.145   -36.13   23.70
-107934.168   493.461   -30.75   23.55
-107554.320   484.471   -23.67   21.81
-107174.557   473.616   -28.59   21.82
-106794.878   462.513   -29.25   21.71
-106415.282   447.729   -38.95   20.87
-106035.771   434.555   -34.72   18.81
-105656.343   420.867   -36.08   14.48
-105276.999   416.702   -10.98   17.62
-104897.739   431.235    38.32   36.41
-104518.563   454.224    60.63   42.56
-104139.470   461.180    18.35   43.67
-103760.461   439.913   -56.12   64.41
-103381.535   391.825  -126.91   72.89
-103002.693   346.180  -120.50   56.15
-102623.934   307.107  -103.17   23.58
-102245.259   288.064   -50.29   19.55
-101866.667   268.791   -50.91   19.80
-101488.158   252.208   -43.82   19.57
-101109.732   234.411   -47.03   21.28
-100731.390   216.450   -47.47   24.86
-100353.130   193.745   -60.03   27.85
 -99974.954   172.760   -55.49   24.18
 -99596.861   154.123   -49.30   15.44
 -99218.850   143.740   -27.47   10.77
 -98840.923   135.740   -21.17    6.21
 -98463.078   131.370   -11.57    4.83
 -98085.316   127.555   -10.10    3.64
 -97707.636   125.125    -6.43    3.13
 -97330.040   122.577    -6.75    2.82
 -96952.526   120.472    -5.58    3.01
 -96575.094   118.023    -6.49    2.88
 -96197.745   115.788    -5.92    2.78
 -95820.479   113.741    -5.43    2.36
 -95443.295   112.268    -3.91    2.12
 -95066.193   110.900    -3.63    1.67
 -94689.173   110.183    -1.90    1.65
 -94312.236   109.566    -1.64    1.69
 -93935.381   109.162    -1.07    1.97
 -93558.608   109.013    -0.40    2.15
 -93181.917   108.997    -0.04    2.19
 -92805.308   109.057     0.16    2.19
 -92428.782   109.390     0.88    2.09
 -92052.337   109.850     1.22    1.81
 -91675.973   110.361     1.36    1.26
 -91299.692   110.766     1.07    0.66
 -90923.493   110.894     0.34    0.53
 -90547.375   110.968     0.20    0.52
 -90171.339   110.957    -0.03    0.52
 -89795.384   110.836    -0.32    0.61
 -89419.511   110.450    -1.03    0.95
 -89043.720   109.843    -1.62    1.37
 -88668.009   108.748    -2.92    1.86
 -88292.381   107.439    -3.48    2.17
 -87916.833   105.503    -5.16    2.32
 -87541.367   103.745    -4.68    2.19
 -87165.983   101.784    -5.22    2.02
 -86790.679   100.227    -4.15    1.76
 -86415.456    98.747    -3.95    1.48
 -86040.315    97.596    -3.07    1.21
 -85665.255    96.523    -2.86    1.05
 -85290.275    95.638    -2.36    1.08
 -84915.377    94.663    -2.60    1.03
 -84540.559    93.853    -2.16    1.02
 -84165.822    92.883    -2.59    1.07
 -83791.166    92.049    -2.22    1.04
 -83416.591    91.133    -2.45    0.95
 -83042.096    90.291    -2.25    0.99
 -82667.682    89.383    -2.43    0.99
 -82293.349    88.575    -2.16    1.13
 -81919.096    87.794    -2.09    0.98
 -81544.923    86.925    -2.32    1.03
 -81170.831    86.154    -2.06    1.04
 -80796.819    85.211    -2.52    1.14
 -80422.888    84.294    -2.45    1.08
 -80049.037    83.409    -2.37    1.08
 -79675.266    82.566    -2.25    1.03
 -79301.575    81.669    -2.40    1.01
 -78927.964    80.776    -2.39    1.13
 -78554.434    79.755    -2.73    1.31
 -78180.983    78.857    -2.41    1.30
 -77807.612    77.808    -2.81    1.46
 -77434.321    77.263    -1.46    1.54
 -77061.110    77.008    -0.68    1.71
 -76687.979    77.420     1.11    1.84
 -76314.928    77.991     1.53    1.87
 -75941.956    78.625     1.70    1.80
 -75569.064    79.346     1.93    2.18
 -75196.252    80.650     3.50    2.64
 -74823.519    82.413     4.73    2.77
 -74450.865    84.281     5.01    3.59
 -74078.291    86.387     5.65    4.47
 -73705.797    88.997     7.01    5.29
 -73333.382    92.065     8.24    6.34
 -72961.046    95.024     7.95    6.32
 -72588.789    98.357     8.95    6.70
 -72216.611   101.421     8.23    6.97
 -71844.513   104.794     9.07    7.39
 -71472.494   109.427    12.45    8.53
 -71100.554   113.575    11.15    9.55
 -70728.692   117.935    11.73   10.34
 -70356.910   120.884     7.93   10.25
 -69985.207   122.102     3.28    9.53
 -69613.582   119.952    -5.79    9.89
 -69242.037   115.130   -12.98   10.22
 -68870.570   112.721    -6.48    8.65
 -68499.181   114.018     3.49    9.30
 -68127.872   120.545    17.58   11.92
 -67756.641   128.029    20.16   10.64
 -67385.488   133.460    14.64    8.94
 -67014.414   136.117     7.16    7.51
 -66643.419   137.050     2.51    5.41
 -66272.502   137.967     2.47    3.96
 -65901.663   139.304     3.61    3.28
 -65530.902   141.317     5.43    3.18
 -65160.220   143.654     6.31    3.28
 -64789.616   145.707     5.54    3.60
 -64419.090   146.788     2.92    4.53
 -64048.642   146.534    -0.69    8.94
 -63678.273   144.417    -5.71   12.83
 -63307.981   140.284   -11.16   14.40
 -62937.767   134.545   -15.50   14.72
 -62567.632   124.726   -26.53   16.53
 -62197.574   112.229   -33.77   19.32
 -61827.594    95.089   -46.33   20.43
 -61457.691    81.294   -37.29   18.25
 -61087.867    69.624   -31.56   12.26
 -60718.120    62.402   -19.53    6.76
 -60348.450    58.361   -10.93    3.03
 -59978.859    56.688    -4.53    2.37
 -59609.344    55.448    -3.36    1.40
 -59239.907    54.955    -1.33    0.96
 -58870.548    55.376     1.14    2.09
 -58501.266    56.955     4.28    4.21
 -58132.062    60.608     9.89    8.16
 -57762.934    67.104    17.60   10.85
 -57393.884    74.680    20.53   12.18
 -57024.911    82.695    21.72   11.92
 -56656.015    90.357    20.77   11.02
 -56287.197    97.722    19.97   11.12
 -55918.455   106.029    22.53   12.81
 -55549.790   115.141    24.72   13.65
 -55181.203   122.818    20.83   11.95
 -54812.692   130.460    20.74   12.11
 -54444.258   139.961    25.79   15.70
 -54075.901   151.284    30.74   17.97
 -53707.621   165.843    39.53   14.85
 -53339.417   176.961    30.20   12.06
 -52971.290   185.570    23.39   10.63
 -52603.239   190.917    14.53   11.91
 -52235.266   196.304    14.64   12.57
 -51867.368   202.044    15.60   11.15
 -51499.548   205.555     9.55    8.84
 -51131.803   207.755     5.98    8.12
 -50764.135   208.544     2.15   11.76
 -50396.543   211.922     9.19   14.37
 -50029.028   219.190    19.78   15.10
 -49661.589   226.209    19.10   13.73
 -49294.226   233.473    19.77   10.25
 -48926.939   241.124    20.83    7.17
 -48559.728   246.039    13.39    8.76
 -48192.594   251.928    16.04    9.83
 -47825.535   257.704    15.74    9.55
 -47458.552   262.023    11.77    9.48
 -47091.645   266.008    10.86    9.89
 -46724.814   267.711     4.64   10.78
 -46358.059   269.433     4.70   12.38
 -45991.380   269.875     1.20   13.46
 -45624.776   270.391     1.41   14.84
 -45258.248   269.250    -3.11   15.17
 -44891.796   267.040    -6.03   15.45
 -44525.419   265.617    -3.88   14.29
 -44159.118   264.428    -3.25   11.41
 -43792.892   263.793    -1.73    7.10
 -43426.742   264.408     1.68    3.13
 -43060.667   264.580     0.47    2.45
 -42694.668   265.084     1.38    2.96
 -42328.743   264.997    -0.24    4.31
 -41962.894   260.555   -12.14   10.46
 -41597.121   254.481   -16.61   13.18
 -41231.422   246.913   -20.70   12.43
 -40865.799   243.471    -9.41    9.71
 -40500.250   242.072    -3.83    6.53
 -40134.777   243.669     4.37    6.24
 -39761.374   245.468     4.82    5.93
 -39380.256   244.608    -2.26    6.60
 -38999.221   242.820    -4.69    6.39
 -38618.269   241.618    -3.15    5.66
 -38237.399   240.389    -3.23    4.32
 -37856.612   239.857    -1.40    3.96
 -37475.908   238.654    -3.16    4.12
 -37095.286   236.039    -6.87    6.30
 -36714.747   233.405    -6.92    7.70
 -36334.290   231.690    -4.51    7.86
 -35953.915   231.676    -0.04    6.59
 -35573.623   232.128     1.19    5.04
 -35193.413   232.216     0.23    4.07
 -34813.285   231.680    -1.41    3.57
 -34433.240   230.749    -2.45    2.92
 -34053.276   230.284    -1.23    3.52
 -33673.395   228.352    -5.09    6.95
 -33293.595   224.250   -10.80   11.32
 -32913.878   215.427   -23.24   16.96
 -32534.242   202.294   -34.59   20.97
 -32154.688   184.405   -47.13   21.80
 -31775.216   176.609   -20.55   21.14
 -31395.826   174.641    -5.19   24.37
 -31016.518   176.938     6.06   27.42
 -30637.291   176.609    -0.87   29.44
 -30258.145   172.162   -11.73   29.14
 -29879.082   162.704   -24.95   25.58
 -29500.099   155.408   -19.25   22.03
 -29121.198   139.287   -42.55   26.75
 -28742.379   116.657   -59.74   32.23
 -28363.641    90.481   -69.12   25.46
 -27984.984    75.024   -40.82   13.50
 -27606.408    66.726   -21.92    3.96
 -27227.914    64.208    -6.65    2.52
 -26849.500    64.853     1.71    4.92
 -26471.168    72.119    19.21   13.46
 -26092.917    86.864    38.98   19.54
 -25714.746   100.502    36.06   16.74
 -25336.657   106.077    14.74   10.20
 -24958.648    98.534   -19.95   19.53
 -24580.721    80.370   -48.06   28.47
 -24202.874    60.992   -51.29   28.56
 -23825.107    42.460   -49.06   21.09
 -23447.422    30.609   -31.38   12.70
 -23069.817    23.758   -18.14    5.05
 -22692.292    21.034    -7.21    2.90
 -22314.849    19.309    -4.57    1.07
 -21937.485    18.779    -1.40    0.95
 -21560.202    18.362    -1.10    1.13
 -21182.999    18.029    -0.88    1.28
 -20805.877    17.622    -1.08    1.25
 -20428.835    17.387    -0.62    1.28
 -20051.873    17.034    -0.93    1.19
 -19674.991    16.566    -1.24    1.19
 -19298.189    16.067    -1.32    1.14
 -18921.468    15.619    -1.19    1.02
 -18544.826    15.013    -1.61    0.98
 -18168.264    14.555    -1.22    0.94
 -17791.783    13.854    -1.86    0.88
 -17415.381    13.367    -1.29    0.83
 -17039.059    12.760    -1.61    0.70
 -16662.816    12.247    -1.36    0.66
 -16286.653    11.760    -1.29    0.61
 -15910.570    11.336    -1.13    0.74
 -15534.567    10.846    -1.30    0.81
 -15158.643    10.461    -1.02    0.77
 -14782.799    10.113    -0.93    0.70
 -14407.034     9.688    -1.13    0.61
 -14031.348     9.240    -1.19    0.64
 -13655.742     8.879    -0.96    0.51
 -13280.215     8.639    -0.64    0.33
 -12904.768     8.779     0.37    0.44
 -12529.399     8.884     0.28    0.49
 -12154.110     8.875    -0.02    0.48
 -11778.900     8.802    -0.19    0.46
 -11403.769     8.587    -0.57    0.34
 -11028.716     8.293    -0.78    0.42
 -10653.743     7.976    -0.85    0.50
 -10278.849     7.622    -0.95    0.52
  -9904.034     7.145    -1.27    0.48
  -9529.297     6.839    -0.82    0.52
  -9154.639     6.555    -0.76    0.41
  -8780.060     6.268    -0.77    0.43
  -8405.560     6.024    -0.65    0.50
  -8031.138     5.790    -0.63    0.45
  -7656.795     5.524    -0.71    0.28
  -7282.530     5.268    -0.68    0.43
  -6908.344     4.959    -0.83    0.50
  -6534.236     4.702    -0.68    0.39
  -6160.206     4.319    -1.02    0.40
  -5786.255     4.077    -0.65    0.50
  -5412.382     3.733    -0.92    0.53
  -5038.587     3.315    -1.12    0.55
  -4664.871     2.985    -0.88    0.50
  -4291.232     2.598    -1.04    0.70
  -3917.672     2.007    -1.58    0.81
  -3544.190     1.631    -1.01    0.86
  -3170.785     1.255    -1.01    0.75
  -2797.459     1.138    -0.31    0.57
  -2424.211     1.180     0.11    0.52
  -2051.040     1.208     0.08    0.46
  -1677.947     1.249     0.11    0.44
  -1304.932     1.343     0.25    0.38
   -931.994     1.100    -0.65    0.68
   -559.135     0.650    -1.21    0.83
   -186.352     0.226    -1.14    0.76
    186.352    -0.052    -0.75    0.54
    558.979    -0.093    -0.11    0.49
    931.529    -0.107    -0.04    0.49
   1304.002    -0.119    -0.03    0.48
   1676.396    -0.132    -0.03    0.48
   2048.714    -0.179    -0.13    0.46
   2420.955    -0.267    -0.24    0.42
   2793.118    -0.358    -0.24    0.34
   3165.204    -0.442    -0.22    0.21
   3537.213    -0.412     0.08    0.27
   3909.144    -0.278     0.36    0.41
   4280.999    -0.168     0.30    0.47
   4652.777    -0.108     0.16    0.49
   5024.478    -0.147    -0.10    0.48
   5396.102    -0.232    -0.23    0.44
   5767.649    -0.304    -0.20    0.39
   6139.120    -0.335    -0.08    0.36
   6510.513    -0.329     0.02    0.37
   6881.830    -0.234     0.26    0.44
   7253.071    -0.068     0.45    0.50
   7624.234     0.212     0.75    0.46
   7995.321     0.502     0.78    0.10
   8366.332     0.513     0.03    0.00
   8737.266     0.458    -0.15    0.23
   9108.124     0.183    -0.74    0.47
   9478.906     0.007    -0.47    0.50
   9849.611     0.366     0.97    0.89
  10220.239     0.780     1.12    1.18
  10590.792     1.260     1.30    1.28
  10961.269     1.524     0.71    1.22
  11331.669     1.681     0.42    1.09
  11701.993     1.854     0.47    0.81
  12072.241     2.145     0.79    0.48
  12442.413     2.395     0.68    0.53
  12812.510     2.726     0.89    0.62
  13182.530     3.077     0.95    0.61
  13552.475     3.579     1.36    0.57
  13922.343     3.917     0.91    0.49
  14292.136     4.191     0.74    0.60
  14661.853     4.439     0.67    0.73
  15031.495     4.479     0.11    0.89
  15401.061     4.502     0.06    1.01
  15770.551     4.670     0.45    1.16
  16139.966     5.126     1.23    1.42
  16509.305     5.959     2.25    1.68
  16878.569     7.056     2.97    1.78
  17247.758     8.087     2.79    1.83
  17616.871     9.611     4.13    2.97
  17985.909    11.629     5.47    4.33
  18354.871    14.331     7.32    4.59
  18723.759    16.934     7.06    3.75
  19092.571    21.064    11.20    7.16
  19461.308    29.345    22.46   14.79
  19829.970    39.783    28.31   18.33
  20198.557    52.162    33.59   18.04
  20567.069    60.902    23.72   14.94
  20935.506    62.383     4.02   16.77
  21303.868    54.109   -22.46   21.76
  21672.156    42.926   -30.36   21.42
  22040.368    32.385   -28.63   14.89
  22408.506    25.580   -18.48    5.91
  22776.569    24.364    -3.30    3.27
  23144.558    25.457     2.97    3.11
  23512.471    27.683     6.05    2.72
  23880.311    29.299     4.39    2.85
  24248.075    31.321     5.50    3.47
  24615.765    32.580     3.42    3.14
  24983.381    33.480     2.45    2.03
  25350.923    35.094     4.39    3.14
  25718.390    38.393     8.98    5.49
  26085.782    41.481     8.40    5.45
  26453.101    44.791     9.01    4.05
  26820.345    46.215     3.88    3.13
  27187.515    45.333    -2.40    3.57
  27554.611    44.066    -3.45    4.44
  27921.633    45.342     3.48    8.96
  28288.580    50.396    13.77   16.05
  28655.454    57.691    19.88   20.40
  29022.254    69.555    32.35   24.61
  29388.980    81.013    31.24   23.95
  29755.632    89.169    22.24   18.29
  30122.210    92.328     8.62   13.04
  30488.715    91.139    -3.24   11.75
  30855.146    95.024    10.60   14.67
  31221.503   102.842    21.34   17.06
  31587.786   110.706    21.47   15.78
  31953.996   115.299    12.54   15.66
  32320.132   112.077    -8.80   19.83
  32686.195   107.479   -12.56   21.30
  33052.184   101.395   -16.62   19.18
  33418.100    98.183    -8.78   14.76
  33783.943    97.709    -1.30   11.59
  34149.712   100.321     7.14   10.34
  34515.408   106.490    16.87    9.57
  34884.614   114.008    20.36    9.53
  35265.567   121.662    20.09    8.86
  35646.440   127.653    15.73    9.65
  36027.232   133.134    14.39   11.43
  36407.943   134.247     2.92   14.64
  36788.574   134.457     0.55   17.04
  37169.125   135.067     1.60   16.34
  37549.595   133.335    -4.55   13.36
  37929.985   134.739     3.69   10.27
  38310.294   139.920    13.62   12.48
  38690.524   148.236    21.87   15.08
  39070.673   158.865    27.96   14.21
  39450.742   166.061    18.93   13.17
  39830.731   174.558    22.36   12.10
  40210.640   180.922    16.75   11.95
  40590.469   188.749    20.61   10.94
  40970.218   194.545    15.26   11.67
  41349.887   204.249    25.56   15.08
  41729.477   215.850    30.56   18.67
  42108.986   227.893    31.73   18.48
  42488.416   238.158    27.05   16.14
  42867.766   247.154    23.71   11.84
  43247.037   251.481    11.41    9.08
  43626.228   255.991    11.89    9.15
  44005.340   261.760    15.22   10.08
  44384.372   270.133    22.09   12.32
  44763.324   277.991    20.74   14.02
  45142.198   288.790    28.50   17.50
  45520.991   298.080    24.52   20.97
  45899.706   306.749    22.89   22.55
  46278.342   309.135     6.30   21.23
  46656.898   317.577    22.30   25.21
  47035.375   332.899    40.48   33.88
  47413.773   364.034    82.28   47.21
  47792.092   390.877    70.95   42.81
  48170.332   412.287    56.60   40.12
  48548.493   427.581    40.44   38.74
  48926.576   442.943    40.63   36.20
  49304.579   453.467    27.84   30.47
  49682.504   460.545    18.73   15.76
  50060.349   456.547   -10.58   16.96
  50438.117   446.008   -27.90   23.37
  50815.805   435.468   -27.90   28.53
  51193.415   433.760    -4.52   37.60
  51570.947   434.064     0.80   43.20
  51948.399   432.782    -3.40   44.40
  52325.774   432.311    -1.25   38.50
  52703.070   437.578    13.96   36.58
  53080.288   444.924    19.47   33.37
  53457.427   450.567    14.96   25.39
  53834.488   445.783   -12.69   21.39
  54211.471   436.915   -23.52   18.06
  54588.376   428.041   -23.54   20.88
  54965.203   421.828   -16.49   25.15
  55341.951   411.335   -27.85   29.58
  55718.622   396.904   -38.31   30.74
  56095.215   378.302   -49.39   30.37
  56471.729   365.904   -32.93   26.59
  56848.166   360.491   -14.38   29.63
  57224.525   372.111    30.87   45.79
  57600.807   385.502    35.59   54.22
  57977.010   397.024    30.63   54.51
  58353.136   396.068    -2.54   49.11
  58729.184   405.100    24.02   46.12
  59105.155   411.293    16.47   44.93
  59481.048   419.384    21.52   45.38
  59856.864   422.799     9.09   50.78
  60232.602   419.893    -7.73   48.34
  60608.263   414.578   -14.15   41.63
  60983.846   395.448   -50.93   56.29
  61359.352   353.674  -111.24   67.22
  61734.781   297.828  -148.75   66.48
  62110.133   267.674   -80.33   51.29
  62485.407   254.931   -33.96   43.31
  62860.605   263.760    23.53   54.96
  63235.725   296.205    86.49   76.56
  63610.769   335.198   103.96   78.76
  63985.735   376.402   109.88   52.91
  64360.624   390.872    38.60   39.54
  64735.437   377.502   -35.67   54.63
  65110.173   347.255   -80.71   68.55
  65484.832   298.176  -130.99   77.15
  65859.414   251.143  -125.55   72.76
  66233.919   203.899  -126.14   50.53
  66608.348   179.018   -66.45   33.01
  66982.701   170.502   -22.75   26.76
  67356.976   184.404    37.14   46.88
  67731.176   212.388    74.78   64.13
  68105.298   236.937    65.61   64.69
  68479.345   256.399    52.03   48.98
  68853.315   263.828    19.86   37.02
  69227.208   266.797     7.94   23.61
  69601.026   264.328    -6.60   18.89
  69974.767   261.455    -7.69   15.64
  70348.432   258.285    -8.49   11.69
  70722.021   253.780   -12.06    8.49
  71095.534   248.100   -15.21    7.35
  71468.970   239.257   -23.68   12.11
  71842.331   225.513   -36.81   19.08
  72215.616   214.443   -29.65   17.99
  72588.825   201.535   -34.59   19.07
  72961.958   187.720   -37.02   19.05
  73335.015   185.274    -6.56   19.99
  73707.996   188.535     8.74   25.30
  74080.902   202.339    37.01   27.99
  74453.732   216.377    37.65   21.85
  74826.487   224.230    21.07   16.20
  75199.166   224.013    -0.58   15.18
  75571.769   228.018    10.75   16.37
  75944.297   233.738    15.35   20.39
  76316.749   245.931    32.73   23.57
  76689.126   258.209    32.97   23.83
  77061.428   276.722    49.72   29.71
  77433.654   297.839    56.73   39.14
  77805.805   330.124    86.75   50.74
  78177.881   366.709    98.32   56.18
  78549.881   400.929    91.98   45.96
  78921.807   415.078    38.04   34.99
  79293.657   414.763    -0.85   35.47
  79665.433   405.513   -24.88   43.44
  80037.133   389.595   -42.82   51.22
  80408.758   368.546   -56.64   59.72
  80780.309   344.431   -64.90   67.61
  81151.785   305.922  -103.66   60.90
  81523.185   279.757   -70.44   40.12
  81894.512   273.198   -17.66   28.80
  82265.763   285.820    34.00   44.40
  82636.940   311.806    70.01   58.31
  83008.042   334.922    62.29   61.52
  83379.069   354.291    52.20   60.77
  83750.022   355.153     2.33   53.25
  84120.900   348.676   -17.46   44.78
  84491.704   340.313   -22.55   36.24
  84862.434   326.685   -36.76   36.88
  85233.089   314.128   -33.87   37.30
  85603.670   300.062   -37.95   31.27
  85974.176   292.821   -19.54   28.90
  86344.609   286.030   -18.33   35.00
  86714.967   275.741   -27.78   40.40
  87085.251   254.455   -57.48   34.04
  87455.460   236.578   -48.28   27.84
  87825.596   223.873   -34.32   26.94
  88195.658   210.969   -34.87   26.66
  88565.646   197.346   -36.82   22.11
  88935.560   183.942   -36.24   15.16
  89305.400   185.172     3.33   27.26
  89675.166   208.645    63.48   54.22
  90044.858   232.260    63.87   61.09
  90414.477   254.468    60.08   53.10
  90784.022   261.872    20.03   49.69
  91153.493   260.706    -3.15   53.24
  91522.891   277.959    46.70   58.94
  91892.215   316.457   104.23   62.81
  92261.465   357.980   112.45   64.19
  92630.642   391.873    91.80   48.43
  92999.746   392.643     2.09   48.32
  93368.776   371.943   -56.09   66.78
  93737.733   318.893  -143.77   71.77
  94106.616   273.546  -122.92   56.82
  94475.426   231.667  -113.55   51.23
  94844.163   199.276   -87.84   47.25
  95212.827   168.080   -84.62   44.25
  95581.418   142.328   -69.86   39.01
  95949.935   113.592   -77.97   31.39
  96318.380    91.996   -58.61   28.11
  96686.751    69.638   -60.69   19.66
  97055.050    57.898   -31.88   12.81
  97423.275    59.129     3.34   25.45
  97791.428    96.165   100.59   72.40
  98159.508   139.913   118.85   87.19
  98527.515   185.922   125.01   77.11
  98895.449   226.283   109.69   59.35
  99263.311   250.426    65.63   72.43
  99631.100   264.457    38.15   75.85
  99998.816   270.656    16.86   72.86
 100366.460   256.613   -38.19   70.70
 100734.031   231.774   -67.57   64.45
 101101.530   195.106   -99.77   58.44
 101468.956   173.195   -59.63   49.67
 101836.310   162.557   -28.95   47.89
 102203.591   156.180   -17.36   53.88
 102570.800   149.968   -16.91   56.33
 102937.937   137.382   -34.28   52.28
 103305.002   119.746   -48.04   39.78
 103671.994   108.364   -31.01   31.80
 104038.914   103.102   -14.34   28.87
 104405.762    97.649   -14.86   27.66
 104772.538    96.356    -3.53   32.65
 105139.242    91.733   -12.61   37.97
 105505.874    86.558   -14.11   39.62
 105872.434    75.785   -29.39   35.11
 106238.923    67.195   -23.44   29.56
 106605.339    60.810   -17.43   23.28
 106971.683    58.108    -7.37   19.42
 107337.956    56.635    -4.02   16.87
 107704.157    55.422    -3.31   15.31
 108070.286    54.341    -2.95   14.52
 108436.344    51.168    -8.67   13.29
 108802.330    47.832    -9.12   12.90
 109168.244    43.172   -12.73   11.64
 109534.087    39.288   -10.62   11.29
 109914.393    35.359   -10.33   10.51
 110295.105    31.922    -9.03   10.02
 110675.739    28.235    -9.69    8.56
 111056.294    25.263    -7.81    6.55
 111436.771    23.202    -5.42    5.18
 111817.170    21.791    -3.71    4.68
 112197.490    19.733    -5.41    4.24
 112577.733    17.580    -5.66    3.24
 112957.897    15.965    -4.25    2.01
 113337.983    15.313    -1.71    1.64
 113717.991    15.293    -0.05    1.94
 114097.921    14.744    -1.45    1.96
 114477.773    13.524    -3.21    2.63
 114857.547    11.656    -4.92    2.64
 115237.243    10.217    -3.79    1.86
 115616.861     9.513    -1.86    1.20
 115996.402     9.432    -0.21    1.02
 116375.864     9.391    -0.11    1.04
 116755.250     9.644     0.67    1.46
 117134.557     9.412    -0.61    1.54
 117513.787     8.608    -2.12    1.66
 117892.939     7.846    -2.01    1.57
 118272.014     7.007    -2.21    0.96
 118651.012     6.568    -1.16    0.35
 119029.932     6.513    -0.14    0.00
 119408.774     6.739     0.60    0.96
 119787.540     7.489     1.98    2.08
 120166.228     7.491     0.00    2.35
 120544.839     6.881    -1.61    2.92
 120923.372     5.700    -3.12    2.95
 121301.829     4.097    -4.23    1.32
 121680.208     4.224     0.34    1.42
 122058.511     5.052     2.19    1.92
 122436.736     5.425     0.99    2.04
 122814.885     5.502     0.20    1.96
 123192.956     5.013    -1.29    1.78
 123570.951     4.432    -1.54    1.77
 123948.869     3.291    -3.02    2.33
 124326.711     1.329    -5.19    2.92
 124704.475    -0.630    -5.19    3.11
 125082.163    -3.248    -6.93    2.63
 125459.774    -4.784    -4.07    2.42
 125837.309    -5.794    -2.68    1.88
 126214.767    -5.920    -0.34    1.79
 126592.149    -5.794     0.34    1.93
 126969.454    -5.630     0.43    1.95
 127346.683    -5.635    -0.01    1.96
 127723.836    -5.633     0.00    1.95
 128100.912    -5.487     0.39    1.98
 128477.912    -5.132     0.94    1.96
 128854.836    -4.608     1.39    1.68
 129231.684    -4.587     0.06    1.57
 129608.455    -5.709    -2.98    2.17
 129985.151    -6.609    -2.39    1.94
 130361.770    -6.787    -0.47    1.93
 130738.314    -6.112     1.79    2.20
 131114.782    -5.161     2.53    1.96
 131491.173    -5.021     0.37    1.92
 131867.489    -5.398    -1.00    2.05
 132243.729    -5.773    -1.00    1.97
 132619.894    -6.487    -1.90    1.99
 132995.982    -6.872    -1.02    1.75
 133371.996    -6.332     1.44    2.53
 133747.933    -4.532     4.79    4.62
 134123.795    -0.172    11.60    8.59
 134499.581     5.422    14.89   10.99
 134875.292    13.135    20.53   13.20
 135250.927    20.513    19.64   13.46
 135626.488    29.490    23.90   12.94
 136001.972    37.824    22.19   12.71
 136377.382    48.681    28.92   12.15
 136752.716    56.691    21.34   11.05
 137127.975    66.872    27.13   10.72
 137503.159    77.956    29.54   13.92
 137878.267    92.149    37.83   19.21
 138253.301   113.702    57.46   29.30
 138628.260   143.346    79.05   36.49
 139003.143   167.052    63.23   32.21
 139377.952   181.357    38.16   19.26
 139752.686   174.940   -17.12   28.16
 140127.345   147.161   -74.14   40.82
 140501.929   116.213   -82.61   39.21
 140876.438    84.967   -83.42   26.50
 141250.873    77.846   -19.02   22.06
 141625.233   102.909    66.94   55.53
 141999.519   141.446   102.95   71.88
 142373.729   160.810    51.74   70.35
 142747.866   149.124   -31.23   88.11
 143121.927   107.615  -110.96  104.93
 143495.915    57.257  -134.64   87.74
 143869.828     7.858  -132.10   29.41
 144243.666    -3.698   -30.91    4.38
 144617.431    -5.246    -4.14    1.09
 144991.121    -5.701    -1.22    0.92
 145364.736    -6.087    -1.03    0.83
 145738.278    -6.432    -0.92    0.27
 146111.746    -6.487    -0.15    0.00
 146485.139    -6.487     0.00    0.00
 146858.458    -6.487     0.00    0.00
 147231.704    -6.487     0.00    0.00
 147604.875    -6.487     0.00    0.00
 147977.972    -6.487     0.00    0.00
 148350.996    -6.487     0.00    0.00
 148723.946    -6.554    -0.18    0.36
 149096.821    -6.642    -0.24    0.48
 149469.624    -6.768    -0.34    0.66
 149842.352    -7.106    -0.91    0.85
 150215.007    -7.274    -0.45    0.90
 150587.588    -7.487    -0.57    0.92
 150960.096    -7.644    -0.42    0.94
 151332.530    -7.708    -0.17    0.97
 151704.890    -7.654     0.15    0.96
 152077.177    -7.533     0.32    0.95
 152449.391    -7.251     0.76    0.88
 152821.532    -7.120     0.35    0.80
 153193.599    -7.187    -0.18    0.98
 153565.593    -7.363    -0.47    1.21
 153937.513    -6.757     1.63    2.27
 154309.360    -5.464     3.48    2.92
 154681.135    -3.442     5.44    2.88
 155052.836    -1.732     4.60    1.94
 155424.464    -0.676     2.84    0.47
 155796.019    -0.509     0.45    0.15
 156167.501    -0.487     0.06    0.00
 156538.910    -0.476     0.03    0.11
 156910.247    -0.452     0.06    0.32
 157281.510    -0.442     0.03    0.42
 157652.701    -0.169     0.73    1.15
 158023.819     0.917     2.93    2.35
 158394.864     2.164     3.36    2.71
 158765.836     3.331     3.15    2.54
 159136.736     3.477     0.39    2.61
 159507.563     2.513    -2.60    2.85
 159878.318     1.501    -2.73    2.77
 160249.000     0.425    -2.90    2.10
 160619.610    -0.453    -2.37    0.64
 160990.147    -0.498    -0.12    0.10
 161360.612    -0.487     0.03    0.00
 161731.005    -0.487     0.00    0.00
 162101.325    -0.487     0.00    0.00
 162471.573    -0.487     0.00    0.00
 162841.749    -0.487     0.00    0.00
 163211.853    -0.487     0.00    0.00
 163581.884    -0.487     0.00    0.00
 163951.844    -0.487     0.00    0.00
 164321.731    -0.487     0.00    0.00
 164691.547    -0.487     0.00    0.00
 165061.290    -0.487     0.00    0.00
 165430.962    -0.487     0.00    0.00
 165800.562    -0.487     0.00    0.00
 166170.089    -0.487     0.00    0.00
 166539.546    -0.487     0.00    0.00
 166908.930    -0.487     0.00    0.00
 167278.242    -0.487     0.00    0.00
 167647.483    -0.487     0.00    0.00
 168016.653    -0.487     0.00    0.00
 168385.750    -0.487     0.00    0.00
 168754.777    -0.487     0.00    0.00
 169123.731    -0.510    -0.06    0.15
 169492.615    -0.717    -0.56    0.42
 169861.426    -0.970    -0.69    0.59
 170230.167    -1.601    -1.71    1.19
 170598.836    -2.172    -1.55    1.33
 170967.434    -2.315    -0.39    1.41
 171335.960    -2.083     0.63    1.58
 171704.416    -1.725     0.97    1.64
 172072.800    -1.498     0.62    1.51
 172441.113    -1.451     0.13    1.38
 172809.355    -1.387     0.17    1.23
 173177.526    -1.487    -0.27    0.98
 173545.625    -1.287     0.54    0.85
 173913.654    -0.993     0.80    0.59
 174281.612    -1.044    -0.14    0.69
 174649.499    -1.188    -0.39    0.81
 175017.316    -1.442    -0.69    0.82
 175385.061    -1.667    -0.61    0.72
 175752.736    -1.577     0.24    0.70
 176120.340    -1.158     1.14    0.72
 176487.873    -0.912     0.67    0.56
 176855.336    -0.942    -0.08    0.50
 177222.728    -1.102    -0.44    0.49
 177590.049    -1.262    -0.44    0.42
 177957.300    -1.330    -0.19    0.37
 178324.481    -1.226     0.29    0.44
 178691.591    -1.173     0.14    0.47
 179058.630    -1.033     0.38    0.50
 179425.600    -0.880     0.41    0.49
 179792.499    -0.687     0.53    0.40
 180159.327    -0.522     0.45    0.28
 180526.086    -0.237     0.78    0.46
 180892.774     0.127     0.99    0.81
 181259.392     0.639     1.40    0.97
 181625.940     1.180     1.47    1.08
 181992.418     1.692     1.40    1.11
 182358.826     2.291     1.64    1.08
 182725.164     2.854     1.54    0.96
 183091.431     3.570     1.95    0.85
 183457.629     4.048     1.31    0.82
 183823.758     4.570     1.43    0.73
 184189.816     4.831     0.71    0.70
 184566.184     5.070     0.63    0.74
 184946.737     5.145     0.20    0.75
 185327.213     5.457     0.82    1.06
 185707.613     5.904     1.17    1.21
 186087.936     6.246     0.90    1.22
 186468.184     6.513     0.70    1.15
 186848.355     6.797     0.75    1.10
 187228.450     7.123     0.86    0.99
 187608.469     7.387     0.69    1.02
 187988.412     7.659     0.72    1.03
 188368.279     7.884     0.59    1.09
 188748.069     8.132     0.65    1.09
 189127.784     8.313     0.48    1.03
 189507.424     8.478     0.44    0.91
 189886.987     8.624     0.38    0.64
 190266.474     8.699     0.20    0.52
 190645.886     8.752     0.14    0.53
 191025.222     8.827     0.20    0.69
 191404.483     8.984     0.41    0.85
 191783.668     9.138     0.41    1.00
 192162.777     9.288     0.40    1.12
 192541.811     9.628     0.90    1.22
 192920.769    10.311     1.80    1.68
 193299.652    11.306     2.63    2.16
 193678.459    12.717     3.73    2.88
 194057.191    14.263     4.08    3.31
 194435.848    15.885     4.28    3.32
 194814.430    17.052     3.08    2.99
 195192.936    17.984     2.46    2.41
 195571.368    18.603     1.63    1.90
 195949.724    18.989     1.02    1.58
 196328.005    19.232     0.64    1.20
 196706.211    19.322     0.24    1.05
 197084.342    19.432     0.29    0.88
 197462.398    19.609     0.47    0.79
 197840.379    20.084     1.26    0.99
 198218.286    20.513     1.13    1.01
 198596.117    21.035     1.38    1.24
 198973.874    22.086     2.78    2.42
 199351.556    23.956     4.95    4.06
 199729.164    26.318     6.25    4.58
 200106.697    27.911     4.22    3.89
 200484.155    28.257     0.92    3.93
 200861.539    26.786    -3.90    4.23
 201238.848    24.666    -5.62    3.79
 201616.083    22.957    -4.53    3.25
 201993.243    21.362    -4.23    1.63
 202370.329    20.895    -1.24    0.68
 202747.341    20.831    -0.17    0.73
 203124.278    21.411     1.54    1.62
 203501.141    21.606     0.52    1.57
 203877.930    21.581    -0.07    1.40
 204254.645    21.548    -0.09    1.31
 204631.286    21.683     0.36    1.72
 205007.852    22.384     1.86    3.24
 205384.345    23.161     2.06    4.25
 205760.764    22.973    -0.50    4.12
 206137.108    22.352    -1.65    3.38
 206513.379    21.001    -3.59    1.52
 206889.576    20.720    -0.75    0.49
 207265.699    21.191     1.25    1.06
 207641.749    21.704     1.36    1.58
 208017.725    22.245     1.44    1.74
 208393.627    22.131    -0.30    1.53
 208769.455    21.865    -0.71    1.14
 209145.210    22.058     0.51    1.12
 209520.891    22.365     0.82    1.84
 209896.499    22.897     1.41    2.18
 210272.033    23.206     0.82    1.91
 210647.494    23.637     1.15    1.75
 211022.882    24.757     2.98    2.06
 211398.196    26.047     3.44    2.02
 211773.437    27.257     3.22    1.76
 212148.605    28.161     2.41    0.98
 212523.699    28.479     0.85    0.24
 212898.720    28.513     0.09    0.00
 213273.669    28.513     0.00    0.00
 213648.544    28.513     0.00    0.00
 214023.346    28.432    -0.22    0.28
 214398.075    28.263    -0.45    0.44
 214772.731    28.195    -0.18    0.47
 215147.314    28.297     0.27    0.56
 215521.825    28.592     0.79    0.70
 215896.262    29.094     1.34    0.66
 216270.627    29.638     1.45    0.71
 216644.919    30.176     1.44    0.68
 217019.139    30.731     1.48    0.69
 217393.285    31.266     1.43    0.68
 217767.360    31.748     1.29    0.65
 218141.361    32.176     1.14    0.66
 218515.290    32.513     0.90    0.73
 218889.147    32.745     0.62    0.82
 219262.931    33.083     0.90    1.04
 219636.642    33.582     1.34    1.29
 220010.282    34.306     1.94    1.45
 220383.849    35.142     2.24    1.34
 220757.344    36.118     2.61    1.10
 221130.766    36.740     1.67    0.94
 221504.116    37.306     1.52    0.84
 221877.395    37.808     1.35    1.06
 222250.601    38.373     1.51    1.28
 222623.735    38.979     1.62    1.72
 222996.797    39.953     2.61    1.92
 223369.787    41.134     3.16    1.96
 223742.705    42.713     4.23    2.27
 224115.551    43.990     3.43    2.78
 224488.325    45.866     5.03    5.25
 224861.028    48.743     7.72    8.65
 225233.658    51.751     8.07   10.02
 225606.217    52.800     2.82    9.25
 225978.705    52.549    -0.67    7.75
 226351.120    51.857    -1.86    5.87
 226723.464    51.147    -1.91    4.28
 227095.737    51.283     0.37    3.01
 227467.937    50.964    -0.86    1.83
 227840.067    50.631    -0.90    0.68
 228212.125    50.586    -0.12    0.31
 228584.111    50.638     0.14    0.33
 228956.027    50.867     0.61    0.48
 229327.870    51.288     1.13    0.72
 229699.643    51.802     1.38    0.72
 230071.344    52.237     1.17    0.52
 230442.974    52.537     0.81    0.44
 230814.533    52.820     0.76    0.49
 231186.021    53.453     1.71    1.17
 231557.438    54.899     3.89    2.21
 231928.784    56.572     4.50    2.38
 232300.058    58.127     4.19    1.80
 232671.262    59.249     3.02    1.07
 233042.395    60.053     2.17    0.71
 233413.457    60.548     1.33    0.71
 233784.448    60.815     0.72    0.75
 234155.368    60.743    -0.20    0.89
 234526.218    60.354    -1.05    0.97
 234896.997    60.089    -0.71    0.79
 235267.705    60.752     1.79    1.54
 235638.343    61.683     2.51    1.76
 236008.910    62.778     2.95    1.33
 236379.406    63.502     1.95    0.51
 236749.832    63.869     0.99    0.61
 237120.187    64.342     1.28    0.95
 237490.472    65.025     1.84    1.11
 237860.687    65.752     1.96    1.27
 238230.831    66.489     1.99    1.36
 238600.905    67.299     2.19    1.64
 238970.908    68.196     2.42    1.80
 239340.842    69.320     3.04    2.00
 239710.705    70.647     3.59    1.86
 240080.498    72.283     4.42    2.34
 240450.221    74.074     4.84    2.27
 240819.874    75.978     5.15    2.33
 241189.456    77.811     4.96    1.92
 241558.969    79.478     4.51    1.85
 241928.412    80.938     3.95    1.87
 242297.785    82.536     4.32    1.54
 242667.088    83.548     2.74    1.25
 243036.321    84.595     2.84    0.98
 243405.485    85.211     1.67    0.97
 243774.578    86.315     2.99    1.79
 244143.602    88.065     4.74    2.82
 244512.556    90.674     7.07    3.62
 244881.441    93.331     7.20    3.53
 245250.256    95.906     6.98    2.78
 245619.001    97.943     5.52    2.46
 245987.677    99.708     4.79    2.29
 246356.284   101.443     4.71    2.51
 246724.820   103.196     4.75    2.29
 247093.288   104.911     4.65    2.46
 247461.686   106.686     4.82    2.14
 247830.015   108.344     4.50    2.26
 248198.275   109.953     4.37    2.22
 248566.465   112.127     5.90    2.62
 248934.586   114.129     5.44    2.98
 249302.638   116.873     7.45    3.25
 249670.621   119.122     6.11    3.07
 250038.534   121.752     7.15    2.93
 250406.379   124.358     7.08    3.78
 250774.155   129.685    14.48    7.63
 251141.861   136.638    18.90   10.46
 251509.499   144.489    21.35   10.67
 251877.068   151.059    17.87    9.13
 252244.568   156.013    13.48    7.85
 252611.999   159.059     8.29    9.06
 252979.361   161.245     5.95   11.25
 253346.655   163.047     4.91   12.78
 253713.879   164.989     5.29   15.23
 254081.036   169.502    12.29   20.18
 254448.123   173.858    11.87   23.85
 254815.142   182.456    23.42   26.43
 255182.092   191.920    25.79   28.34
 255548.974   205.595    37.27   29.62
 255915.788   212.278    18.21   27.73
 256282.533   213.955     4.57   27.01
 256649.209   213.164    -2.16   24.50
 257015.817   213.953     2.15   22.95
 257382.357   222.638    23.69   26.11
 257748.829   239.859    46.98   26.27
 258115.232   258.058    49.66   20.65
 258481.567   269.748    31.90   16.45
 258847.834   275.754    16.40   12.20
 259220.579   274.318    -3.85   13.95
 259600.976   265.789   -22.42   18.35
 259981.299   260.013   -15.18   16.62
 260361.547   257.877    -5.62   16.72
 260741.722   250.315   -19.88   28.99
 261121.822   236.927   -35.22   35.60
 261501.847   220.477   -43.28   32.82
 261881.799   211.094   -24.69   22.38
 262261.677   210.928    -0.44   19.26
 262641.480   221.945    29.00   25.03
 263021.210   237.842    41.86   25.19
 263400.865   253.703    41.77   19.19
 263780.447   266.399    33.44   15.96
 264159.955   274.720    21.92   13.02
 264539.389   281.619    18.18   10.06
 264918.749   282.408     2.08   12.67
 265298.036   278.629    -9.96   21.97
 265677.248   271.275   -19.39   31.07
 266056.387   262.804   -22.34   35.30
 266435.453   252.330   -27.62   36.29
 266814.445   241.827   -27.71   34.52
 267193.363   232.229   -25.32   31.73
 267572.208   221.842   -27.41   26.13
 267950.979   213.975   -20.77   18.50
 268329.677   211.409    -6.77   12.88
 268708.302   212.738     3.51   11.40
 269086.853   218.800    16.01   16.31
 269465.332   228.049    24.43   20.83
 269843.736   237.229    24.26   24.59
 270222.068   245.079    20.75   26.69
 270600.327   253.559    22.41   27.87
 270978.512   260.608    18.63   28.08
 271356.624   268.908    21.95   28.38
 271734.664   275.118    16.42   29.43
 272112.630   281.219    16.14   31.42
 272490.523   288.078    18.15   36.24
 272868.344   296.945    23.46   41.11
 273246.091   305.299    22.11   44.79
 273623.766   314.455    24.24   46.94
 274001.368   324.056    25.42   48.62
