-332148.029    94.820     0.00    4.05
-331779.245    96.097     3.46    3.89
-331410.405    97.287     3.23    3.85
-331041.507    99.427     5.80    4.58
-330672.553   100.782     3.67    4.71
-330303.543   103.347     6.95    4.66
-329934.475   105.950     7.05    4.43
-329565.351   108.400     6.64    5.06
-329196.170   111.018     7.09    4.97
-328826.932   114.507     9.45    5.95
-328457.638   117.769     8.83    6.99
-328088.286   121.573    10.30    8.16
-327718.878   124.135     6.93    6.96
-327349.412   126.613     6.70    5.50
-326979.890   128.755     5.79    5.15
-326610.311   132.509    10.15    5.17
-326240.674   134.703     5.93    4.48
-325870.981   137.185     6.71    4.63
-325501.231   136.867    -0.86    4.70
-325131.423   137.373     1.37    7.73
-324761.559   145.666    22.41   20.25
-324391.637   168.067    60.54   42.26
-324021.658   203.666    96.19   56.04
-323651.622   235.978    87.30   53.28
-323281.529   256.708    56.00   40.22
-322911.378   252.147   -12.32   37.30
-322541.170   229.675   -60.68   40.90
-322170.905   207.040   -61.12   40.10
-321800.583   190.522   -44.59   34.12
-321430.203   184.507   -16.24   31.86
-321059.766   175.360   -24.68   30.47
-320689.271   165.401   -26.87   33.80
-320318.719   146.812   -50.15   30.69
-319948.110   131.995   -39.97   24.57
-319577.443   121.484   -28.35   18.70
-319206.718   113.907   -20.43   17.66
-318835.936   108.538   -14.47   12.24
-318465.096   106.227    -6.23   11.35
-318094.199    98.252   -21.49   16.32
-317723.244    93.675   -12.33   15.31
-317352.232    89.752   -10.57   13.21
-316981.162    84.648   -13.75    9.68
-316610.034    81.963    -7.23    9.73
-316238.848    78.049   -10.54    9.80
-315867.604    74.225   -10.30   10.88
-315496.303    71.114    -8.38   10.45
-315124.944    66.963   -11.17   12.27
-314753.527    63.401    -9.59   11.55
-314382.052    61.182    -5.97    8.03
-314010.520    60.569    -1.65    6.76
-313638.929    62.090     4.09    5.71
-313267.280    63.232     3.07    5.03
-312895.574    64.360     3.03    5.50
-312523.809    64.220    -0.38    5.79
-312151.987    64.387     0.45    5.40
-311780.106    65.390     2.70    5.57
-311408.167    65.213    -0.47    5.01
-311036.170    64.218    -2.67    4.60
-310664.115    61.493    -7.32    6.40
-310292.002    57.622   -10.40    8.30
-309919.830    54.240    -9.08    7.39
-309547.600    50.604    -9.77    5.59
-309175.312    49.090    -4.07    3.62
-308802.966    48.361    -1.96    2.76
-308430.561    47.739    -1.67    3.33
-308058.098    46.888    -2.28    4.05
-307685.577    45.987    -2.42    4.61
-307312.997    45.090    -2.41    4.21
-306940.359    44.520    -1.53    4.26
-306567.662    44.018    -1.35    4.05
-306194.907    44.401     1.03    5.16
-305822.093    45.744     3.60    8.16
-305449.221    46.949     3.23    9.98
-305076.290    45.739    -3.25   10.62
-304703.301    42.874    -7.68   10.35
-304330.253    38.702   -11.18    9.30
-303957.146    34.671   -10.80    5.52
-303583.981    32.491    -5.84    2.24
-303210.756    32.444    -0.13    2.13
-302837.474    33.189     1.99    2.57
-302464.132    34.333     3.06    2.86
-302090.731    35.544     3.24    3.22
-301717.272    35.430    -0.31    3.05
-301343.754    35.076    -0.95    2.82
-300970.177    34.657    -1.12    2.44
-300596.541    34.053    -1.61    1.76
-300222.846    34.318     0.71    1.80
-299849.092    35.813     4.00    2.76
-299475.279    37.840     5.42    3.08
-299101.407    39.702     4.98    3.28
-298727.476    42.497     7.47    4.80
-298353.486    45.252     7.36    6.16
-297979.437    47.117     4.98    5.79
-297605.329    48.630     4.04    5.91
-297231.161    50.779     5.74    8.11
-296856.934    51.928     3.07    8.89
-296482.648    52.580     1.74    9.33
-296108.303    51.486    -2.92    8.71
-295733.899    51.032    -1.21    6.40
-295359.435    53.013     5.29    7.36
-294984.912    57.455    11.86    8.48
-294610.329    62.104    12.41    7.28
-294235.687    65.493     9.05    7.58
-293860.986    67.420     5.14    8.84
-293486.225    68.733     3.50    8.78
-293111.405    67.979    -2.01    9.61
-292736.525    65.907    -5.53    8.67
-292361.585    63.318    -6.90    6.16
-291986.587    61.912    -3.75    4.87
-291611.528    62.840     2.47    5.44
-291236.410    64.853     5.37    6.80
-290861.232    66.603     4.66    6.54
-290485.994    67.752     3.06    5.27
-290110.697    68.773     2.72    4.60
-289735.340    68.333    -1.17    4.87
-289359.923    67.807    -1.40    4.56
-288984.446    68.222     1.10    4.75
-288608.910    68.478     0.68    4.68
-288233.314    68.791     0.83    4.75
-287857.657    69.123     0.88    3.87
-287481.941    69.708     1.56    2.68
-287106.165    70.133     1.13    1.89
-286730.329    70.458     0.86    2.17
-286354.433    70.747     0.77    2.51
-285978.477    71.703     2.54    3.25
-285602.460    72.560     2.28    4.52
-285226.384    74.022     3.89    6.78
-284850.247    75.480     3.87    8.34
-284474.051    76.549     2.84    8.54
-284097.794    77.401     2.26    8.76
-283721.477    77.059    -0.91    7.33
-283345.100    76.744    -0.84    6.00
-282968.662    76.854     0.29    5.08
-282592.164    78.473     4.30    6.62
-282215.606    79.627     3.06    6.31
-281838.987    81.332     4.53    6.10
-281462.308    81.880     1.45    5.71
-281085.569    83.790     5.07    6.33
-280708.769    83.813     0.06    5.96
-280331.909    83.306    -1.35    5.22
-279954.988    82.347    -2.54    4.06
-279578.006    82.833     1.29    3.57
-279200.964    84.144     3.48    4.11
-278823.862    86.080     5.13    4.73
-278446.698    87.847     4.68    4.79
-278069.474    90.710     7.59    4.34
-277692.190    93.100     6.33    3.20
-277314.845    95.295     5.81    3.19
-276937.438    98.708     9.04    5.73
-276559.972   101.320     6.92    5.66
-276182.444   103.763     6.47    6.01
-275804.855   107.541    10.00    7.81
-275427.206   111.333    10.04    7.29
-275049.496   112.520     3.14    6.57
-274671.724   110.820    -4.50    7.32
-274293.892   108.441    -6.29    5.80
-273915.999   109.649     3.20    5.96
-273538.045   113.580    10.40    6.46
-273160.029   118.766    13.72    6.00
-272781.953   121.896     8.28    5.92
-272403.816   124.787     7.64    6.83
-272025.617   130.275    14.51    8.65
-271647.357   136.880    17.46   11.14
-271269.036   144.847    21.05   10.08
-270890.654   148.812    10.48    8.16
-270512.210   147.928    -2.34    9.69
-270133.706   144.807    -8.24    9.13
-269755.139   142.162    -6.98    7.76
-269376.512   142.760     1.58    7.80
-268997.823   143.243     1.27    7.73
-268619.073   144.484     3.28    7.53
-268240.261   143.952    -1.40    7.07
-267861.388   142.222    -4.57    3.09
-267482.453   142.490     0.71    2.71
-267103.457   143.730     3.27    2.72
-266724.399   144.991     3.33    2.96
-266345.280   146.698     4.50    3.49
-265966.099   149.240     6.70    3.53
-265586.856   150.268     2.71    4.91
-265207.551   151.597     3.50    6.50
-264828.185   155.931    11.42    9.57
-264448.757   162.182    16.47   11.98
-264079.221   173.213    29.84   11.99
-263711.628   182.819    26.13   13.87
-263343.978   200.117    47.04   23.33
-262976.270   223.513    63.61   31.89
-262608.505   253.867    82.52   38.43
-262240.682   281.785    75.88   35.65
-261872.801   306.758    67.87   27.92
-261504.862   327.374    56.02   24.57
-261136.866   350.212    62.04   35.50
-260768.812   371.482    57.78   39.13
-260400.700   393.412    59.56   31.83
-260032.531   407.093    37.15   27.01
-259664.303   412.165    13.77   29.28
-259296.018   414.901     7.43   35.86
-258927.675   403.996   -29.60   48.94
-258559.274   393.860   -27.51   55.39
-258190.815   381.978   -32.24   52.96
-257822.298   384.009     5.51   57.50
-257453.723   399.788    42.80   75.63
-257085.090   403.793    10.86   85.92
-256716.399   377.918   -70.16  104.78
-256347.650   332.280  -123.74  111.33
-255978.843   273.715  -158.76   88.57
-255609.977   230.766  -116.41   53.75
-255241.054   205.440   -68.63   15.86
-254872.072   197.045   -22.75   10.73
-254503.032   201.237    11.36   24.46
-254133.934   211.874    28.81   42.53
-253764.778   218.840    18.87   45.22
-253395.563   233.456    39.58   52.01
-253026.290   251.130    47.85   54.67
-252656.958   259.603    22.94   51.67
-252287.568   258.136    -3.97   53.83
-251918.120   230.587   -74.55   58.80
-251548.613   194.087   -98.76   55.26
-251179.048   160.536   -90.77   38.19
-250809.424   134.139   -71.40   23.30
-250439.742   117.484   -45.04   17.08
-250070.001   106.531   -29.62   15.43
-249700.201    98.429   -21.90    8.50
-249330.343    99.438     2.73   10.77
-248960.427   107.590    22.03   18.65
-248590.451   124.451    45.56   27.29
-248220.417   138.107    36.90   24.84
-247850.324   142.107    10.81   23.60
-247480.173   135.901   -16.76   26.20
-247109.962   119.076   -45.44   27.29
-246739.693   107.347   -31.67   25.23
-246369.365    94.022   -35.97   16.11
-245998.978    86.291   -20.87    5.67
-245628.532    85.617    -1.82    3.38
-245258.028    86.572     2.58    4.14
-244887.464    87.107     1.44    4.58
-244516.841    86.977    -0.35    4.18
-244146.159    85.907    -2.89    3.14
-243775.418    84.389    -4.09    0.36
-243404.619    84.347    -0.11    0.00
-243033.760    84.347     0.00    0.00
-242662.842    84.193    -0.41    0.54
-242291.864    83.736    -1.23    0.93
-241920.828    83.193    -1.46    0.99
-241549.732    82.624    -1.53    0.70
-241178.577    82.347    -0.75    0.00
-240807.363    82.347     0.00    0.00
-240436.089    82.347     0.00    0.00
-240064.757    82.347     0.00    0.00
-239693.364    82.347     0.00    0.00
-239321.913    83.604     3.38    3.26
-238950.402    87.813    11.33    7.54
-238578.831    93.713    15.87   10.76
-238207.201   101.533    21.04   12.24
-237835.512   107.306    15.53   10.27
-237463.763   108.747     3.88    9.77
-237091.954   114.373    15.13   25.69
-236720.086   121.814    20.01   38.64
-236348.158   127.644    15.67   46.89
-235976.170   128.243     1.61   51.80
-235604.123   117.279   -29.46   44.11
-235232.016   102.230   -40.44   24.48
-234859.850    94.252   -21.43   16.71
-234487.623    88.373   -15.79    6.51
-234115.337    88.107    -0.72    2.68
-233742.991    90.886     7.46    4.49
-233370.585    95.834    13.28    6.22
-232998.119   100.879    13.54    7.55
-232625.593   108.549    20.59    8.54
-232253.008   115.036    17.41    8.73
-231880.362   122.076    18.89    8.59
-231507.656   128.744    17.89    8.25
-231134.891   134.213    14.67    6.02
-230762.065   137.455     8.69    4.21
-230389.179   139.801     6.29    2.21
-230016.233   140.854     2.82    2.72
-229643.227   141.834     2.63    3.11
-229270.161   142.874     2.79    3.35
-228897.034   145.209     6.26    5.03
-228523.847   148.263     8.18    7.08
-228150.600   152.061    10.17    7.01
-227777.293   155.958    10.44    4.93
-227403.925   160.939    13.34   12.64
-227030.497   168.333    19.80   16.18
-226657.008   174.741    17.16   14.67
-226283.459   184.194    25.30   14.72
-225909.850   201.130    45.32   31.15
-225536.180   236.955    95.85   63.33
-225162.450   280.703   117.04   75.53
-224788.659   326.603   122.77   65.48
-224414.807   355.676    77.75   47.42
-224040.895   368.215    33.53   35.20
-223666.923   365.794    -6.47   31.27
-223292.889   382.573    44.85   49.94
-222918.795   410.063    73.47   62.32
-222544.640   430.968    55.86   59.11
-222170.425   438.671    20.58   55.33
-221796.148   441.693     8.07   53.76
-221421.811   447.347    15.10   61.78
-221047.413   442.658   -12.52   74.53
-220672.954   424.712   -47.92   82.38
-220298.435   389.960   -92.77   80.30
-219923.854   350.575  -105.12   55.06
-219549.212   341.093   -25.30   37.40
-219174.510   341.975     2.35   38.66
-218799.746   352.018    26.79   38.76
-218424.921   361.470    25.21   37.29
-218050.035   351.467   -26.68   42.66
-217675.088   329.968   -57.33   30.42
-217300.080   318.757   -29.89   15.87
-216925.011   311.739   -18.71    9.63
-216549.880   300.949   -28.76   19.54
-216174.689   283.955   -45.29   25.82
-215799.436   265.755   -48.49   22.66
-215424.121   249.320   -43.78   14.41
-215048.746   240.912   -22.39    9.51
-214673.309   235.636   -14.05    6.46
-214297.810   233.441    -5.84    4.75
-213922.251   233.991     1.46    4.74
-213546.629   234.847     2.28    5.06
-213170.947   234.689    -0.42    5.10
-212795.202   233.999    -1.83    5.51
-212419.397   233.912    -0.23    7.52
-212043.529   235.458     4.11    8.38
-211667.600   236.879     3.78    7.77
-211291.610   234.630    -5.98    9.58
-210915.558   231.562    -8.16    9.90
-210539.444   229.511    -5.45    8.77
-210163.268   228.693    -2.17    7.33
-209787.030   230.202     4.01    6.91
-209410.731   229.528    -1.79    6.51
-209034.370   230.031     1.33    6.26
-208657.947   232.018     5.28    6.33
-208281.462   235.347     8.84    5.64
-207904.916   237.800     6.51    4.06
-207528.307   239.747     5.17    3.09
-207151.636   240.693     2.51    3.70
-206774.904   242.768     5.51    5.08
-206398.109   244.833     5.48    6.80
-206021.252   248.911    10.82    8.46
-205644.333   252.861    10.48    8.80
-205267.352   258.172    14.09    9.01
-204890.309   261.867     9.80    6.22
-204513.204   262.295     1.14    5.18
-204136.036   261.728    -1.50    5.26
-203758.807   260.570    -3.07    5.55
-203381.515   259.295    -3.38    6.02
-203004.160   255.070   -11.19   10.25
-202626.743   248.018   -18.68   14.45
-202249.264   241.266   -17.88   13.79
-201871.723   236.733   -12.00    9.06
-201494.119   237.076     0.91    9.50
-201116.452   240.452     8.94    9.93
-200738.723   242.638     5.79    8.95
-200360.932   243.659     2.70    8.71
-199983.078   244.185     1.39    8.72
-199605.161   245.030     2.24    9.73
-199227.182   247.123     5.54   10.71
-198849.140   251.048    10.38   13.02
-198471.035   258.464    19.61   16.02
-198092.867   266.057    20.08   18.75
-197714.637   276.387    27.31   16.95
-197336.344   285.160    23.19   14.90
-196957.988   294.880    25.69   10.58
-196579.570   300.018    13.58    8.52
-196201.088   303.886    10.22    5.68
-195822.544   307.059     8.38    6.25
-195443.936   309.667     6.89    6.74
-195065.266   313.237     9.43    7.05
-194686.533   316.949     9.80    7.98
-194307.736   322.773    15.37    9.59
-193928.877   326.426     9.64    9.08
-193549.954   328.178     4.62   10.26
-193170.968   328.149    -0.08   12.51
-192791.919   326.982    -3.08   12.75
-192412.807   325.525    -3.84   13.31
-192033.632   322.544    -7.86   14.25
-191654.393   319.499    -8.03   13.99
-191275.091   316.544    -7.79   12.21
-190895.726   315.063    -3.90   10.44
-190516.297   313.167    -5.00    8.69
-190136.805   314.573     3.70    9.62
-189757.250   316.873     6.06   10.40
-189384.662   319.253     6.39   13.04
-189017.249   323.307    11.03   14.74
-188649.777   324.978     4.55   15.38
-188282.247   326.057     2.94   15.38
-187914.657   330.215    11.31   13.70
-187547.008   332.613     6.52   12.34
-187179.300   337.000    11.93   11.81
-186811.533   341.373    11.89   13.30
-186443.707   347.680    17.14   16.68
-186075.822   358.706    29.97   25.18
-185707.877   380.987    60.55   44.51
-185339.873   410.233    79.46   66.85
-184971.810   452.739   115.47   90.17
-184603.687   509.131   153.17  105.37
-184235.506   573.671   175.26  102.62
-183867.264   613.528   108.22   90.05
-183498.964   638.453    67.66   87.71
-183130.604   619.320   -51.93  112.90
-182762.184   555.896  -172.12  113.14
-182393.705   493.807  -168.47   87.04
-182025.167   454.982  -105.33   43.69
-181656.569   449.005   -16.21   35.13
-181287.911   466.593    47.70   60.69
-180919.194   498.272    85.90  105.17
-180550.417   521.194    62.15  129.51
-180181.580   514.497   -18.15  119.67
-179812.684   496.083   -49.91   87.88
-179443.728   527.939    86.33  101.75
-179074.712   605.114   209.11  151.13
-178705.637   698.741   253.64  144.77
-178336.502   778.161   215.12   90.89
-177967.306   816.834   104.73   90.37
-177598.051   846.552    80.47  110.58
-177228.736   898.439   140.47   97.65
-176859.362   910.730    33.27   89.38
-176489.927   864.094  -126.22  123.66
-176120.432   792.277  -194.33  120.06
-175750.877   698.321  -254.20  120.85
-175381.262   632.041  -179.30  119.39
-175011.587   581.139  -137.67   99.62
-174641.852   536.580  -120.50   44.24
-174272.057   528.847   -20.91   41.97
-173902.202   523.790   -13.67   42.23
-173532.286   514.255   -25.77   39.30
-173162.310   508.045   -16.78   36.60
-172792.274   497.860   -27.52   26.61
-172422.178   484.580   -35.88   17.57
-172052.021   471.840   -34.41   18.56
-171681.804   458.986   -34.72   17.76
-171311.527   447.347   -31.43   16.89
-170941.189   436.319   -29.77   13.40
-170570.791   427.451   -23.94   11.18
-170200.332   422.881   -12.33    8.96
-169829.813   420.926    -5.28   12.03
-169459.233   425.990    13.66   25.70
-169088.593   437.149    30.11   39.87
-168717.892   450.455    35.89   43.71
-168347.130   451.814     3.67   35.99
-167976.308   458.049    16.81   32.32
-167605.425   471.584    36.49   32.62
-167234.482   486.157    39.28   34.06
-166863.478   507.866    58.50   32.22
-166492.412   531.266    63.05   24.28
-166121.287   543.715    33.54   18.51
-165750.100   541.649    -5.56   22.98
-165378.852   520.788   -56.18   44.28
-165007.544   473.773  -126.60   61.65
-164636.175   423.749  -134.68   61.84
-164264.744   373.120  -136.29   46.97
-163893.253   339.462   -90.59   37.45
-163521.701   311.640   -74.87   25.60
-163150.087   293.777   -48.06   17.68
-162778.413   281.031   -34.29   10.35
-162406.677   273.834   -19.36    6.88
-162034.881   266.241   -20.42    8.23
-161663.023   259.070   -19.28   10.42
-161291.104   251.386   -20.66    9.33
-160919.124   246.321   -13.62    6.32
-160547.082   243.541    -7.47    3.04
-160174.979   244.321     2.09    5.28
-159802.815   250.280    16.01   13.85
-159430.590   262.110    31.78   25.68
-159058.303   276.741    39.30   36.38
-158685.955   294.053    46.49   48.09
-158313.545   316.113    59.23   68.15
-157941.074   333.295    46.12   87.37
-157568.541   339.425    16.45   94.35
-157195.947   335.645   -10.14   90.45
-156823.291   321.886   -36.92   67.79
-156450.574   310.880   -29.53   45.24
-156077.795   312.206     3.56   45.82
-155704.954   321.920    26.05   56.27
-155332.052   323.947     5.43   56.79
-154959.088   324.960     2.72   58.17
-154586.062   317.600   -19.73   55.55
-154212.974   309.080   -22.83   49.58
-153839.825   303.899   -13.88   47.83
-153466.614   298.443   -14.62   48.03
-153093.341   293.619   -12.92   48.59
-152720.006   292.196    -3.81   55.39
-152346.609   280.268   -31.94   51.85
-151973.150   277.387    -7.71   52.66
-151599.629   271.435   -15.93   40.28
-151226.046   266.666   -12.76   25.81
-150852.401   268.309     4.40   21.19
-150478.694   269.563     3.35   19.04
-150104.924   273.241     9.84   19.10
-149731.093   277.281    10.80   21.70
-149357.199   283.160    15.72   21.08
-148983.244   287.230    10.88   18.62
-148609.226   291.334    10.97   12.94
-148235.145   294.610     8.76   14.83
-147861.003   306.911    32.87   34.14
-147486.798   336.386    78.76   53.97
-147112.530   366.093    79.36   58.05
-146738.200   396.853    82.16   52.61
-146363.808   404.386    20.12   49.50
-145989.353   390.873   -36.08   45.28
-145614.836   390.360    -1.37   45.68
-145240.257   390.347    -0.03   44.20
-144865.614   407.307    45.27   42.00
-144490.909   428.924    57.68   33.46
-144116.142   439.453    28.09   31.14
-143741.312   445.434    15.95   23.92
-143366.419   435.621   -26.17   28.75
-142991.463   411.797   -63.53   35.46
-142616.445   387.657   -64.36   32.20
-142241.363   364.294   -62.28   30.78
-141866.219   343.527   -55.35   22.58
-141491.013   334.544   -23.94   22.30
-141115.743   346.653    32.26   41.62
-140740.410   368.770    58.92   53.77
-140365.015   394.573    68.73   48.94
-139989.556   407.752    35.10   35.12
-139614.034   403.452   -11.45   32.87
-139238.450   396.723   -17.91   31.49
-138862.802   389.988   -17.93   29.87
-138487.091   391.962     5.25   30.18
-138111.317   397.764    15.44   33.97
-137735.480   414.039    43.30   46.38
-137359.580   433.218    51.02   48.05
-136983.616   442.307    24.17   42.70
-136607.589   436.359   -15.81   44.11
-136231.499   417.157   -51.05   39.75
-135855.346   393.942   -61.71   30.97
-135479.129   378.495   -41.05   25.45
-135102.849   364.991   -35.88   25.35
-134726.505   346.652   -48.72   23.46
-134350.098   328.905   -47.14   26.25
-133973.627   306.000   -60.83   26.44
-133597.093   283.847   -58.83   30.53
-133220.495   261.662   -58.90   28.63
-132843.834   245.218   -43.65   27.20
-132467.109   231.760   -35.72   23.98
-132090.320   222.684   -24.08   21.18
-131713.468   216.859   -15.45   19.33
-131336.552   211.513   -14.18   17.96
-130959.572   204.723   -18.01   16.82
-130582.528   198.113   -17.53   18.27
-130205.421   188.962   -24.26   17.83
-129828.250   180.533   -22.34   15.93
-129451.014   171.772   -23.22   11.18
-129073.715   165.124   -17.62    4.38
-128696.352   161.784    -8.85    3.34
-128318.925   158.995    -7.39    2.51
-127941.434   156.827    -5.74    2.49
-127563.879   154.879    -5.16    2.41
-127186.260   153.728    -3.05    2.53
-126808.577   153.074    -1.73    3.33
-126430.829   152.801    -0.72    3.98
-126053.017   152.044    -2.00    4.93
-125675.142   150.873    -3.10    5.19
-125297.201   149.195    -4.44    5.07
-124919.197   147.939    -3.32    4.72
-124541.128   146.912    -2.71    3.92
-124162.995   146.636    -0.73    3.30
-123784.798   146.307    -0.87    2.71
-123406.536   145.928    -1.00    3.07
-123028.210   145.106    -2.17    3.37
-122649.819   144.173    -2.46    3.18
-122271.363   144.134    -0.10    3.34
-121892.844   144.518     1.01    3.19
-121514.259   144.541     0.06    2.66
-121135.610   143.524    -2.69    2.60
-120756.896   141.663    -4.91    3.34
-120378.118   138.360    -8.72    3.73
-119999.275   135.241    -8.23    3.54
-119620.367   132.233    -7.94    3.19
-119241.394   130.009    -5.87    2.37
-118862.357   128.609    -3.69    2.00
-118483.254   127.901    -1.87    1.87
-118104.087   127.962     0.16    2.12
-117724.855   128.360     1.05    2.72
-117345.558   129.320     2.53    3.45
-116966.196   130.411     2.87    4.56
-116586.769   131.697     3.39    5.51
-116207.277   134.295     6.85    8.24
-115827.719   140.755    17.02   15.15
-115448.097   156.321    41.00   27.33
-115068.410   170.707    37.88   28.57
-114692.503   175.697    13.28   23.14
-114325.281   177.218     4.14   19.04
-113957.998   170.048   -19.52   19.35
-113590.655   165.820   -11.51   23.40
-113223.251   160.802   -13.66   26.28
-112855.787   158.031    -7.54   23.49
-112488.262   163.209    14.09   24.98
-112120.676   170.320    19.34   23.83
-111753.030   174.295    10.81   18.29
-111385.323   179.334    13.70   15.20
-111017.555   182.169     7.71   21.12
-110649.727   186.435    11.60   28.55
-110281.838   192.231    15.75   28.30
-109913.888   188.593    -9.89   25.04
-109545.878   174.570   -38.10   25.96
-109177.806   164.142   -28.33   23.04
-108809.674   158.100   -16.41   18.81
-108441.480   158.988     2.41   23.36
-108073.226   161.372     6.47   26.53
-107704.911   165.081    10.07   25.59
-107336.534   168.693     9.80   24.55
-106968.097   166.309    -6.47   21.63
-106599.598   155.939   -28.14   26.76
-106231.039   142.109   -37.52   30.51
-105862.418   123.133   -51.47   22.50
-105493.736   112.436   -29.01    9.83
-105124.993   114.847     6.54   14.56
-104756.189   126.230    30.86   22.84
-104387.323   148.676    60.85   31.54
-104018.397   176.473    75.34   33.54
-103649.409   196.653    54.69   27.01
-103280.359   200.047     9.19   31.04
-102911.248   186.787   -35.92   36.77
-102542.076   160.726   -70.58   34.63
-102172.842   139.049   -58.70   23.28
-101803.547   131.009   -21.77   17.19
-101434.190   132.995     5.38   22.46
-101064.772   144.094    30.04   30.80
-100695.292   154.703    28.71   34.78
-100325.751   154.334    -1.00   36.46
 -99956.148   145.293   -24.46   34.62
 -99586.483   130.584   -39.79   29.07
 -99216.756   124.114   -17.50   21.89
 -98846.968   138.204    38.10   32.39
 -98477.118   161.032    61.72   35.81
 -98107.207   172.497    30.99   26.38
 -97737.233   168.320   -11.29   28.77
 -97367.198   150.184   -49.01   30.69
 -96997.101   132.144   -48.74   24.84
 -96626.941   123.872   -22.35   22.78
 -96256.720   132.278    22.70   36.92
 -95886.437   160.567    76.39   51.26
 -95516.092   188.949    76.63   49.96
 -95145.685   191.759     7.58   40.52
 -94775.216   178.766   -35.07   38.25
 -94404.684   154.047   -66.71   33.80
 -94034.091   131.279   -61.43   21.03
 -93663.435   116.247   -40.55   17.65
 -93292.718   107.264   -24.23   11.64
 -92921.938   112.918    15.25   18.49
 -92551.095   125.171    33.04   22.25
 -92180.191   137.234    32.52   18.44
 -91809.224   140.022     7.52   16.45
 -91438.195   126.722   -35.85   24.87
 -91067.103   108.928   -47.95   22.59
 -90695.949    93.030   -42.83   15.22
 -90324.732    82.509   -28.34    6.86
 -89953.453    77.892   -12.43    2.63
 -89582.112    75.812    -5.60    2.03
 -89210.708    73.922    -5.09    2.44
 -88839.241    71.854    -5.57    2.53
 -88467.712    69.497    -6.34    2.79
 -88096.120    67.107    -6.43    2.72
 -87724.465    64.308    -7.53    3.30
 -87352.748    60.983    -8.94    3.92
 -86980.968    57.642    -8.99    4.31
 -86609.125    54.267    -9.08    3.36
 -86237.220    51.922    -6.30    2.32
 -85865.251    50.465    -3.92    1.31
 -85493.220    49.272    -3.21    1.91
 -85121.126    47.413    -4.99    3.37
 -84748.969    44.309    -8.34    4.65
 -84376.749    40.562   -10.07    4.05
 -84004.465    37.954    -7.00    3.18
 -83632.119    35.926    -5.45    1.79
 -83259.710    34.834    -2.93    1.38
 -82887.238    33.731    -2.96    1.12
 -82514.702    32.878    -2.29    1.13
 -82142.104    31.885    -2.67    1.09
 -81769.442    30.997    -2.38    1.10
 -81396.717    30.005    -2.66    1.08
 -81023.929    29.113    -2.39    1.17
 -80651.077    28.022    -2.93    1.20
 -80278.163    27.090    -2.50    1.19
 -79905.184    25.970    -3.00    1.17
 -79532.143    25.026    -2.53    1.21
 -79159.038    23.872    -3.09    1.22
 -78785.870    22.878    -2.66    1.25
 -78412.638    21.759    -3.00    1.11
 -78039.342    20.853    -2.43    1.06
 -77665.983    20.030    -2.20    0.76
 -77292.561    19.593    -1.17    0.43
 -76919.074    19.283    -0.83    0.25
 -76545.525    19.178    -0.28    0.38
 -76171.911    19.005    -0.46    0.48
 -75798.234    18.770    -0.63    0.50
 -75424.493    18.562    -0.56    0.41
 -75050.688    18.413    -0.40    0.25
 -74676.820    18.234    -0.48    0.32
 -74302.887    18.005    -0.61    0.48
 -73928.891    17.524    -1.29    0.75
 -73554.831    16.947    -1.54    0.74
 -73180.707    16.347    -1.60    0.73
 -72806.519    15.806    -1.44    0.60
 -72432.266    15.422    -1.03    0.61
 -72057.950    15.004    -1.12    0.51
 -71683.570    14.766    -0.64    0.52
 -71309.126    14.482    -0.76    0.51
 -70934.617    14.056    -1.14    0.74
 -70560.045    13.879    -0.47    1.45
 -70185.408    13.157    -1.93    1.62
 -69810.707    11.926    -3.29    1.88
 -69435.941    10.772    -3.08    1.54
 -69061.111     9.775    -2.66    0.95
 -68686.217     9.359    -1.11    0.11
 -68311.259     9.587     0.61    1.16
 -67936.236    10.890     3.47    2.98
 -67561.149    12.022     3.02    3.05
 -67185.997    13.005     2.62    3.04
 -66810.781    13.936     2.48    2.88
 -66435.500    13.957     0.06    2.91
 -66060.155    14.283     0.87    2.96
 -65684.745    14.718     1.16    2.87
 -65309.270    15.866     3.06    2.61
 -64933.731    17.218     3.60    2.03
 -64558.127    18.422     3.20    1.18
 -64182.458    19.097     1.80    0.52
 -63806.725    19.309     0.57    0.19
 -63430.926    19.252    -0.15    0.29
 -63055.063    19.197    -0.15    0.36
 -62679.135    19.133    -0.17    0.41
 -62303.142    19.222     0.23    0.33
 -61927.084    19.280     0.16    0.25
 -61550.961    19.259    -0.06    0.28
 -61174.773    19.031    -0.61    0.47
 -60798.520    18.815    -0.57    0.50
 -60422.202    18.513    -0.80    0.54
 -60045.819    18.222    -0.77    0.60
 -59669.371    17.676    -1.45    1.26
 -59292.857    16.552    -2.99    2.27
 -58916.278    14.475    -5.51    3.73
 -58539.634    13.590    -2.35    3.98
 -58162.925    13.077    -1.36    4.37
 -57786.151    13.625     1.45    4.45
 -57409.311    13.772     0.39    4.34
 -57032.405    13.280    -1.30    4.57
 -56655.435    11.584    -4.50    4.54
 -56278.398     9.360    -5.90    3.84
 -55901.297     7.634    -4.58    3.18
 -55524.129     5.955    -4.45    1.73
 -55146.897     5.157    -2.12    0.83
 -54769.598     4.905    -0.67    0.66
 -54392.234     8.587     9.76   12.31
 -54014.804    24.996    43.47   36.02
 -53637.309    53.072    74.37   56.41
 -53259.748    91.385   101.47   61.17
 -52882.121   115.697    64.38   46.83
 -52504.428   126.223    27.87   37.84
 -52126.670   131.709    14.52   36.03
 -51748.845   124.334   -19.52   35.30
 -51370.955   114.129   -27.00   38.95
 -50992.999   102.884   -29.75   36.79
 -50614.976    96.294   -17.43   29.76
 -50236.888   101.777    14.50   27.23
 -49858.734   110.853    24.00   20.90
 -49480.514   111.964     2.94   20.33
 -49102.227   107.495   -11.81   22.22
 -48723.874    98.072   -24.91   21.46
 -48345.456    91.110   -18.40   18.96
 -47966.971    86.897   -11.13   18.50
 -47588.419    79.676   -19.07   17.31
 -47209.802    73.547   -16.19   16.02
 -46831.118    70.131    -9.02   16.52
 -46452.367    66.449    -9.72   14.70
 -46073.551    59.234   -19.05    9.18
 -45694.668    53.905   -14.06    7.57
 -45315.718    48.059   -15.43    8.22
 -44936.702    44.282    -9.97    7.46
 -44557.619    39.939   -11.45    5.47
 -44178.470    37.482    -6.48    4.16
 -43799.254    36.609    -2.30    3.41
 -43419.972    35.886    -1.91    2.75
 -43040.623    35.447    -1.16    1.79
 -42661.207    35.018    -1.13    1.14
 -42281.724    34.384    -1.67    1.45
 -41902.175    33.815    -1.50    1.57
 -41522.559    33.451    -0.96    1.50
 -41142.876    33.797     0.91    2.65
 -40763.126    34.580     2.06    3.98
 -40383.309    35.484     2.38    4.54
 -40003.786    35.866     1.01    4.93
 -39636.757    36.459     1.62    5.24
 -39269.666    40.853    11.97   11.04
 -38902.514    51.722    29.60   23.59
 -38535.299    65.189    36.67   30.23
 -38168.022    70.638    14.84   29.52
 -37800.683    70.258    -1.03   27.38
 -37433.282    60.822   -25.68   20.47
 -37065.819    52.052   -23.87   10.31
 -36698.294    48.072   -10.83    4.30
 -36330.706    47.385    -1.87    4.87
 -35963.057    47.547     0.44    6.44
 -35595.345    51.371    10.40   14.77
 -35227.570    62.597    30.52   24.25
 -34859.733    76.539    37.90   25.78
 -34491.834    87.244    29.10   19.78
 -34123.873    91.209    10.78   16.69
 -33755.849    88.718    -6.77   14.38
 -33387.762    84.509   -11.44   13.26
 -33019.613    90.942    17.47   23.47
 -32651.402   110.684    53.62   40.07
 -32283.128   130.464    53.71   47.81
 -31914.791   139.947    25.75   47.23
 -31546.392   141.587     4.45   45.34
 -31177.930   142.422     2.27   35.96
 -30809.405   155.807    36.32   43.19
 -30440.817   181.927    70.86   54.52
 -30072.167   203.320    58.03   50.93
 -29703.454   203.495     0.48   50.13
 -29334.678   188.063   -41.85   50.98
 -28965.840   160.631   -74.37   46.94
 -28596.938   135.755   -67.43   33.53
 -28227.973   115.482   -54.94   29.62
 -27858.946   101.130   -38.89   31.59
 -27489.855    84.497   -45.07   32.23
 -27120.702    63.306   -57.40   22.23
 -26751.485    50.247   -35.37   10.03
 -26382.205    43.373   -18.61    5.85
 -26012.863    38.408   -13.44    4.65
 -25643.457    35.593    -7.62    4.15
 -25273.987    34.347    -3.37    6.94
 -24904.455    32.281    -5.59   10.20
 -24534.859    27.672   -12.47    9.79
 -24165.200    23.511   -11.25    7.37
 -23795.478    20.047    -9.37    3.24
 -23425.693    18.334    -4.63    1.08
 -23055.844    17.322    -2.74    1.37
 -22685.931    16.486    -2.26    1.18
 -22315.955    15.878    -1.64    0.79
 -21945.916    15.802    -0.20    0.81
 -21575.813    16.149     0.94    1.18
 -21205.647    16.499     0.94    1.31
 -20835.417    16.509     0.03    1.26
 -20465.123    16.283    -0.61    0.98
 -20094.766    16.482     0.54    1.08
 -19724.345    17.097     1.66    1.46
 -19353.860    17.902     2.17    1.35
 -18983.312    18.577     1.82    0.99
 -18612.699    19.047     1.27    0.62
 -18242.023    19.233     0.50    0.39
 -17871.283    19.347     0.31    0.16
 -17500.480    19.371     0.07    0.42
 -17129.612    19.717     0.93    1.36
 -16758.680    20.603     2.39    2.43
 -16387.685    23.172     6.92    4.30
 -16016.625    26.134     7.98    4.84
 -15645.501    29.482     9.02    4.12
 -15274.314    31.384     5.12    2.90
 -14903.062    29.445    -5.22    5.68
 -14531.746    25.359   -11.00    7.66
 -14160.365    18.972   -17.20    7.54
 -13788.921    14.147   -12.99    4.95
 -13417.412    10.544    -9.70    3.63
 -13045.839     8.112    -6.55    3.19
 -12674.202     6.197    -5.15    2.26
 -12302.500     5.129    -2.87    1.41
 -11930.734     4.672    -1.23    0.55
 -11558.904     4.739     0.18    0.49
 -11187.009     5.001     0.70    0.65
 -10815.050     5.297     0.79    0.65
 -10443.026     5.534     0.64    0.62
 -10070.937     5.603     0.19    0.57
  -9698.784     5.726     0.33    0.49
  -9326.566     5.734     0.02    0.49
  -8954.284     5.779     0.12    0.50
  -8581.937     5.872     0.25    0.50
  -8209.525     5.884     0.03    0.50
  -7837.049     5.795    -0.24    0.50
  -7464.508     5.722    -0.20    0.49
  -7091.901     5.587    -0.36    0.43
  -6719.231     5.432    -0.42    0.39
  -6346.495     5.244    -0.50    0.38
  -5973.694     5.159    -0.23    0.39
  -5600.828     4.988    -0.46    0.48
  -5227.897     4.791    -0.53    0.52
  -4854.902     4.511    -0.75    0.78
  -4481.841     4.310    -0.54    0.64
  -4108.715     4.386     0.20    0.25
  -3735.524     4.409     0.06    0.29
  -3362.268     4.373    -0.10    0.43
  -2988.946     4.298    -0.20    0.75
  -2615.559     3.996    -0.81    1.30
  -2242.108     3.676    -0.86    1.75
  -1868.590     3.320    -0.95    2.03
  -1495.008     2.934    -1.03    2.40
  -1121.360     2.107    -2.21    2.98
   -747.646     1.310    -2.13    3.32
   -373.868     0.110    -3.21    3.36
     -0.023     5.260    13.78   17.54
    373.887    22.623    46.44   38.87
    747.862    41.223    49.74   46.77
   1121.903    51.005    26.15   42.80
   1496.009    43.932   -18.91   40.93
   1870.181    32.399   -30.82   36.39
   2244.419    29.259    -8.39   31.16
   2618.723    23.282   -15.97   29.68
   2993.092    16.273   -18.72   27.02
   3367.527    10.385   -15.72   24.51
   3742.028     4.154   -16.64   17.05
   4116.595    -0.793   -13.21    1.49
   4491.228    -0.591     0.54    1.50
   4865.926    -0.091     1.33    1.84
   5240.691     2.371     6.57    6.87
   5615.522     8.643    16.73   14.55
   5990.418    19.865    29.93   24.96
   6365.381    39.954    53.58   35.68
   6740.410    67.347    73.04   43.77
   7115.505   110.680   115.53   54.76
   7490.666   154.100   115.74   59.45
   7865.893   187.989    90.32   48.65
   8241.187   201.422    35.79   39.04
   8616.547   187.684   -36.60   52.77
   8991.973   158.197   -78.54   55.02
   9367.465   124.248   -90.41   45.35
   9743.024   100.752   -62.56   38.08
  10118.649    80.050   -55.11   29.49
  10494.341    64.632   -41.04   22.67
  10870.099    52.759   -31.60   19.26
  11245.924    45.189   -20.14   16.62
  11621.816    41.482    -9.86   12.66
  11997.773    40.044    -3.83   11.15
  12373.798    38.920    -2.99    8.38
  12749.889    36.557    -6.28    6.39
  13126.047    33.286    -8.70    7.77
  13502.272    28.191   -13.54   12.08
  13878.563    22.564   -14.95   12.81
  14254.922    17.309   -13.96   10.58
  14631.347    15.259    -5.45    9.11
  15007.839    16.822     4.15    9.91
  15384.398    17.652     2.20   10.52
  15761.024    19.742     5.55   11.18
  16137.716    21.865     5.64   11.23
  16514.476    22.272     1.08   12.11
  16891.303    23.770     3.98   11.07
  17268.197    19.890   -10.29   11.38
  17645.159    14.385   -14.60   11.40
  18022.187     9.606   -12.67    8.31
  18399.282     7.231    -6.30    4.27
  18776.445     7.209    -0.06    3.61
  19153.675     8.801     4.22    4.22
  19530.973    10.042     3.29    4.78
  19908.337    12.189     5.69    6.00
  20285.770    18.075    15.60   10.61
  20663.269    22.162    10.83   12.09
  21040.836    20.700    -3.87   13.69
  21418.471    16.783   -10.37   14.44
  21796.173     9.636   -18.92   10.74
  22173.942     4.397   -13.87    0.22
  22551.779     4.347    -0.13    0.00
  22929.684     4.347     0.00    0.00
  23307.657     4.347     0.00    0.00
  23685.697     4.347     0.00    0.00
  24063.805     4.409     0.17    0.24
  24441.981     4.622     0.56    0.55
  24820.224     4.840     0.58    0.81
  25198.536     5.199     0.95    1.23
  25576.915     5.435     0.63    1.44
  25955.363     5.798     0.96    1.74
  26333.878     6.097     0.79    1.88
  26712.461     6.591     1.30    2.12
  27091.112     7.360     2.03    2.76
  27469.832     8.889     4.04    3.85
  27848.619    10.802     5.05    4.96
  28227.475    13.422     6.91    8.26
  28606.399    17.247    10.09   11.10
  28985.391    19.749     6.60   13.44
  29364.451    22.458     7.15   14.36
  29743.580    24.408     5.14   13.72
  30122.777    24.559     0.40   10.90
  30502.042    26.759     5.80   10.70
  30881.376    28.920     5.70   10.53
  31260.778    33.296    11.53   10.45
  31640.249    40.030    17.75   10.90
  32019.788    45.044    13.21    8.71
  32399.396    45.455     1.08    6.93
  32779.072    44.031    -3.75    8.42
  33158.817    40.889    -8.27    8.35
  33538.631    40.572    -0.84    7.43
  33918.513    43.878     8.70    6.84
  34298.464    47.334     9.10    5.77
  34678.484    50.469     8.25    4.01
  35048.739    53.112     7.14    4.68
  35415.632    54.627     4.13    5.33
  35782.590    55.759     3.08    6.00
  36149.610    55.618    -0.38    6.31
  36516.695    54.638    -2.67    6.28
  36883.843    54.853     0.58    6.34
  37251.054    55.359     1.38    5.59
  37618.330    57.211     5.04    5.27
  37985.669    58.241     2.81    5.90
  38353.072    59.248     2.74    5.87
  38720.539    60.462     3.30    5.38
  39088.069    60.865     1.10    4.27
  39455.664    59.557    -3.56    5.81
  39823.322    55.298   -11.59    7.08
  40191.044    50.654   -12.63    5.07
  40558.831    48.780    -5.10    3.21
  40926.681    49.631     2.31    3.90
  41294.595    51.134     4.09    4.88
  41662.573    52.532     3.80    5.27
  42030.616    56.274    10.17    7.22
  42398.723    60.447    11.33    8.73
  42766.893    66.310    15.93    9.61
  43135.128    70.347    10.96    6.65
  43503.428    69.112    -3.35    8.36
  43871.791    65.895    -8.73    9.82
  44240.219    60.237   -15.36    8.87
  44608.711    55.981   -11.55    5.86
  44977.268    55.434    -1.48    5.54
  45345.889    57.139     4.63    5.68
  45714.574    58.828     4.58    5.03
  46083.324    58.202    -1.70    5.96
  46452.138    54.659    -9.61    9.07
  46821.017    49.447   -14.13    9.98
  47189.961    41.865   -20.55   11.04
  47558.969    34.835   -19.05   13.04
  47928.042    28.321   -17.65   12.36
  48297.179    24.742    -9.70    9.30
  48666.381    24.031    -1.93    8.00
  49035.648    30.618    17.84    9.82
  49404.980    38.988    22.66    9.46
  49774.377    47.470    22.96   11.04
  50143.838    55.412    21.50    8.55
  50513.364    60.408    13.52    6.23
  50882.956    63.373     8.02    2.83
  51252.612    63.478     0.28    1.93
  51622.333    61.658    -4.92    3.83
  51992.119    56.509   -13.93    7.76
  52361.970    47.580   -24.14   11.82
  52731.887    37.466   -27.34   13.83
  53101.868    28.142   -25.20   11.24
  53471.915    21.211   -18.73    7.75
  53842.027    17.590    -9.78    4.70
  54212.204    16.310    -3.46    2.88
  54582.446    15.866    -1.20    2.78
  54952.754    15.467    -1.08    3.09
  55323.127    15.106    -0.97    3.05
  55693.565    14.878    -0.62    2.65
  56064.069    15.459     1.57    2.84
  56434.638    17.648     5.91    4.45
  56805.273    20.871     8.70    5.91
  57175.973    25.697    13.02    6.14
  57546.739    28.273     6.95    4.75
  57917.570    29.152     2.37    3.49
  58288.467    29.199     0.13    2.93
  58659.429    29.161    -0.10    2.60
  59030.458    29.022    -0.38    3.20
  59401.552    30.871     4.98    6.15
  59772.711    34.705    10.33    8.10
  60143.937    39.298    12.37    8.40
  60515.228    42.115     7.59    7.34
  60886.586    44.708     6.98    6.01
  61258.009    46.371     4.48    5.14
  61629.498    47.517     3.09    3.73
  62001.053    47.359    -0.43    3.01
  62372.674    44.984    -6.39    3.76
  62744.361    41.969    -8.11    3.92
  63116.114    39.286    -7.22    3.24
  63487.933    37.530    -4.72    2.65
  63859.819    36.042    -4.00    1.39
  64231.770    35.433    -1.64    0.28
  64603.788    35.347    -0.23    0.00
  64975.872    35.347     0.00    0.00
  65348.022    35.347     0.00    0.00
  65720.239    35.347     0.00    0.00
  66092.522    35.395     0.13    0.22
  66464.871    35.603     0.56    0.64
  66837.287    35.688     0.23    0.86
  67209.770    34.865    -2.21    2.49
  67582.318    32.166    -7.25    5.24
  67954.934    30.115    -5.50    5.80
  68327.616    28.188    -5.17    5.69
  68700.364    27.676    -1.37    5.36
  69073.179    28.247     1.53    4.41
  69446.061    29.285     2.78    3.66
  69819.009    29.639     0.95    3.07
  70192.025    29.347    -0.78    3.43
  70565.107    27.551    -4.81    4.39
  70938.256    25.532    -5.41    4.62
  71311.471    23.383    -5.76    3.84
  71684.754    21.680    -4.56    2.51
  72058.104    21.692     0.03    2.20
  72431.520    22.469     2.08    3.14
  72805.004    23.889     3.80    4.20
  73178.554    25.169     3.43    5.89
  73552.172    26.479     3.51    8.21
  73925.857    28.865     6.39   10.89
  74299.609    35.186    16.91   17.64
  74673.428    43.147    21.30   24.15
  75047.314    61.570    49.28   34.49
  75421.267    75.248    36.58   38.66
  75795.288    90.260    40.14   47.40
  76169.376    96.927    17.82   53.28
  76543.532    96.264    -1.77   56.18
  76917.755    90.509   -15.38   57.23
  77292.045    73.890   -44.40   48.22
  77666.403    58.584   -40.89   34.89
  78040.829    48.382   -27.25   23.44
  78415.321    42.077   -16.84   16.02
  78789.882    38.737    -8.92   12.44
  79164.510    36.710    -5.41   10.66
  79539.206    34.932    -4.75    9.43
  79913.969    33.898    -2.76    9.21
  80288.801    31.001    -7.73    6.64
  80663.699    29.465    -4.10    3.31
  81038.666    29.969     1.34    2.30
  81413.701    31.167     3.20    2.30
  81788.803    32.263     2.92    1.97
  82163.974    32.718     1.21    1.89
  82539.212    32.395    -0.86    1.83
  82914.518    32.169    -0.60    1.59
  83289.893    32.276     0.28    1.50
  83665.335    32.747     1.25    1.45
  84040.846    33.112     0.97    1.33
  84416.424    33.482     0.99    1.30
  84792.071    33.704     0.59    1.43
  85167.786    33.859     0.41    1.70
  85543.570    33.969     0.29    1.98
  85919.421    35.087     2.98    2.95
  86295.341    37.115     5.39    5.67
  86671.329    39.481     6.29    8.16
  87047.386    42.456     7.91   10.50
  87423.511    48.639    16.44   12.88
  87799.705    57.542    23.67   17.32
  88175.967    73.749    43.08   24.22
  88552.297    94.152    54.22   33.13
  88928.697   111.816    46.93   33.00
  89305.164   124.022    32.42   28.86
  89681.701   129.229    13.83   25.70
  90058.306   128.809    -1.11   24.71
  90434.980   132.384     9.49   25.32
  90811.723   129.195    -8.47   26.09
  91188.534   121.229   -21.14   26.45
  91565.415   113.616   -20.20   24.92
  91942.364   109.656   -10.51   19.28
  92319.382   107.090    -6.81   20.40
  92696.469   105.547    -4.09   20.92
  93073.625    97.872   -20.35   20.02
  93450.850    85.618   -32.49   14.15
  93828.144    78.742   -18.23   10.57
  94205.508    72.614   -16.24    9.48
  94582.940    68.572   -10.71    8.77
  94960.442    66.030    -6.73    6.65
  95338.013    63.237    -7.40    5.84
  95715.653    60.761    -6.56    6.93
  96093.363    59.676    -2.87    6.57
  96471.141    61.202     4.04    7.59
  96848.990    67.130    15.69   10.83
  97226.907    72.964    15.44   10.56
  97604.894    76.740     9.99   11.59
  97982.951    77.199     1.21   14.04
  98361.077    69.627   -20.02   16.93
  98739.272    62.172   -19.71   15.84
  99117.538    55.829   -16.77   13.60
  99495.873    51.119   -12.45   10.82
  99874.277    49.549    -4.15   10.58
 100252.752    47.962    -4.19    6.59
 100631.296    47.253    -1.87    1.18
 101009.909    48.131     2.32    0.97
 101388.593    49.103     2.57    1.38
 101767.347    51.149     5.40    3.22
 102146.170    53.644     6.59    4.72
 102525.064    56.273     6.94    5.08
 102904.027    58.371     5.54    4.54
 103283.061    60.551     5.75    3.25
 103662.164    61.603     2.77    2.36
 104041.338    62.668     2.81    2.33
 104420.582    63.895     3.24    2.91
 104799.896    65.578     4.44    3.76
 105179.280    67.722     5.65    5.01
 105558.735    70.194     6.52    5.96
 105938.259    72.283     5.50    6.27
 106317.854    72.636     0.93    5.97
 106697.520    71.872    -2.01    5.65
 107077.256    72.570     1.84    5.92
 107457.062    74.569     5.26    7.72
 107836.939    79.063    11.83    9.03
 108216.887    88.147    23.91   13.74
 108596.905   101.371    34.80   23.64
 108976.993   114.021    33.29   30.21
 109357.153   127.949    36.64   32.70
 109731.293   136.713    23.42   30.22
 110097.982   143.664    18.96   26.32
 110464.736   153.383    26.50   26.11
 110831.555   169.444    43.79   28.46
 111198.439   192.947    64.07   32.65
 111565.389   214.277    58.13   33.61
 111932.404   229.816    42.34   24.08
 112299.484   224.810   -13.64   33.08
 112666.629   208.052   -45.65   38.57
 113033.840   192.723   -41.75   37.46
 113401.116   190.321    -6.54   44.09
 113768.458   206.021    42.74   47.56
 114135.865   223.539    47.68   45.64
 114503.338   235.641    32.94   36.54
 114870.876   238.482     7.73   30.85
 115238.479   242.310    10.41   29.90
 115606.148   231.397   -29.68   39.84
 115973.883   212.664   -50.94   48.52
 116341.684   192.853   -53.87   48.89
 116709.550   163.882   -78.76   36.53
 117077.482   154.627   -25.16   29.02
 117445.480   145.944   -23.60   25.07
 117813.543   140.636   -14.42   20.53
 118181.673   144.323    10.02   16.46
 118549.868   148.406    11.09   15.22
 118918.129   152.547    11.24   11.79
 119286.456   154.530     5.38    9.31
 119654.850   153.286    -3.38    8.89
 120023.309   154.382     2.97   11.34
 120391.834   158.547    11.30   13.28
 120760.425   162.082     9.59   13.90
 121129.083   164.840     7.48   13.27
 121497.806   168.911    11.04   12.27
 121866.596   173.734    13.08   13.33
 122235.452   177.644    10.60   13.72
 122604.375   183.359    15.49   18.27
 122973.363   197.476    38.26   35.55
 123342.418   223.321    70.04   60.23
 123711.539   262.091   105.04   80.99
 124080.727   294.697    88.33   84.89
 124449.981   333.511   105.13   86.96
 124819.302   372.939   106.77   87.43
 125188.689   384.713    31.88   80.09
 125558.143   377.164   -20.43   81.12
 125927.664   376.624    -1.46   75.51
 126297.251   383.334    18.16   67.16
 126666.904   382.787    -1.48   66.98
 127036.625   351.969   -83.36   96.21
 127406.412   298.190  -145.45  111.69
 127776.266   250.383  -129.27   84.89
 128146.186   232.620   -48.02   58.70
 128516.174   259.469    72.57   77.22
 128886.228   320.786   165.71   90.15
 129256.350   362.894   113.78   73.46
 129626.538   379.443    44.71   66.59
 129996.793   371.441   -21.62   63.98
 130367.116   333.026  -103.74   61.00
 130737.505   290.408  -115.07   77.00
 131107.962   250.091  -108.84   82.13
 131478.485   218.765   -84.55   57.32
 131849.076   213.976   -12.92   43.54
 132219.734   237.822    64.34   48.06
 132590.459   261.285    63.30   40.28
 132961.252   268.933    20.63   32.59
 133332.112   264.759   -11.26   30.93
 133703.039   263.576    -3.19   26.38
 134074.034   264.714     3.07   24.23
 134445.096   280.182    41.69   30.09
 134816.225   296.372    43.63   26.33
 135187.422   304.787    22.67   24.78
 135558.687   320.209    41.54   30.82
 135930.019   359.182   104.97   64.40
 136301.419   406.372   127.07   73.12
 136672.886   429.009    60.95   59.40
 137044.422   425.680    -8.96   64.89
 137416.024   371.594  -145.56   76.40
 137787.695   316.081  -149.38   52.29
 138159.433   302.696   -36.01   39.53
 138531.240   305.334     7.10   42.57
 138903.114   336.476    83.75   56.33
 139275.056   375.109   103.88   52.57
 139647.066   406.476    84.33   51.73
 140019.144   432.667    70.40   41.83
 140391.290   440.118    20.02   37.35
 140763.504   434.397   -15.37   44.98
 141135.786   406.947   -73.74   49.31
 141508.137   372.397   -92.80   42.80
 141880.555   349.503   -61.48   39.75
 142253.042   333.902   -41.89   43.91
 142625.597   311.358   -60.52   45.57
 142998.220   282.472   -77.53   41.37
 143370.912   256.652   -69.29   33.11
 143743.672   247.137   -25.53   27.04
 144116.500   261.393    38.24   40.53
 144489.397   292.470    83.35   48.25
 144862.362   332.920   108.47   57.63
 145235.396   356.947    64.42   56.34
 145608.498   375.453    49.61   57.14
 145981.669   381.989    17.52   53.82
 146354.908   377.582   -11.81   45.99
 146728.217   376.434    -3.08   36.64
 147101.593   375.841    -1.59   30.37
 147475.039   371.481   -11.68   25.90
 147848.553   379.111    20.43   23.79
 148222.137   383.385    11.44   21.91
 148595.789   386.513     8.37   19.71
 148969.510   389.692     8.51   18.26
 149343.300   383.488   -16.60   21.51
 149717.158   373.739   -26.08   23.21
 150091.086   357.009   -44.75   21.91
 150465.083   344.309   -33.96   20.10
 150839.149   337.172   -19.08   22.33
 151213.284   332.068   -13.64   24.75
 151587.489   322.644   -25.19   28.70
 151961.762   304.815   -47.64   31.67
 152336.105   281.229   -63.01   35.57
 152710.517   256.777   -65.32   31.66
 153084.998   240.001   -44.80   24.85
 153459.549   233.347   -17.77   23.61
 153834.169   238.476    13.69   28.17
 154208.858   242.759    11.43   28.61
 154583.617   246.570    10.17   19.28
 154958.445   248.872     6.14   14.82
 155333.343   245.005   -10.32   20.79
 155708.311   238.484   -17.39   29.05
 156083.348   231.428   -18.82   36.50
 156458.455   216.309   -40.31   49.84
 156833.632   194.394   -58.42   55.19
 157208.878   191.081    -8.83   50.35
 157584.194   199.033    21.19   45.09
 157959.580   215.964    45.11   36.27
 158335.035   230.993    40.03    8.84
 158710.561   230.038    -2.54    5.67
 159086.156   225.829   -11.21    6.18
 159461.822   221.493   -11.54    4.86
 159837.557   218.811    -7.14    3.65
 160213.363   216.495    -6.16    3.50
 160589.239   215.194    -3.46    4.30
 160965.184   213.463    -4.60    5.42
 161341.200   211.263    -5.85    6.37
 161717.286   206.491   -12.69    8.93
 162093.443   200.990   -14.63   10.43
 162469.670   194.041   -18.47    9.16
 162845.966   189.551   -11.93    7.52
 163222.334   187.323    -5.92    7.03
 163598.772   189.789     6.55    9.30
 163975.280   195.094    14.09   11.31
 164351.858   201.865    17.98   13.11
 164728.508   207.561    15.13   11.44
 165105.227   209.394     4.87   13.81
 165482.018   204.947   -11.80   16.22
 165858.879   199.495   -14.47   18.06
 166235.810   190.275   -24.46   22.55
 166612.813   174.920   -40.74   25.40
 166989.886   152.818   -58.62   30.26
 167367.030   131.803   -55.73   26.07
 167744.244   114.335   -46.32   19.10
 168121.530   101.809   -33.20   12.00
 168498.887    93.963   -20.80   11.81
 168876.314    87.172   -18.00   10.24
 169253.813    79.394   -20.61   10.64
 169631.382    70.770   -22.84    9.62
 170009.023    60.916   -26.10   11.66
 170386.735    49.889   -29.20   12.79
 170764.517    38.094   -31.23   15.46
 171142.372    24.149   -36.91   15.09
 171520.297    11.503   -33.47   13.46
 171898.293     0.443   -29.26    9.82
 172276.361    -6.006   -17.06    5.80
 172654.501    -9.512    -9.27    2.32
 173032.711   -10.547    -2.74    0.51
 173410.993   -10.653    -0.28    0.00
 173789.347   -10.653     0.00    0.00
 174167.772   -10.653     0.00    0.00
 174546.269   -10.653     0.00    0.00
 174924.837   -10.653     0.00    0.00
 175303.477   -10.653     0.00    0.00
 175682.188   -10.653     0.00    0.00
 176060.972   -10.653     0.00    0.00
 176439.827   -10.653     0.00    0.00
 176818.754   -10.653     0.00    0.00
 177197.752   -10.653     0.00    0.00
 177576.823   -10.653     0.00    0.00
 177955.965   -10.653     0.00    0.00
 178335.180   -10.653     0.00    0.00
 178714.466   -10.653     0.00    0.00
 179093.825   -10.653     0.00    0.00
 179473.255   -10.653     0.00    0.00
 179852.758   -10.653     0.00    0.00
 180232.333   -10.653     0.00    0.00
 180611.980   -10.653     0.00    0.00
 180991.699   -10.653     0.00    0.00
 181371.491   -10.653     0.00    0.00
 181751.355   -10.653     0.00    0.00
 182131.291   -10.653     0.00    0.00
 182511.300   -10.653     0.00    0.00
 182891.381   -10.653     0.00    0.00
 183271.535   -10.653     0.00    0.00
 183651.761   -10.653     0.00    0.00
 184032.060   -10.653     0.00    0.00
 184410.431   -10.653     0.00    0.00
 184776.911   -10.653     0.00    0.00
 185143.457   -10.653     0.00    0.00
 185510.071   -10.653     0.00    0.00
 185876.751   -10.653     0.00    0.00
 186243.497   -10.653     0.00    0.00
 186610.311   -10.653     0.00    0.00
 186977.192   -10.653     0.00    0.00
 187344.139   -10.653     0.00    0.00
 187711.154   -10.653     0.00    0.00
 188078.235   -10.653     0.00    0.00
 188445.384   -10.653     0.00    0.00
 188812.599   -10.653     0.00    0.00
 189179.882   -10.653     0.00    0.00
 189547.232   -10.653     0.00    0.00
 189914.649   -10.653     0.00    0.00
 190282.133   -10.653     0.00    0.00
 190649.684   -10.653     0.00    0.00
 191017.303   -10.653     0.00    0.00
 191384.989   -10.653     0.00    0.00
 191752.743   -10.653     0.00    0.00
 192120.564   -10.653     0.00    0.00
 192488.452   -10.653     0.00    0.00
 192856.408   -10.653     0.00    0.00
 193224.431   -10.653     0.00    0.00
 193592.522   -10.653     0.00    0.00
 193960.681   -10.653     0.00    0.00
 194328.907   -10.653     0.00    0.00
 194697.201   -10.653     0.00    0.00
 195065.562   -10.653     0.00    0.00
 195433.992   -10.653     0.00    0.00
 195802.489   -10.653     0.00    0.00
 196171.053   -10.653     0.00    0.00
 196539.686   -10.653     0.00    0.00
 196908.387   -10.653     0.00    0.00
 197277.155   -10.653     0.00    0.00
 197645.992   -10.653     0.00    0.00
 198014.896   -10.653     0.00    0.00
 198383.869   -10.653     0.00    0.00
 198752.909   -10.653     0.00    0.00
 199122.018   -10.653     0.00    0.00
 199491.195   -10.653     0.00    0.00
 199860.440   -10.653     0.00    0.00
 200229.753   -10.653     0.00    0.00
 200599.135   -10.653     0.00    0.00
 200968.585   -10.653     0.00    0.00
 201338.103   -10.653     0.00    0.00
 201707.690   -10.653     0.00    0.00
 202077.345   -10.653     0.00    0.00
 202447.068   -10.653     0.00    0.00
 202816.860   -10.653     0.00    0.00
 203186.721   -10.653     0.00    0.00
 203556.650   -10.653     0.00    0.00
 203926.648   -10.653     0.00    0.00
 204296.714   -10.653     0.00    0.00
 204666.849   -10.653     0.00    0.00
 205037.053   -10.653     0.00    0.00
 205407.325   -10.653     0.00    0.00
 205777.667   -10.653     0.00    0.00
 206148.077   -10.653     0.00    0.00
 206518.556   -10.653     0.00    0.00
 206889.104   -10.653     0.00    0.00
 207259.721   -10.653     0.00    0.00
 207630.407   -10.653     0.00    0.00
 208001.161   -10.653     0.00    0.00
 208371.985   -10.653     0.00    0.00
 208742.879   -10.653     0.00    0.00
 209113.841   -10.653     0.00    0.00
 209484.872   -10.653     0.00    0.00
 209855.973   -10.653     0.00    0.00
 210227.143   -10.653     0.00    0.00
 210598.382   -10.653     0.00    0.00
 210969.691   -10.653     0.00    0.00
 211341.069   -10.653     0.00    0.00
 211712.516   -10.653     0.00    0.00
 212084.033   -10.653     0.00    0.00
 212455.619   -10.653     0.00    0.00
 212827.275   -10.653     0.00    0.00
 213199.000   -10.653     0.00    0.00
 213570.795   -10.653     0.00    0.00
 213942.660   -10.653     0.00    0.00
 214314.594   -10.653     0.00    0.00
 214686.599   -10.653     0.00    0.00
 215058.672   -10.653     0.00    0.00
 215430.816   -10.653     0.00    0.00
 215803.030   -10.653     0.00    0.00
 216175.313   -10.653     0.00    0.00
 216547.666   -10.653     0.00    0.00
 216920.090   -10.653     0.00    0.00
 217292.583   -10.653     0.00    0.00
 217665.146   -10.653     0.00    0.00
 218037.780   -10.653     0.00    0.00
 218410.483   -10.653     0.00    0.00
 218783.257   -10.653     0.00    0.00
 219156.101   -10.653     0.00    0.00
 219529.015   -10.653     0.00    0.00
 219902.000   -10.653     0.00    0.00
 220275.054   -10.653     0.00    0.00
 220648.179   -10.653     0.00    0.00
 221021.375   -10.653     0.00    0.00
 221394.641   -10.653     0.00    0.00
 221767.977   -10.653     0.00    0.00
 222141.384   -10.653     0.00    0.00
 222514.862   -10.653     0.00    0.00
 222888.410   -10.653     0.00    0.00
 223262.029   -10.653     0.00    0.00
 223635.718   -10.653     0.00    0.00
 224009.478   -10.653     0.00    0.00
 224383.309   -10.653     0.00    0.00
 224757.211   -10.653     0.00    0.00
 225131.183   -10.653     0.00    0.00
 225505.227   -10.653     0.00    0.00
 225879.341   -10.653     0.00    0.00
 226253.526   -10.653     0.00    0.00
 226627.782   -10.653     0.00    0.00
 227002.110   -10.653     0.00    0.00
 227376.508   -10.653     0.00    0.00
 227750.978   -10.653     0.00    0.00
 228125.518   -10.653     0.00    0.00
 228500.130   -10.653     0.00    0.00
 228874.813   -10.653     0.00    0.00
 229249.568   -10.653     0.00    0.00
 229624.393   -10.653     0.00    0.00
 229999.290   -10.653     0.00    0.00
 230374.259   -10.653     0.00    0.00
 230749.299   -10.653     0.00    0.00
 231124.410   -10.653     0.00    0.00
 231499.593   -10.653     0.00    0.00
 231874.848   -10.653     0.00    0.00
 232250.174   -10.653     0.00    0.00
 232625.571   -10.653     0.00    0.00
 233001.041   -10.653     0.00    0.00
