-214741.897   362.104     0.00   48.18
-214372.455   331.856   -81.86   30.67
-214002.946   316.761   -40.84   23.67
-213633.371   300.596   -43.73   20.06
-213263.728   284.882   -42.50   25.70
-212894.019   267.942   -45.81   24.77
-212524.243   252.870   -40.75   18.98
-212154.400   242.375   -28.37   12.54
-211784.491   239.130    -8.77   11.78
-211414.514   244.671    14.97   19.28
-211044.470   248.112     9.30   21.86
-210674.359   247.606    -1.37   23.17
-210304.181   240.202   -20.00   24.64
-209933.936   228.449   -31.74   17.17
-209563.624   220.991   -20.13    8.06
-209193.244   219.309    -4.54    6.55
-208822.798   220.449     3.08    6.18
-208452.284   220.918     1.27    5.36
-208081.702   219.583    -3.60    4.48
-207711.054   217.870    -4.62    3.68
-207340.338   216.943    -2.50    3.28
-206969.554   216.726    -0.58    3.63
-206598.703   217.885     3.12    4.27
-206227.785   219.467     4.27    4.59
-205856.799   220.748     3.45    4.52
-205485.746   221.144     1.07    4.85
-205114.625   220.305    -2.26    4.74
-204743.436   218.618    -4.54    4.50
-204372.180   216.905    -4.61    5.33
-204000.856   215.835    -2.88    6.61
-203629.464   216.626     2.13    8.84
-203258.004   220.297     9.88   12.47
-202886.477   223.260     7.97   12.94
-202514.881   224.882     4.36   11.78
-202143.218   225.473     1.59   12.20
-201771.487   226.595     3.02   15.56
-201399.688   231.748    13.86   19.85
-201027.821   235.217     9.33   21.03
-200655.886   229.671   -14.91   22.29
-200283.883   219.758   -26.64   21.10
-199911.811   207.345   -33.36   12.57
-199539.672   201.039   -16.94    8.00
-199167.464   196.078   -13.32    5.94
-198795.188   192.755    -8.92    6.69
-198422.844   191.796    -2.58    8.58
-198050.431   193.520     4.63   11.73
-197677.950   197.555    10.83   14.30
-197305.401   200.658     8.33   13.33
-196932.783   196.831   -10.27   15.29
-196560.097   187.579   -24.82   18.75
-196187.343   175.817   -31.55   16.29
-195814.519   167.150   -23.24    8.50
-195441.628   164.140    -8.07    3.50
-195068.667   164.829     1.85    3.06
-194695.638   167.572     7.35    5.49
-194322.541   170.455     7.73    6.40
-193949.374   171.733     3.42    5.34
-193576.139   170.932    -2.14    4.40
-193202.835   168.868    -5.53    2.46
-192829.462   167.181    -4.52    2.14
-192456.021   165.517    -4.46    2.91
-192082.510   164.414    -2.95    3.50
-191708.930   163.413    -2.68    3.97
-191335.282   162.073    -3.59    4.43
-190961.564   160.309    -4.72    4.84
-190587.778   158.360    -5.21    4.45
-190213.922   156.760    -4.28    3.61
-189839.997   156.155    -1.62    2.78
-189466.003   156.226     0.19    2.20
-189091.940   156.455     0.61    1.73
-188717.807   156.382    -0.20    1.24
-188343.605   156.209    -0.46    1.09
-187969.334   155.967    -0.64    0.90
-187594.993   155.565    -1.07    0.86
-187220.583   154.918    -1.73    0.96
-186846.104   154.316    -1.61    1.04
-186471.555   153.630    -1.83    0.80
-186096.937   153.193    -1.16    0.42
-185722.249   152.992    -0.54    0.16
-185347.491   153.002     0.03    0.19
-184972.664   153.002    -0.00    0.18
-184597.767   153.015     0.03    0.26
-184222.800   152.895    -0.32    0.71
-183847.764   152.479    -1.11    1.45
-183472.657   151.285    -3.18    2.81
-183097.481   150.329    -2.55    3.10
-182722.235   150.004    -0.87    2.79
-182346.920   149.921    -0.22    2.71
-181971.534   150.389     1.25    2.88
-181596.078   150.931     1.44    3.98
-181220.552   150.847    -0.22    4.78
-180844.956   152.179     3.55    6.69
-180469.290   159.753    20.16   15.21
-180093.554   175.942    43.08   27.05
-179717.748   194.527    49.44   27.39
-179341.871   199.052    12.04   24.74
-178965.924   182.781   -43.27   35.28
-178589.907   160.642   -58.87   32.08
-178213.820   140.277   -54.14   16.00
-177837.662   132.621   -20.35    3.76
-177461.433   131.397    -3.25    0.94
-177085.135   131.485     0.23    1.37
-176708.765   131.473    -0.03    1.86
-176332.325   131.442    -0.08    1.99
-175955.815   131.107    -0.89    1.70
-175579.234   130.855    -0.67    1.42
-175202.582   130.838    -0.04    1.28
-174825.860   130.842     0.01    1.43
-174449.067   130.824    -0.05    1.54
-174072.203   130.841     0.04    1.75
-173695.268   130.967     0.34    2.14
-173318.262   131.067     0.27    2.63
-172941.186   131.708     1.70    4.12
-172564.038   132.078     0.98    4.95
-172186.820   132.386     0.82    5.35
-171809.531   133.049     1.76    5.93
-171432.170   133.402     0.94    5.53
-171054.738   133.674     0.72    5.21
-170677.236   134.438     2.02    5.50
-170299.662   134.991     1.46    5.58
-169922.017   135.365     0.99    4.80
-169544.300   135.172    -0.51    3.94
-169166.512   135.304     0.35    3.28
-168788.653   135.193    -0.29    2.88
-168410.723   134.772    -1.11    2.55
-168032.721   133.931    -2.22    2.50
-167654.648   132.630    -3.44    2.72
-167276.503   129.990    -6.98    3.30
-166898.286   127.523    -6.52    3.11
-166519.998   125.431    -5.53    2.43
-166141.639   123.980    -3.84    1.17
-165763.208   123.537    -1.17    0.76
-165384.705   123.480    -0.15    0.64
-165006.130   123.479    -0.00    0.66
-164627.483   123.360    -0.31    0.61
-164248.765   123.211    -0.39    0.53
-163869.975   123.162    -0.13    0.51
-163491.113   123.278     0.30    0.56
-163112.179   123.723     1.18    1.17
-162733.173   124.755     2.72    2.20
-162354.095   126.980     5.87    3.59
-161974.945   130.039     8.07    4.70
-161595.722   136.863    17.99    9.52
-161216.428   147.074    26.92   14.32
-160837.061   157.666    27.92   13.76
-160457.622   164.402    17.75   11.11
-160078.111   164.705     0.80   14.15
-159698.528   158.214   -17.10   16.81
-159318.872   149.426   -23.14   14.24
-158939.144   142.742   -17.60    8.77
-158559.343   139.758    -7.86    5.27
-158179.470   138.992    -2.02    3.27
-157799.525   138.508    -1.27    2.07
-157419.506   137.929    -1.52    2.68
-157039.416   136.657    -3.35    4.26
-156659.252   134.786    -4.92    5.32
-156279.016   133.241    -4.06    5.51
-155906.655   131.431    -4.86    5.30
-155540.256   129.909    -4.15    4.51
-155173.790   128.232    -4.58    3.64
-154807.257   127.014    -3.32    2.80
-154440.657   126.267    -2.04    2.30
-154073.990   125.273    -2.71    1.81
-153707.257   124.056    -3.32    1.96
-153340.456   122.898    -3.16    2.03
-152973.589   122.039    -2.34    1.85
-152606.654   121.372    -1.82    1.58
-152239.652   121.053    -0.87    1.40
-151872.583   122.144     2.97    2.53
-151505.447   125.653     9.56    6.24
-151138.244   131.384    15.60    8.59
-150770.973   137.586    16.89    9.26
-150403.635   143.979    17.40    7.44
-150036.230   146.555     7.01    5.11
-149668.758   148.174     4.41    4.72
-149301.218   149.167     2.70    5.62
-148933.610   149.868     1.91    5.87
-148565.936   151.050     3.21    5.67
-148198.193   152.717     4.53    5.76
-147830.384   155.153     6.62    6.06
-147462.506   158.367     8.74    6.06
-147094.561   162.332    10.77    6.98
-146726.549   167.253    13.37    8.87
-146358.468   178.804    31.38   20.39
-145990.320   198.053    52.28   34.42
-145622.104   219.979    59.54   34.92
-145253.821   237.289    47.00   28.52
-144885.469   252.562    41.46   21.39
-144517.050   261.211    23.47   21.13
-144148.563   270.293    24.64   23.05
-143780.008   287.232    45.96   20.90
-143411.384   309.191    59.56   27.94
-143042.693   333.497    65.92   42.43
-142673.934   361.577    76.14   46.71
-142305.107   385.186    64.00   42.52
-141936.211   402.420    46.71   33.65
-141567.247   407.328    13.30   39.83
-141198.216   405.442    -5.11   44.03
-140829.115   418.908    36.48   47.50
-140459.947   450.692    86.09   58.04
-140090.710   483.144    87.88   56.36
-139721.405   501.251    49.03   38.04
-139352.032   484.490   -45.37   49.10
-138982.590   451.942   -88.09   45.43
-138613.079   429.409   -60.98   27.32
-138243.500   422.003   -20.04   20.81
-137873.853   426.864    13.15   21.05
-137504.137   429.979     8.43   22.33
-137134.352   411.167   -50.87   41.93
-136764.499   386.184   -67.54   46.76
-136394.577   360.746   -68.76   34.01
-136024.586   346.769   -37.77   17.50
-135654.526   348.277     4.07   13.17
-135284.398   355.420    19.30   15.44
-134914.200   368.269    34.71   22.51
-134543.934   386.812    50.07   28.32
-134173.599   415.317    76.96   38.53
-133803.195   435.726    55.09   39.65
-133432.722   454.413    50.44   37.56
-133062.180   473.397    51.23   44.27
-132691.569   504.328    83.45   51.91
-132320.888   529.772    68.63   51.14
-131950.139   536.919    19.28   50.55
-131579.320   537.723     2.17   52.32
-131208.432   533.473   -11.46   63.32
-130837.475   538.852    14.50   73.10
-130466.448   572.967    91.94   86.69
-130095.352   596.025    62.13   78.53
-129724.187   604.523    22.89   70.55
-129352.952   596.263   -22.25   72.00
-128981.648   558.855  -100.74   65.33
-128610.274   514.814  -118.58   43.34
-128238.830   492.342   -60.49   37.59
-127867.318   491.328    -2.73   42.04
-127495.735   492.630     3.50   50.15
-127124.083   483.691   -24.05   53.05
-126752.361   478.263   -14.60   50.40
-126380.569   479.176     2.46   36.42
-126008.708   494.406    40.95   43.79
-125636.776   537.073   114.71   65.80
-125264.775   592.177   148.11   75.28
-124892.704   608.094    42.77   65.74
-124520.563   615.027    18.63   64.74
-124148.352   603.611   -30.67   74.53
-123776.071   597.232   -17.13   74.26
-123403.720   651.328   145.27  105.47
-123031.299   703.907   141.17  102.78
-122658.807   752.611   130.74  103.97
-122286.246   789.874   100.01   86.64
-121913.614   801.595    31.45   88.95
-121540.912   791.931   -25.93  106.92
-121168.140   749.153  -114.75  129.36
-120795.297   681.108  -182.49  149.69
-120422.384   586.188  -254.51  129.67
-120049.400   527.618  -157.02   81.93
-119676.346   502.816   -66.48   70.35
-119303.222   510.714    21.17   93.76
-118930.027   525.235    38.90  102.69
-118556.761   540.614    41.20   94.44
-118183.425   567.838    72.91   95.47
-117810.018   609.583   111.79   90.94
-117436.541   656.281   125.02   69.36
-117062.993   676.533    54.21   47.83
-116689.374   671.944   -12.28   45.97
-116315.684   661.438   -28.11   42.78
-115941.923   647.800   -36.49   30.36
-115568.091   650.549     7.35   34.96
-115194.189   674.897    65.11   53.21
-114820.215   701.967    72.38   52.69
-114446.171   705.795    10.23   51.97
-114072.055   677.025   -76.89   84.02
-113697.868   616.050  -162.94  100.25
-113323.611   552.223  -170.53   79.79
-112949.281   517.795   -91.97   53.17
-112574.881   517.449    -0.92   46.38
-112200.410   534.456    45.41   43.86
-111825.867   551.665    45.94   38.49
-111451.253   564.324    33.79   28.82
-111076.567   559.308   -13.39   28.75
-110701.810   544.530   -39.43   41.53
-110326.982   526.991   -46.79   48.88
-109952.082   514.130   -34.30   46.85
-109577.110   503.990   -27.04   48.06
-109202.067   479.711   -64.73   55.40
-108826.952   448.002   -84.52   63.43
-108451.766   408.604  -105.00   65.36
-108076.508   362.199  -123.65   58.02
-107701.178   323.351  -103.49   51.08
-107325.776   293.456   -79.63   46.95
-106950.303   268.105   -67.51   35.92
-106574.758   251.025   -45.48   33.62
-106199.140   238.618   -33.03   34.48
-105823.451   229.750   -23.60   30.11
-105447.690   227.758    -5.30   28.57
-105071.857   234.426    17.74   37.92
-104695.951   256.128    57.73   50.56
-104319.974   273.015    44.91   55.70
-103943.924   287.456    38.40   56.82
-103567.802   290.016     6.81   54.29
-103191.608   271.421   -49.43   59.05
-102815.342   244.931   -70.40   53.70
-102439.003   234.910   -26.63   41.01
-102062.592   251.498    44.07   50.45
-101686.109   291.490   106.22   59.38
-101309.553   327.699    96.15   38.33
-100932.924   331.990    11.39   36.27
-100556.223   324.638   -19.52   42.02
-100179.450   324.567    -0.19   42.98
 -99802.604   350.313    68.31   59.03
 -99425.685   408.473   154.29   69.92
 -99048.693   459.214   134.58   51.90
 -98671.629   485.592    69.95   43.98
 -98294.492   489.467    10.27   54.66
 -97917.282   481.683   -20.63   58.40
 -97540.000   459.146   -59.73   55.43
 -97162.644   412.899  -122.55   74.09
 -96785.215   375.666   -98.64   68.52
 -96407.714   373.095    -6.81   62.94
 -96030.139   387.473    38.08   71.90
 -95652.491   394.316    18.12   75.75
 -95274.770   385.630   -22.99   82.49
 -94896.976   369.693   -42.18   79.83
 -94519.109   362.278   -19.62   71.49
 -94141.169   370.967    22.99   71.80
 -93763.155   350.598   -53.88   68.47
 -93385.068   322.013   -75.60   60.45
 -93006.908   291.308   -81.19   54.06
 -92628.674   262.835   -75.27   63.75
 -92250.366   233.211   -78.30   75.02
 -91871.985   186.990  -122.15   62.91
 -91493.531   144.680  -111.79   33.91
 -91115.003   125.838   -49.77   26.15
 -90736.401   114.793   -29.17   18.72
 -90357.726   107.601   -18.99   16.78
 -89978.977   102.082   -14.57   15.33
 -89600.154    91.687   -27.44   19.28
 -89221.258    78.921   -33.69   23.76
 -88842.287    66.115   -33.79   24.16
 -88463.243    53.542   -33.17   16.88
 -88084.125    47.115   -16.95    7.85
 -87704.933    44.823    -6.05    2.85
 -87325.666    44.320    -1.33    2.26
 -86946.326    44.422     0.27    2.88
 -86566.912    49.223    12.65   14.53
 -86187.423    53.933    12.41   21.08
 -85807.861    57.537     9.49   25.79
 -85428.224    56.428    -2.92   27.10
 -85048.512    50.277   -16.20   22.72
 -84668.727    53.751     9.15   24.57
 -84288.867    62.092    21.96   29.75
 -83908.933    73.485    29.99   33.01
 -83528.924    81.444    20.94   30.59
 -83148.841    79.826    -4.26   24.06
 -82768.683    74.323   -14.47   17.38
 -82388.450    72.408    -5.04   17.01
 -82008.143    82.381    26.22   24.67
 -81627.762    94.745    32.50   26.15
 -81250.972   102.899    21.64   24.32
 -80884.786   102.662    -0.65   26.67
 -80518.532    97.774   -13.35   24.91
 -80152.209    93.281   -12.26   20.10
 -79785.818    88.547   -12.92   12.78
 -79419.358    87.967    -1.58   10.12
 -79052.829    93.181    14.22   11.54
 -78686.232   101.544    22.81   17.05
 -78319.566   117.758    44.22   28.01
 -77952.832   140.711    62.59   43.78
 -77586.028   166.396    70.02   54.11
 -77219.156   188.473    60.17   61.23
 -76852.215   200.516    32.82   62.83
 -76485.206   196.036   -12.21   58.22
 -76118.127   187.735   -22.61   45.73
 -75750.980   194.553    18.57   44.07
 -75383.763   215.402    56.77   60.81
 -75016.477   255.875   110.19   65.25
 -74649.123   294.467   105.05   62.44
 -74281.699   328.172    91.73   60.80
 -73914.206   353.501    68.92   60.95
 -73546.644   381.003    74.82   55.16
 -73179.013   395.136    38.44   42.65
 -72811.313   395.105    -0.08   37.07
 -72443.543   383.479   -31.61   48.25
 -72075.704   358.205   -68.70   55.85
 -71707.796   336.569   -58.80   57.35
 -71339.818   319.485   -46.42   50.75
 -70971.770   319.450    -0.09   44.66
 -70603.654   322.577     8.49   39.63
 -70235.467   322.565    -0.03   42.10
 -69867.212   313.305   -25.15   48.21
 -69498.886   294.082   -52.19   58.88
 -69130.491   272.450   -58.72   65.76
 -68762.026   239.653   -89.00   69.86
 -68393.492   206.909   -88.85   67.39
 -68024.888   173.399   -90.91   52.82
 -67656.214   154.990   -49.93   37.52
 -67287.470   145.071   -26.90   27.61
 -66918.656   135.540   -25.84   37.25
 -66549.773   114.779   -56.28   48.61
 -66180.819    91.933   -61.92   41.05
 -65811.796    77.285   -39.69   24.88
 -65442.702    81.071    10.26   31.55
 -65073.538   103.872    61.76   43.97
 -64704.304   138.404    93.52   52.49
 -64335.001   178.208   107.78   59.70
 -63965.626   207.774    80.04   47.54
 -63596.182   216.693    24.14   36.51
 -63226.667   197.611   -51.64   46.46
 -62857.082   167.491   -81.49   41.79
 -62487.427   136.105   -84.90   34.40
 -62117.701   115.555   -55.58   31.13
 -61747.905    92.209   -63.13   33.29
 -61378.039    73.979   -49.28   31.49
 -61008.102    56.855   -46.29   24.52
 -60638.094    42.887   -37.75   14.33
 -60268.016    35.060   -21.15    3.51
 -59897.867    33.569    -4.03    1.47
 -59527.647    33.250    -0.86    0.63
 -59157.357    33.388     0.37    0.58
 -58786.996    33.484     0.26    0.70
 -58416.564    33.433    -0.14    0.86
 -58046.061    33.409    -0.06    0.95
 -57675.488    33.501     0.25    0.93
 -57304.843    33.769     0.72    0.87
 -56934.128    34.023     0.68    0.95
 -56563.342    34.112     0.24    1.12
 -56192.484    33.013    -2.96    2.86
 -55821.556    32.370    -1.73    3.28
 -55450.556    31.691    -1.83    3.52
 -55079.485    30.711    -2.64    3.59
 -54708.343    32.535     4.92    3.73
 -54337.130    32.726     0.51    3.91
 -53965.846    32.878     0.41    4.11
 -53594.490    33.324     1.20    4.24
 -53223.063    32.956    -0.99    4.06
 -52851.564    33.396     1.18    3.84
 -52479.994    33.592     0.53    4.62
 -52108.352    32.025    -4.22    5.49
 -51736.639    29.365    -7.16    5.94
 -51364.855    26.519    -7.65    4.55
 -50992.998    24.001    -6.77    3.22
 -50621.071    22.874    -3.03    3.07
 -50249.071    26.831    10.64   16.35
 -49877.000    34.172    19.73   28.82
 -49504.857    42.502    22.38   36.14
 -49132.642    44.535     5.46   37.10
 -48760.355    40.514   -10.80   31.87
 -48387.996    33.588   -18.60   23.42
 -48015.566    28.672   -13.20   15.86
 -47643.063    24.409   -11.44    9.78
 -47270.488    20.841    -9.58    3.14
 -46897.842    19.831    -2.71    1.63
 -46525.123    19.381    -1.21    0.93
 -46152.332    19.445     0.17    0.86
 -45779.469    19.685     0.64    0.80
 -45406.534    20.069     1.03    0.97
 -45033.526    20.910     2.25    1.85
 -44660.446    22.763     4.97    4.07
 -44287.294    27.630    13.04    8.64
 -43914.069    37.763    27.15   17.19
 -43540.772    50.828    35.00   22.84
 -43167.402    63.192    33.11   23.65
 -42793.960    77.328    37.85   18.26
 -42420.446    84.821    20.06   12.50
 -42046.858    93.014    21.93   11.64
 -41673.198   104.319    30.25   14.88
 -41299.466   116.943    33.78   14.08
 -40925.660   125.444    22.74   11.43
 -40551.782   127.777     6.24   15.57
 -40177.831   117.158   -28.39   25.17
 -39803.807   102.796   -38.40   31.06
 -39429.711    86.956   -42.34   32.43
 -39055.541    71.268   -41.93   30.13
 -38681.298    59.255   -32.10   24.20
 -38306.982    52.039   -19.27   17.98
 -37932.594    53.417     3.68   15.37
 -37558.132    63.516    26.97   19.16
 -37183.597    77.990    38.64   21.35
 -36808.988    88.122    27.05   14.70
 -36434.307    88.627     1.35   15.31
 -36059.552    85.324    -8.81   16.09
 -35684.724    84.214    -2.96   12.74
 -35309.823    88.796    12.22   13.28
 -34934.848    97.082    22.10   11.56
 -34559.799   103.565    17.28    6.22
 -34184.678   105.979     6.43    3.25
 -33809.482   106.126     0.39    3.96
 -33434.213   107.256     3.01    6.39
 -33058.871   109.300     5.45    9.57
 -32683.454   115.165    15.62   10.75
 -32307.964   119.705    12.09    8.23
 -31932.401   119.035    -1.78    9.45
 -31556.763   116.626    -6.41   10.09
 -31181.052   115.900    -1.93    8.52
 -30805.266   116.256     0.95    6.73
 -30429.407   111.576   -12.45   14.84
 -30053.474   100.232   -30.18   24.42
 -29677.467    73.616   -70.79   35.33
 -29301.385    47.077   -70.56   30.72
 -28925.230    29.341   -47.15   22.35
 -28549.001    17.606   -31.19    4.77
 -28172.697    16.058    -4.11    0.39
 -27796.319    16.146     0.23    0.62
 -27419.867    16.113    -0.09    0.55
 -27043.340    16.015    -0.26    0.26
 -26666.739    15.967    -0.13    0.00
 -26290.064    15.967     0.00    0.00
 -25913.314    15.967     0.00    0.00
 -25536.490    15.967     0.00    0.00
 -25159.591    15.967     0.00    0.00
 -24782.618    15.967     0.00    0.00
 -24405.570    15.967     0.00    0.00
 -24028.447    15.967     0.00    0.00
 -23651.250    15.967     0.00    0.00
 -23273.977    15.967     0.00    0.00
 -22896.630    15.967     0.00    0.00
 -22519.209    16.071     0.27    0.43
 -22141.712    16.778     1.87    1.95
 -21764.140    18.576     4.76    4.27
 -21386.494    21.282     7.16    5.89
 -21008.772    23.410     5.64    6.17
 -20630.975    25.278     4.94    5.76
 -20253.103    25.967     1.83    4.97
 -19875.156    26.278     0.82    3.76
 -19497.134    26.473     0.52    2.44
 -19119.037    26.944     1.25    1.95
 -18740.864    27.405     1.22    1.43
 -18362.616    27.806     1.06    1.20
 -17984.292    28.113     0.81    0.92
 -17605.893    28.071    -0.11    0.75
 -17227.419    28.067    -0.01    0.99
 -16848.869    28.117     0.13    1.29
 -16470.244    28.078    -0.10    1.42
 -16091.543    28.128     0.13    1.42
 -15712.766    28.385     0.68    1.32
 -15333.914    28.744     0.95    1.19
 -14954.986    29.229     1.28    0.92
 -14575.982    29.654     1.12    0.84
 -14196.902    30.217     1.49    0.81
 -13817.746    30.908     1.82    0.99
 -13438.515    31.854     2.49    1.38
 -13059.207    32.823     2.55    1.54
 -12679.824    33.834     2.67    1.82
 -12300.364    33.991     0.41    2.58
 -11920.829    31.134    -7.53    6.40
 -11541.217    26.266   -12.82    8.37
 -11161.529    20.278   -15.77    7.69
 -10781.764    14.691   -14.71    3.40
 -10401.924    12.172    -6.63    3.25
 -10022.007     9.714    -6.47    3.79
  -9642.014     7.358    -6.20    3.50
  -9261.944     5.297    -5.42    2.42
  -8881.798     4.388    -2.39    1.40
  -8501.575     3.967    -1.11    0.00
  -8121.276     3.967     0.00    0.00
  -7740.901     3.967     0.00    0.00
  -7360.448     3.967     0.00    0.00
  -6979.919     3.967     0.00    0.00
  -6599.313     3.967     0.00    0.00
  -6232.360     3.967     0.00    0.00
  -5866.323     3.967     0.00    0.00
  -5500.215     3.967     0.00    0.00
  -5134.037     3.887    -0.22    0.27
  -4767.789     3.657    -0.63    0.47
  -4401.470     3.389    -0.73    0.50
  -4035.081     3.071    -0.87    0.40
  -3668.622     2.725    -0.94    0.43
  -3302.093     2.467    -0.70    0.50
  -2935.493     2.099    -1.00    0.60
  -2568.822     1.567    -1.45    0.68
  -2202.081     1.123    -1.21    0.82
  -1835.270     0.818    -0.83    0.80
  -1468.388     0.467    -0.96    0.61
  -1101.435     0.334    -0.36    0.57
   -734.412     0.138    -0.53    0.43
   -367.318     0.013    -0.34    0.21
     -0.153    -0.033    -0.12    0.00
    367.082     0.104     0.37    0.35
    734.389     0.277     0.47    0.49
   1101.766     1.226     2.58    2.65
   1469.214     4.702     9.46    6.99
   1836.733    13.438    23.77   15.16
   2204.323    23.514    27.41   19.44
   2571.984    35.055    31.39   21.13
   2939.716    44.149    24.73   23.16
   3307.520    50.467    17.18   25.05
   3675.394    54.689    11.48   26.69
   4043.340    55.990     3.53   24.20
   4411.357    54.933    -2.87   20.27
   4779.445    55.668     2.00   15.30
   5147.604    61.745    16.51   18.32
   5515.835    71.376    26.16   22.76
   5884.137    82.747    30.87   26.57
   6252.511    93.217    28.42   26.80
   6620.956   100.923    20.91   27.91
   6989.473   111.836    29.61   28.89
   7358.061   125.473    37.00   34.05
   7726.721   142.838    47.10   34.46
   8095.453   165.136    60.47   40.38
   8464.256   190.507    68.80   51.05
   8833.131   230.832   109.32   65.47
   9202.077   263.535    88.64   56.21
   9571.096   302.774   106.33   46.48
   9940.186   341.922   106.07   58.88
  10309.348   393.645   140.11   77.87
  10678.583   445.136   139.45   77.57
  11047.889   497.456   141.67   51.19
  11417.267   515.067    47.68   40.88
  11786.717   507.098   -21.57   54.92
  12156.240   482.145   -67.53   60.95
  12525.834   456.670   -68.93   58.46
  12895.501   451.108   -15.04   57.68
  13265.240   445.956   -13.94   55.26
  13635.051   437.011   -24.19   49.31
  14004.935   424.706   -33.27   45.67
  14374.891   405.312   -52.42   36.48
  14744.919   390.243   -40.72   30.58
  15115.020   376.720   -36.54   27.42
  15485.193   371.104   -15.17   23.67
  15855.439   377.889    18.33   23.39
  16225.757   396.689    50.77   38.51
  16596.148   420.192    63.45   40.43
  16966.612   437.698    47.25   35.06
  17337.148   444.461    18.25   34.82
  17707.757   441.756    -7.30   46.46
  18078.439   440.990    -2.07   57.60
  18449.194   457.124    43.52   64.42
  18820.021   480.065    61.86   71.24
  19190.922   503.563    63.35   67.71
  19561.895   515.908    33.28   66.13
  19932.941   503.478   -33.50   70.88
  20304.061   476.908   -71.60   71.06
  20675.253   435.528  -111.48   73.32
  21046.519   386.560  -131.90   74.08
  21417.858   321.813  -174.36   89.00
  21789.270   271.214  -136.24   68.04
  22160.755   250.901   -54.68   48.11
  22532.314   255.698    12.91   55.81
  22903.946   296.551   109.93   63.48
  23275.651   350.094   144.05   72.69
  23647.430   420.700   189.92   94.66
  24019.282   465.327   120.01   80.69
  24391.208   478.523    35.48   62.34
  24763.207   454.600   -64.31   77.06
  25135.280   423.134   -84.57   75.41
  25507.427   406.612   -44.40   78.97
  25879.647   407.025     1.11   85.00
  26251.941   394.667   -33.19   84.26
  26624.308   359.737   -93.81   83.86
  26996.750   309.234  -135.60   72.73
  27369.265   262.816  -124.61   48.23
  27741.855   235.147   -74.26   26.72
  28114.518   214.697   -54.88   17.76
  28487.255   198.256   -44.11   20.90
  28860.067   178.991   -51.68   28.82
  29232.952   158.789   -54.18   30.31
  29605.911   139.800   -50.92   22.70
  29978.945   130.185   -25.78   13.95
  30352.053   126.932    -8.72    8.30
  30725.235   128.761     4.90   13.67
  31098.491   138.328    25.63   32.17
  31471.822   161.000    60.73   57.79
  31845.227   196.146    94.13   76.02
  32218.707   249.879   143.88   87.87
  32592.261   285.783    96.12   72.80
  32965.890   307.539    58.23   60.09
  33339.593   306.804    -1.96   56.32
  33713.370   300.100   -17.94   52.24
  34087.223   300.496     1.06   51.50
  34461.150   308.810    22.23   55.48
  34835.152   303.094   -15.28   62.07
  35209.228   299.550    -9.47   66.30
  35583.380   288.346   -29.94   64.16
  35957.606   276.259   -32.30   54.68
  36331.908   265.243   -29.43   41.49
  36706.284   268.440     8.54   36.94
  37080.735   281.517    34.92   47.45
  37455.261   297.967    43.92   57.11
  37829.863   321.903    63.90   74.72
  38204.539   340.734    50.26   80.17
  38579.291   347.528    18.13   70.55
  38954.118   339.289   -21.98   59.60
  39329.020   328.765   -28.07   47.22
  39703.998   318.282   -27.96   22.10
  40079.050   324.967    17.83   24.86
  40454.179   350.556    68.22   44.04
  40829.383   379.145    76.20   46.25
  41204.662   402.813    63.07   32.37
  41580.017   410.178    19.62   29.24
  41955.447   413.674     9.31   30.48
  42330.953   430.923    45.94   39.48
  42706.535   448.878    47.81   35.08
  43082.192   449.200     0.86   35.47
  43457.926   443.422   -15.38   38.44
  43833.735   428.712   -39.14   41.40
  44209.620   416.694   -31.97   39.00
  44585.580   405.736   -29.15   38.62
  44961.617   397.933   -20.75   43.79
  45337.730   390.057   -20.94   45.14
  45713.919   371.778   -48.59   35.11
  46090.184   359.934   -31.48   28.19
  46466.525   346.450   -35.83   25.87
  46842.942   331.271   -40.33   25.12
  47219.436   309.889   -56.79   23.92
  47596.005   294.791   -40.09   23.87
  47972.652   285.149   -25.60   19.93
  48349.374   295.192    26.66   29.08
  48726.173   321.145    68.88   45.54
  49103.048   337.645    43.78   42.44
  49480.000   336.572    -2.85   44.37
  49857.029   315.967   -54.65   55.21
  50234.134   273.901  -111.55   47.32
  50611.315   242.712   -82.69   30.47
  50988.573   219.945   -60.35   19.13
  51365.909   207.123   -33.98   11.69
  51743.320   199.623   -19.87    6.96
  52120.809   195.535   -10.83    3.05
  52498.375   194.022    -4.01    2.12
  52876.017   193.183    -2.22    1.87
  53253.737   192.945    -0.63    1.61
  53631.533   193.023     0.21    1.40
  54009.407   196.034     7.97    7.96
  54387.357   203.326    19.29   14.98
  54765.385   211.212    20.86   19.06
  55143.490   224.494    35.13   27.30
  55521.672   234.834    27.34   28.90
  55899.932   235.902     2.82   27.23
  56278.269   237.066     3.08   19.47
  56656.683   241.534    11.81   15.08
  57035.175   252.550    29.11   19.47
  57413.744   270.315    46.93   23.19
  57792.391   285.165    39.22   20.48
  58171.115   290.876    15.08   16.53
  58549.917   292.261     3.65   17.67
  58928.796   295.921     9.66   24.17
  59307.754   304.879    23.64   31.99
  59686.789   326.355    56.66   38.38
  60065.902   351.334    65.89   43.45
  60445.093   378.179    70.80   45.19
  60824.361   398.734    54.20   34.74
  61203.708   412.479    36.24   25.82
  61583.132   415.512     7.99   28.52
  61962.635   411.426   -10.77   37.71
  62342.216   404.000   -19.56   46.08
  62721.875   394.779   -24.29   48.75
  63101.612   379.641   -39.87   47.11
  63481.427   379.013    -1.65   40.55
  63861.321   392.435    35.33   43.71
  64241.293   403.456    29.01   41.53
  64621.343   417.478    36.90   34.19
  65001.472   422.156    12.31   36.38
  65381.680   408.319   -36.40   47.80
  65761.965   380.407   -73.40   58.64
  66142.330   349.478   -81.32   52.87
  66522.773   323.739   -67.66   37.15
  66903.295   313.856   -25.97   47.65
  67283.895   298.511   -40.32   57.62
  67664.574   272.612   -68.04   59.06
  68045.332   243.322   -76.93   51.21
  68417.067   223.867   -52.34   34.47
  68782.880   214.408   -25.86   28.21
  69148.766   202.308   -33.07   26.68
  69514.723   191.267   -30.17   27.90
  69880.753   175.695   -42.54   25.41
  70246.854   163.211   -34.10   20.99
  70613.028   151.978   -30.68   20.52
  70979.273   144.808   -19.58   21.67
  71345.590   135.424   -25.62   21.70
  71711.980   124.700   -29.27   18.53
  72078.442   114.967   -26.56   15.96
  72444.976   107.315   -20.88   12.32
  72811.582    98.489   -24.08   10.36
  73178.260    91.802   -18.24    9.43
  73545.011    84.067   -21.09    8.14
  73911.834    77.858   -16.93    7.12
  74278.730    72.095   -15.71    5.90
  74645.698    67.391   -12.82    5.64
  75012.739    63.428   -10.80    3.76
  75379.852    61.176    -6.13    2.32
  75747.038    60.247    -2.53    2.96
  76114.296    61.456     3.29    6.23
  76481.627    64.956     9.53   10.47
  76849.031    68.956    10.89   11.29
  77216.508    68.516    -1.20   11.39
  77584.057    63.760   -12.94   14.40
  77951.679    54.667   -24.74   13.53
  78319.374    45.735   -24.29    9.57
  78687.142    38.989   -18.34    6.61
  79054.983    34.355   -12.60    3.81
  79422.898    32.032    -6.31    2.00
  79790.885    30.922    -3.02    1.22
  80158.945    30.253    -1.82    1.12
  80527.078    29.776    -1.30    1.20
  80895.285    29.044    -1.99    1.41
  81263.565    28.440    -1.64    1.52
  81631.918    27.645    -2.16    1.42
  82000.344    27.065    -1.57    1.08
  82368.844    26.842    -0.60    0.92
  82737.417    26.688    -0.42    0.93
  83106.064    26.316    -1.01    1.15
  83474.784    25.663    -1.77    1.40
  83843.578    24.956    -1.92    1.25
  84212.445    24.293    -1.80    1.07
  84581.386    24.100    -0.52    0.78
  84950.401    24.239     0.38    0.88
  85319.489    24.734     1.34    1.35
  85688.651    26.045     3.55    2.02
  86057.887    27.728     4.56    2.69
  86427.197    29.999     6.15    3.41
  86796.580    32.580     6.99    4.53
  87166.038    35.789     8.69    5.70
  87535.569    38.652     7.75    6.49
  87905.175    41.071     6.54    6.53
  88274.855    42.837     4.78    4.83
  88644.608    42.479    -0.97    4.17
  89014.436    39.880    -7.03    5.29
  89384.339    36.124   -10.15    5.41
  89754.315    32.572    -9.60    5.39
  90124.366    30.088    -6.71    4.88
  90494.491    27.802    -6.18    5.01
  90864.690    23.709   -11.06    5.79
  91234.964    20.156    -9.60    5.11
  91605.312    18.706    -3.91    4.47
  91975.735    18.251    -1.23    2.58
  92346.232    19.750     4.04    3.11
  92716.804    21.354     4.33    2.85
  93087.451    21.706     0.95    2.65
  93458.172    20.342    -3.68    3.27
  93828.968    18.264    -5.61    3.07
  94199.839    16.490    -4.78    2.06
  94570.785    15.698    -2.14    1.01
  94941.805    15.714     0.04    0.53
  95312.901    15.857     0.39    0.31
  95684.071    15.956     0.27    0.11
  96055.317    15.913    -0.12    0.23
  96426.637    15.888    -0.07    0.27
  96798.033    15.741    -0.39    0.42
  97169.503    15.706    -0.10    0.49
  97541.049    15.913     0.56    1.01
  97912.670    16.889     2.63    2.87
  98284.367    18.376     4.00    4.31
  98656.139    19.334     2.58    4.57
  99027.986    20.483     3.09    4.73
  99399.908    21.813     3.58    4.78
  99771.906    25.297     9.37    7.56
 100143.980    34.706    25.29   16.75
 100516.129    48.334    36.62   21.74
 100888.353    57.826    25.50   18.06
 101260.654    64.514    17.96   12.32
 101633.030    61.869    -7.10   12.24
 102005.481    54.107   -20.84    5.53
 102378.009    52.217    -5.07    3.94
 102750.612    53.246     2.76    4.79
 103123.291    55.924     7.19    5.10
 103496.047    57.158     3.31    5.00
 103868.878    58.637     3.97    7.00
 104241.785    61.256     7.02    9.82
 104614.768    66.150    13.12   10.86
 104987.827    71.652    14.75    8.23
 105360.963    76.141    12.03    3.82
 105734.174    77.365     3.28    1.94
 106107.462    76.782    -1.56    2.52
 106480.826    75.217    -4.19    4.82
 106854.267    71.935    -8.79    6.79
 107227.783    66.548   -14.42   10.16
 107601.377    59.550   -18.73   11.85
 107975.046    52.511   -18.84   10.02
 108348.793    45.367   -19.11    3.74
 108722.615    43.322    -5.47    2.22
 109096.515    42.605    -1.92    2.01
 109470.491    42.869     0.71    1.59
 109844.544    43.800     2.49    1.42
 110218.673    44.674     2.33    1.28
 110592.880    45.445     2.06    0.89
 110967.163    45.978     1.42    0.48
 111341.523    46.115     0.37    0.39
 111715.960    45.605    -1.36    1.46
 112090.474    43.864    -4.65    3.88
 112465.065    41.193    -7.13    5.35
 112839.733    37.769    -9.14    5.85
 113214.478    33.978   -10.12    5.50
 113589.301    29.490   -11.97    5.08
 113964.200    24.598   -13.05    5.47
 114339.177    20.793   -10.15    4.18
 114714.231    18.261    -6.75    2.43
 115089.363    16.816    -3.85    1.19
 115464.572    16.445    -0.99    0.86
 115839.859    16.209    -0.63    0.46
 116215.222    16.152    -0.15    0.39
 116590.664    16.181     0.08    0.41
 116966.183    16.169    -0.03    0.40
 117341.780    16.145    -0.06    0.38
 117717.454    16.116    -0.08    0.36
 118093.207    16.078    -0.10    0.32
 118469.037    16.054    -0.06    0.28
 118844.944    16.056     0.01    0.29
 119220.930    16.022    -0.09    0.23
 119596.994    15.989    -0.09    0.15
 119973.135    15.967    -0.06    0.00
 120349.355    15.956    -0.03    0.10
 120725.653    15.815    -0.38    0.36
 121102.029    15.637    -0.47    0.47
 121478.483    15.462    -0.47    0.50
 121855.015    15.323    -0.37    0.48
 122231.626    15.105    -0.58    0.58
 122608.315    14.877    -0.61    0.70
 122985.082    14.563    -0.83    0.85
 123361.927    14.126    -1.16    1.08
 123738.852    13.559    -1.51    1.34
 124115.854    12.717    -2.23    1.76
 124492.935    10.817    -5.04    3.17
 124870.095     9.058    -4.66    3.15
 125247.334     8.182    -2.32    2.67
 125624.651     8.271     0.23    3.01
 126002.047     9.599     3.52    3.15
 126379.522    10.545     2.51    2.90
 126757.075    10.542    -0.01    3.14
 127134.708    10.637     0.25    3.49
 127512.419    11.630     2.63    4.82
 127890.210    18.552    18.32   14.59
 128268.079    32.576    37.12   22.89
 128646.028    47.827    40.36   24.56
 129024.055    63.328    41.01   17.98
 129402.162    73.445    26.76   12.88
