-133105.659   502.731     0.00   74.83
-132739.063   512.981    27.96   61.95
-132372.540   495.387   -48.01   62.92
-132006.091   457.574  -103.20   69.85
-131639.715   421.485   -98.51   52.98
-131273.413   426.517    13.74   60.03
-130907.184   459.273    89.45   74.76
-130541.029   494.354    95.82   62.87
-130174.947   508.684    39.15   50.40
-129808.939   487.994   -56.54   59.30
-129443.004   447.039  -111.93   57.32
-129077.142   401.577  -124.27   62.13
-128711.353   361.744  -108.91   54.53
-128345.638   325.184   -99.98   49.78
-127968.306   295.392   -78.96   42.74
-127587.354   273.327   -57.93   36.21
-127206.482   270.316    -7.90   33.38
-126825.691   272.517     5.78   26.43
-126444.980   276.481    10.41   20.29
-126064.350   278.322     4.84   16.75
-125683.799   272.843   -14.40   16.35
-125303.329   270.983    -4.89   15.40
-124922.939   273.237     5.92   13.21
-124542.630   276.865     9.54   10.50
-124162.400   274.682    -5.74   18.18
-123782.250   265.811   -23.34   27.57
-123402.181   249.298   -43.45   32.66
-123022.191   222.843   -69.63   40.43
-122642.281   193.105   -78.29   49.67
-122262.451   154.725  -101.05   58.59
-121882.701   123.634   -81.88   53.41
-121503.031    97.714   -68.28   37.95
-121123.440    78.993   -49.32   11.59
-120743.929    77.800    -3.14    8.49
-120364.497    85.096    19.23   20.37
-119985.145    97.995    34.01   27.82
-119605.873   112.536    38.34   28.92
-119226.679   135.768    61.27   40.94
-118847.566   169.627    89.32   57.75
-118468.531   208.746   103.22   65.43
-118089.576   238.585    78.75   58.21
-117710.700   244.263    14.99   50.97
-117331.904   252.577    21.95   44.35
-116953.186   254.768     5.79   35.63
-116574.548   255.532     2.02   25.86
-116195.988   253.972    -4.12   21.25
-115817.508   241.755   -32.28   21.20
-115439.107   228.865   -34.07   18.87
-115060.784   216.678   -32.21   17.78
-114682.540   204.093   -33.28   17.44
-114304.375   194.338   -25.80   13.13
-113926.289   192.263    -5.49   11.54
-113548.282   196.536    11.30   14.24
-113170.353   201.843    14.05   13.24
-112792.503   205.305     9.16   16.97
-112414.731   206.354     2.78   19.08
-112037.038   211.596    13.88   20.97
-111659.423   221.735    26.85   18.28
-111281.887   233.241    30.48   12.56
-110904.429   239.191    15.76    9.83
-110527.050   237.316    -4.97   14.30
-110149.748   225.224   -32.05   27.59
-109772.525   198.768   -70.14   40.90
-109395.380   171.387   -72.61   39.14
-109018.313   145.381   -68.97   22.91
-108641.325   133.343   -31.93    8.69
-108264.414   136.703     8.92   18.86
-107887.581   147.184    27.81   28.62
-107510.827   159.187    31.86   31.14
-107134.150   176.975    47.23   35.63
-106757.551   203.585    70.66   39.80
-106381.029   226.085    59.76   36.27
-106004.586   246.392    53.95   21.45
-105628.220   248.217     4.85   17.38
-105251.932   241.435   -18.03   18.01
-104875.721   233.514   -21.06   18.06
-104499.588   221.789   -31.17   16.31
-104123.532   211.415   -27.59   13.24
-103747.554   203.811   -20.23    8.63
-103371.654   205.228     3.77   11.78
-102995.830   217.832    33.54   21.98
-102620.084   235.359    46.65   28.15
-102244.416   257.777    59.68   27.37
-101868.824   275.037    45.96   22.18
-101493.310   286.667    30.97   21.92
-101117.873   293.535    18.29   28.37
-100742.512   301.210    20.45   34.32
-100367.229   306.069    12.95   35.35
 -99992.023   315.173    24.27   33.06
 -99616.894   326.354    29.81   36.71
 -99241.842   344.131    47.40   41.56
 -98866.866   365.006    55.68   43.88
 -98491.968   387.297    59.46   36.36
 -98117.146   412.941    68.42   41.07
 -97742.400   441.553    76.35   47.67
 -97367.732   459.050    46.70   42.20
 -96993.140   466.704    20.43   39.60
 -96618.625   448.376   -48.94   53.71
 -96244.186   426.215   -59.19   46.76
 -95869.823   444.485    48.80   65.63
 -95495.537   488.227   116.88   78.97
 -95121.328   538.419   134.14   76.69
 -94747.195   580.970   113.74   72.54
 -94373.138   616.115    93.96   75.70
 -93999.157   627.921    31.57   70.82
 -93625.252   635.263    19.64   50.14
 -93251.424   633.332    -5.16   38.00
 -92877.672   610.550   -60.96   47.95
 -92503.996   577.593   -88.20   59.79
 -92130.395   532.876  -119.70   67.88
 -91756.871   491.972  -109.52   64.04
 -91383.423   449.151  -114.67   57.69
 -91010.050   416.069   -88.61   51.19
 -90636.754   382.410   -90.17   44.24
 -90263.533   355.039   -73.34   39.45
 -89890.388   327.046   -75.03   34.83
 -89517.318   305.766   -57.04   31.97
 -89144.325   285.922   -53.21   25.28
 -88771.406   275.267   -28.57   19.94
 -88398.564   269.968   -14.21   13.63
 -88025.797   269.169    -2.14   13.41
 -87653.105   269.605     1.17   16.57
 -87280.489   268.735    -2.34   18.43
 -86907.948   263.993   -12.73   14.69
 -86535.482   262.865    -3.03   11.07
 -86163.092   265.006     5.75   12.86
 -85790.777   277.682    34.05   26.56
 -85418.537   293.250    41.83   32.52
 -85046.373   312.585    51.96   36.11
 -84674.283   331.303    50.31   36.57
 -84302.268   353.951    60.88   43.53
 -83930.329   371.821    48.05   40.95
 -83558.464   385.239    36.09   38.45
 -83186.675   386.721     3.99   40.94
 -82814.960   376.711   -26.93   38.58
 -82443.320   359.779   -45.56   35.86
 -82071.755   342.588   -46.27   42.73
 -81700.264   327.876   -39.60   46.69
 -81328.849   312.365   -41.76   40.37
 -80957.508   310.711    -4.45   33.40
 -80586.241   323.559    34.61   33.10
 -80215.049   345.316    58.62   36.89
 -79843.932   368.275    61.87   39.48
 -79472.889   384.459    43.62   45.73
 -79101.921   385.912     3.92   53.88
 -78731.027   369.910   -43.15   62.26
 -78360.207   352.680   -46.47   52.25
 -77989.461   355.474     7.53   45.27
 -77618.790   367.553    32.59   42.21
 -77248.193   375.151    20.50   44.79
 -76877.670   367.303   -21.18   55.43
 -76507.222   332.137   -94.93   58.48
 -76136.847   297.536   -93.42   54.16
 -75766.546   259.528  -102.65   46.90
 -75396.320   234.002   -68.95   35.31
 -75026.167   210.941   -62.31   29.73
 -74656.088   195.454   -41.85   29.26
 -74286.083   178.332   -46.28   24.76
 -73916.152   166.488   -32.02   17.72
 -73546.295   156.705   -26.45    6.95
 -73176.511   152.986   -10.06    2.18
 -72806.801   151.901    -2.93    1.59
 -72437.165   152.465     1.53    3.56
 -72067.602   153.727     3.41    6.62
 -71698.113   158.332    12.46   12.67
 -71328.698   166.820    22.98   19.80
 -70959.355   184.180    47.01   32.80
 -70590.087   207.680    63.64   40.62
 -70220.891   246.821   106.02   49.64
 -69851.769   281.434    93.78   49.11
 -69482.720   312.710    84.75   48.97
 -69113.745   320.977    22.41   49.18
 -68744.843   319.547    -3.88   49.89
 -68376.013   313.250   -17.07   42.32
 -68007.257   319.143    15.98   42.21
 -67638.574   332.376    35.89   46.55
 -67269.964   355.901    63.83   49.02
 -66901.427   382.898    73.26   59.11
 -66532.963   407.460    66.66   68.21
 -66164.572   428.593    57.37   67.91
 -65796.254   450.436    59.31   61.43
 -65428.009   463.404    35.22   50.89
 -65059.836   465.036     4.43   42.45
 -64691.736   458.639   -17.38   45.79
 -64323.709   452.088   -17.80   49.18
 -63955.754   448.424    -9.96   50.88
 -63587.872   451.543     8.48   46.10
 -63220.063   451.954     1.12   45.31
 -62852.326   446.239   -15.54   42.91
 -62484.661   438.372   -21.40   38.81
 -62117.069   439.250     2.39   32.31
 -61749.549   445.962    18.27   27.62
 -61382.102   449.972    10.91   23.26
 -61014.727   452.116     5.84   23.78
 -60647.424   442.404   -26.44   34.04
 -60280.194   423.605   -51.19   40.12
 -59913.035   397.121   -72.13   44.07
 -59545.949   373.754   -63.66   39.43
 -59178.935   354.241   -53.17   30.40
 -58811.993   347.810   -17.53   36.05
 -58445.123   349.720     5.21   47.14
 -58078.325   358.691    24.46   61.55
 -57711.598   372.704    38.21   70.57
 -57344.944   382.539    26.83   68.40
 -56978.362   395.684    35.86   64.01
 -56611.851   413.426    48.41   61.59
 -56245.412   431.648    49.73   54.79
 -55879.045   447.898    44.36   37.96
 -55512.749   452.421    12.35   31.38
 -55146.525   453.261     2.29   32.02
 -54780.373   444.481   -23.98   33.27
 -54414.292   431.383   -35.78   27.13
 -54048.283   421.669   -26.54   23.85
 -53682.345   411.483   -27.84   21.54
 -53309.430   404.908   -17.63   23.70
 -52928.639   400.401   -11.84   30.31
 -52547.926   398.854    -4.06   36.26
 -52167.292   397.272    -4.16   39.64
 -51786.736   396.107    -3.06   43.28
 -51406.258   405.027    23.45   56.48
 -51025.859   412.289    19.09   65.90
 -50645.537   421.740    24.85   67.88
 -50265.294   431.063    24.52   68.82
 -49885.128   449.798    49.28   72.27
 -49505.041   461.010    29.50   69.12
 -49125.032   490.786    78.36   63.98
 -48745.100   519.710    76.13   65.87
 -48365.246   563.079   114.18   75.56
 -47985.470   602.354   103.42   89.61
 -47605.772   612.001    25.41   82.75
 -47226.151   596.355   -41.22   77.95
 -46846.609   546.096  -132.42   77.08
 -46467.143   501.207  -118.30   61.63
 -46087.755   505.532    11.40   94.74
 -45708.445   558.491   139.62  140.33
 -45329.212   629.248   186.59  131.89
 -44950.057   654.764    67.30   99.91
 -44570.979   639.899   -39.21   85.44
 -44191.978   607.727   -84.89   62.36
 -43813.055   587.118   -54.39   47.92
 -43434.209   584.590    -6.67   46.33
 -43055.440   574.525   -26.58   54.85
 -42676.748   555.518   -50.19   73.54
 -42298.133   544.920   -27.99   81.84
 -41919.595   535.576   -24.69   85.10
 -41541.135   529.463   -16.15   70.89
 -41162.751   522.983   -17.13   53.80
 -40784.444   484.191  -102.54   70.17
 -40406.214   429.622  -144.28   69.41
 -40028.061   377.767  -137.13   54.89
 -39649.984   340.355   -98.96   27.46
 -39271.984   331.310   -23.93   17.09
 -38894.061   342.737    30.24   31.54
 -38516.215   375.721    87.30   46.51
 -38138.445   405.867    79.80   40.28
 -37760.751   416.720    28.73   38.68
 -37383.134   413.807    -7.71   42.47
 -37005.594   396.585   -45.62   38.23
 -36628.130   391.506   -13.46   30.11
 -36250.742   403.678    32.26   38.54
 -35873.431   423.406    52.29   41.78
 -35496.196   442.217    49.87   34.94
 -35119.037   447.023    12.74   27.85
 -34741.954   440.294   -17.85   34.66
 -34364.947   438.843    -3.85   39.52
 -33988.016   444.877    16.01   40.05
 -33611.162   455.991    29.49   44.82
 -33234.383   483.129    72.03   58.40
 -32857.681   503.980    55.35   69.54
 -32481.054   533.077    77.26   79.64
 -32104.503   572.518   104.75   76.80
 -31728.028   577.591    13.47   71.74
 -31351.628   587.004    25.01   56.28
 -30975.305   580.405   -17.54   58.89
 -30599.057   569.246   -29.66   63.76
 -30222.884   576.754    19.96   75.67
 -29846.787   594.843    48.10   96.77
 -29470.766   629.199    91.37  110.14
 -29094.820   663.625    91.57   87.38
 -28718.950   624.854  -103.15  121.36
 -28343.155   544.753  -213.16  129.63
 -27967.435   479.742  -173.03   86.43
 -27591.791   460.821   -50.37   61.51
 -27216.222   505.710   119.53   67.38
 -26840.728   552.139   123.65   46.33
 -26465.309   572.492    54.21   46.59
 -26089.966   593.602    56.24   51.63
 -25714.697   598.173    12.18   55.23
 -25339.504   588.739   -25.15   59.92
 -24964.385   575.540   -35.19   52.63
 -24589.342   568.820   -17.92   42.00
 -24214.373   572.270     9.20   46.63
 -23839.479   596.855    65.58   61.30
 -23464.660   614.054    45.89   83.17
 -23089.916   592.855   -56.57  101.16
 -22715.246   569.121   -63.35   96.76
 -22340.652   558.122   -29.36   72.71
 -21966.131   573.800    41.86   70.43
 -21591.686   616.425   113.84   81.61
 -21217.315   672.206   149.00   90.74
 -20843.018   719.462   126.26   77.43
 -20468.796   754.988    94.93   76.53
 -20094.649   776.224    56.76   90.01
 -19720.575   784.416    21.90  115.50
 -19346.576   766.248   -48.58  139.94
 -18972.652   720.394  -122.63  133.44
 -18598.801   667.069  -142.64  123.11
 -18225.025   612.502  -145.99  102.14
 -17851.323   574.331  -102.14   87.22
 -17477.695   532.810  -111.13   70.45
 -17104.141   492.319  -108.39   66.41
 -16730.661   464.245   -75.17   61.31
 -16357.255   435.269   -77.60   53.19
 -15983.923   419.415   -42.47   53.04
 -15610.665   411.750   -20.53   58.15
 -15237.481   405.554   -16.60   57.04
 -14864.370   397.498   -21.59   52.09
 -14491.333   384.877   -33.83   41.74
 -14118.370   366.820   -48.41   35.97
 -13745.481   343.596   -62.28   45.76
 -13372.665   326.947   -44.66   53.03
 -12999.923   302.046   -66.81   59.72
 -12627.255   298.832    -8.62   69.30
 -12254.660   296.034    -7.51   73.41
 -11882.138   311.978    42.80   75.26
 -11509.690   324.488    33.59   75.82
 -11137.315   329.286    12.89   76.90
 -10765.013   319.002   -27.62   78.25
 -10392.785   311.675   -19.69   69.36
 -10020.630   310.661    -2.72   56.27
  -9648.548   301.967   -23.37   53.36
  -9276.540   299.580    -6.42   58.52
  -8904.604   286.310   -35.68   64.39
  -8532.742   286.525     0.58   70.44
  -8160.952   312.360    69.49   89.13
  -7789.236   344.280    85.87   98.14
  -7417.592   370.551    70.69   97.87
  -7046.022   361.326   -24.83  105.02
  -6674.524   322.529  -104.43  104.19
  -6303.099   284.313  -102.89   85.97
  -5931.747   253.079   -84.11   76.76
  -5560.467   216.927   -97.37   72.51
  -5189.261   194.310   -60.93   70.45
  -4818.126   171.558   -61.31   67.04
  -4447.065   141.107   -82.06   76.21
  -4076.076   117.411   -63.87   79.00
  -3705.159    82.129   -95.12   68.35
  -3334.316    51.234   -83.31   45.65
  -2963.544    30.652   -55.51   30.27
  -2592.845    16.510   -38.15   19.40
  -2222.218     6.491   -27.03    9.94
  -1851.663     2.088   -11.88    4.59
  -1481.181     0.293    -4.85    0.78
  -1110.771     0.484     0.52    0.92
   -740.433     0.636     0.41    0.95
   -370.168     0.610    -0.07    0.95
      0.026     0.200    -1.11    0.73
    370.148    -0.011    -0.57    0.41
    740.197     0.279     0.78    0.76
   1110.175     0.809     1.43    0.94
   1480.080     1.367     1.51    0.77
   1849.914     1.754     1.05    0.29
   2219.676     1.736    -0.05    0.41
   2589.366     1.474    -0.71    0.71
   2958.984     1.373    -0.27    0.78
   3328.531     1.499     0.34    0.90
   3698.006     1.657     0.43    1.06
   4067.409     2.161     1.36    1.26
   4436.741     2.809     1.75    1.27
   4806.001     3.764     2.59    1.20
   5175.190     4.514     2.03    1.12
   5544.307     5.468     2.59    1.18
   5913.353     6.371     2.45    1.30
   6282.327     7.464     2.96    1.27
   6651.230     8.023     1.52    1.12
   7020.062     8.584     1.52    0.90
   7388.822     8.946     0.98    0.90
   7757.512     9.229     0.77    0.89
   8126.130     9.610     1.03    0.84
   8494.677     9.938     0.89    0.99
   8863.152    10.591     1.77    1.55
   9231.557    11.302     1.93    1.90
   9599.891    12.232     2.53    1.85
   9968.153    13.085     2.31    1.29
  10336.345    13.946     2.34    0.84
  10704.466    14.483     1.46    0.82
  11072.516    15.177     1.89    1.04
  11440.495    16.034     2.33    1.32
  11808.404    17.257     3.32    1.99
  12176.242    18.946     4.59    3.15
  12544.009    22.043     8.42    5.01
  12911.705    25.866    10.40    7.12
  13279.331    29.687    10.39    7.18
  13646.886    32.389     7.35    5.96
  14014.371    33.903     4.12    4.36
  14381.785    35.294     3.79    3.93
  14749.128    37.564     6.18    4.36
  15116.402    40.548     8.12    4.36
  15483.605    43.292     7.47    3.28
  15850.737    45.371     5.66    1.77
  16217.800    45.776     1.10    1.48
  16584.792    45.957     0.49    1.35
  16951.713    45.866    -0.25    1.65
  17318.565    45.529    -0.92    1.89
  17685.347    45.446    -0.23    1.95
  18052.058    45.217    -0.62    2.31
  18418.700    44.082    -3.10    3.22
  18785.271    40.675    -9.29    6.66
  19151.772    32.718   -21.71   12.00
  19518.204    23.773   -24.41   11.52
  19884.566    16.731   -19.22    6.65
  20250.857    13.843    -7.88    2.90
  20617.079    15.641     4.91    5.38
  20983.231    21.832    16.91   11.73
  21352.070    32.911    30.04   15.56
  21732.706    40.641    20.31   13.27
  22113.266    43.441     7.36    9.19
  22493.749    42.014    -3.75    8.07
  22874.157    43.650     4.30   12.29
  23254.488    46.579     7.70   14.00
  23634.743    52.023    14.32   12.52
  24014.922    56.169    10.90    9.52
  24395.025    57.596     3.75    7.22
  24775.052    60.184     6.81    7.00
  25155.003    62.343     5.68    6.06
  25534.878    64.477     5.62    4.75
  25914.678    65.652     3.09    4.14
  26294.401    65.160    -1.30    4.27
  26674.049    62.434    -7.18    6.39
  27053.622    59.641    -7.36    6.91
  27433.118    56.654    -7.87    6.62
  27812.539    53.173    -9.18    7.61
  28191.884    49.967    -8.45    8.51
  28571.154    46.297    -9.68    9.31
  28950.348    41.832   -11.77    9.32
  29329.467    37.611   -11.13    8.29
  29708.511    33.377   -11.17    6.76
  30087.479    29.544   -10.11    4.03
  30466.372    29.798     0.67    5.06
  30845.189    33.983    11.05   11.05
  31223.932    39.765    15.27   14.80
  31602.599    47.146    19.49   15.14
  31981.191    53.446    16.64   11.94
  32359.708    57.068     9.57    7.70
  32738.150    59.878     7.43    4.50
  33116.517    61.338     3.86    7.44
  33494.809    63.820     6.56   10.62
  33873.027    67.127     8.74   10.04
  34251.169    68.378     3.31    7.71
  34629.236    66.593    -4.72    6.42
  35007.229    62.537   -10.73    6.61
  35385.147    57.663   -12.90    5.79
  35762.991    54.184    -9.21    5.83
  36140.759    48.888   -14.02    7.58
  36518.453    43.173   -15.13    7.57
  36896.073    37.809   -14.20    6.88
  37273.618    33.331   -11.86    3.63
  37651.089    31.763    -4.15    1.75
  38028.485    31.759    -0.01    1.40
  38405.807    36.150    11.64    7.82
  38783.054    43.144    18.54   11.31
  39160.227    53.965    28.69   13.97
  39537.326    65.343    30.17   10.56
  39914.351    71.588    16.56    6.89
  40291.302    74.940     8.89    2.61
  40668.178    73.717    -3.24    3.12
  41044.980    70.331    -8.99    4.53
  41421.709    67.775    -6.78    4.70
  41798.363    66.879    -2.38    4.22
  42174.944    69.514     7.00    6.67
  42551.450    73.320    10.11    6.40
  42927.883    74.484     3.09    5.42
  43304.242    72.820    -4.42    6.62
  43680.527    71.502    -3.50    5.98
  44056.738    71.843     0.91    5.69
  44432.876    74.366     6.71    5.48
  44808.940    75.761     3.71    3.98
  45184.931    73.776    -5.28    5.48
  45560.848    71.855    -5.11    5.40
  45936.691    72.116     0.69    5.88
  46312.461    74.879     7.35    6.38
  46688.158    78.200     8.84    4.86
  47063.781    79.087     2.36    4.72
  47439.331    78.556    -1.42    5.15
  47814.807    76.832    -4.59    4.66
  48190.211    75.436    -3.72    3.24
  48565.541    75.239    -0.53    3.00
  48940.798    75.221    -0.05    3.27
  49315.981    75.008    -0.57    3.67
  49691.092    74.048    -2.56    4.59
  50066.130    73.349    -1.86    4.48
  50441.094    73.924     1.53    3.13
  50815.986    73.773    -0.40    2.38
  51190.805    73.518    -0.68    2.31
  51565.551    73.041    -1.27    2.20
  51940.224    73.506     1.24    3.09
  52314.824    77.290    10.10    8.59
  52689.352    84.321    18.77   12.50
  53063.807    94.308    26.67   14.23
  53438.189   103.878    25.56   12.93
  53812.498   112.076    21.90   10.36
  54186.735   115.343     8.73   11.55
  54560.900   114.514    -2.22   12.45
  54934.992   112.616    -5.07   11.93
  55309.011   110.998    -4.33    9.66
  55682.958   115.285    11.46   14.77
  56056.833   126.715    30.57   21.67
  56430.635   141.935    40.71   26.50
  56804.366   162.420    54.81   25.56
  57178.023   178.889    44.07   25.02
  57551.609   195.408    44.22   22.66
  57925.123   207.730    32.99   22.06
  58298.564   210.514     7.46   22.92
  58671.933   201.866   -23.16   29.37
  59045.231   188.438   -35.97   25.77
  59418.456   184.559   -10.39   19.66
  59791.609   191.169    17.71   19.98
  60164.691   198.487    19.62   19.09
  60537.700   202.542    10.87   21.68
  60910.638   203.121     1.55   20.70
  61283.504   200.699    -6.50   19.35
  61656.298   198.544    -5.78   20.81
  62029.021   194.331   -11.30   22.37
  62401.672   191.763    -6.89   21.24
  62774.251   193.746     5.32   21.58
  63146.759   193.400    -0.93   21.55
  63519.195   195.514     5.68   21.64
  63891.559   202.548    18.89   21.97
  64263.852   211.502    24.05   24.47
  64636.074   222.257    28.89   23.42
  65008.224   231.026    23.56   24.20
  65380.304   238.613    20.39   20.60
  65752.311   242.102     9.38   21.08
  66124.248   248.571    17.39   21.26
  66496.113   258.296    26.15   23.19
  66867.907   266.843    22.99   27.23
  67239.630   276.337    25.54   31.97
  67611.282   286.452    27.22   28.21
  67982.863   286.436    -0.04   27.85
  68354.372   278.122   -22.38   32.15
  68725.811   264.913   -35.56   34.76
  69097.179   242.673   -59.88   34.20
  69468.476   229.338   -35.91   31.00
  69839.702   223.378   -16.05   31.21
  70210.858   225.059     4.53   35.50
  70581.942   230.384    14.35   39.79
  70952.956   236.048    15.26   42.79
  71323.899   231.448   -12.40   41.03
  71694.772   226.326   -13.81   38.58
  72065.574   210.099   -43.76   36.29
  72436.305   193.460   -44.88   33.82
  72806.966   176.093   -46.85   29.74
  73177.556   160.096   -43.16   27.71
  73548.076   143.537   -44.69   27.58
  73918.526   129.639   -37.52   24.62
  74288.905   117.941   -31.58   15.89
  74659.214   117.832    -0.29   17.41
  75029.452   120.490     7.18   21.34
  75399.620   129.499    24.34   26.97
  75769.718   137.514    21.66   29.59
  76139.746   147.257    26.33   30.01
  76509.704   157.294    27.13   23.98
  76879.592   161.338    10.93   16.78
  77249.409   162.927     4.30   13.40
  77619.157   159.211   -10.05   15.16
  77988.835   152.638   -17.78   19.14
  78358.442   139.275   -36.15   23.51
  78727.980   126.360   -34.95   23.86
  79097.448   109.502   -45.63   20.03
  79466.846    97.957   -31.25   16.45
  79836.175    88.961   -24.36   10.79
  80205.433    84.832   -11.18   10.09
  80574.622    80.913   -10.61   11.14
  80943.742    77.786    -8.47   11.65
  81312.791    74.436    -9.08   12.11
  81681.772    70.464   -10.77    9.72
  82050.682    67.563    -7.86    6.89
  82419.523    64.878    -7.28    4.17
  82788.295    62.990    -5.12    2.52
  83156.997    63.584     1.61    6.80
  83525.630    72.965    25.45   22.77
  83894.193    98.269    68.65   42.69
  84262.688   126.514    76.65   43.17
  84631.113   145.878    52.55   29.60
  84999.468   151.831    16.16   26.53
  85367.755   140.275   -31.38   31.00
  85735.972   124.622   -42.51   27.58
  86104.120   110.361   -38.74   16.99
  86472.200   106.973    -9.20   11.13
  86840.210   112.960    16.27   15.12
  87208.151   127.553    39.66   22.41
  87576.023   148.564    57.11   25.96
  87943.827   162.717    38.48   25.81
  88311.561   174.058    30.84   22.71
  88679.227   177.533     9.45   18.69
  89046.823   174.744    -7.59   15.44
  89414.352   166.079   -23.58   18.57
  89781.811   153.807   -33.39   16.71
  90149.202   143.692   -27.53   14.46
  90516.524   135.617   -21.98   11.19
  90883.777   128.984   -18.06    9.30
  91250.962   125.820    -8.62    9.81
  91618.078   123.308    -6.84   10.73
  91985.126   121.441    -5.09   11.27
  92352.105   120.085    -3.70   10.83
  92719.016   116.284   -10.36    9.28
  93085.859   112.146   -11.28    6.00
  93452.633   109.727    -6.59    3.34
  93819.339   108.712    -2.77    4.23
  94185.977   107.154    -4.25    4.96
  94552.546   105.599    -4.24    4.63
  94919.047   105.843     0.67    4.98
  95285.481   109.337     9.53    9.15
  95651.846   119.142    26.76   16.47
  96018.143   129.217    27.50   19.64
  96397.412   140.625    30.08   23.54
  96777.819   148.793    21.47   26.03
  97158.151   152.809    10.56   26.61
  97538.409   153.743     2.46   24.26
  97918.592   147.452   -16.55   21.48
  98298.702   138.954   -22.36   20.31
  98678.738   134.832   -10.85   17.51
  99058.699   139.843    13.19   19.33
  99438.587   142.142     6.05   17.49
  99818.401   136.436   -15.02   22.70
 100198.140   124.431   -31.61   24.95
 100577.806   108.878   -40.96   14.81
 100957.399   103.343   -14.58    4.08
 101336.917   104.022     1.79    3.97
 101716.362   104.774     1.98    5.12
 102095.733   106.016     3.27    7.48
 102475.030   106.566     1.45    8.50
 102854.254   109.994     9.04    9.65
 103233.404   117.102    18.74   12.55
 103612.481   127.717    28.00   15.91
 103991.485   137.265    25.19   16.79
 104370.415   145.131    20.76   16.68
 104749.271   149.399    11.27   18.75
 105128.055   154.184    12.63   24.75
 105506.765   154.201     0.05   29.31
 105885.401   148.797   -14.27   28.49
 106263.965   140.473   -21.99   23.23
 106642.455   137.436    -8.02   18.07
 107020.873   146.177    23.10   24.85
 107399.217   155.890    25.67   25.63
 107777.488   164.961    23.98   24.29
 108155.686   162.832    -5.63   25.98
 108533.811   147.690   -40.04   25.94
 108911.864   131.705   -42.28   21.10
 109289.843   119.253   -32.94   11.98
 109667.750   117.727    -4.04    9.90
 110045.584   128.889    29.54   21.28
 110423.345   143.325    38.21   26.84
 110801.033   155.018    30.96   24.95
 111178.649   151.587    -9.08   28.91
 111556.192   132.796   -49.77   39.95
 111933.663   109.808   -60.89   35.17
 112311.061    95.027   -39.16   19.31
 112688.387    92.941    -5.53    9.39
 113065.640   100.099    18.97   12.51
 113442.821   109.843    25.83   13.02
 113819.929   117.935    21.46   12.73
 114196.965   124.331    16.96   14.47
 114573.929   133.332    23.87   17.22
 114950.821   142.404    24.07   18.02
 115327.640   150.223    20.75   15.29
 115704.387   155.374    13.67   13.03
 116081.062   158.680     8.78   11.85
 116457.665   158.481    -0.53   11.69
 116834.196   152.646   -15.50   14.15
 117210.655   144.043   -22.85   15.78
 117587.042   130.131   -36.96   17.73
 117963.357   117.168   -34.44   13.53
 118339.601   109.018   -21.66    8.61
 118715.772   105.443    -9.50    4.97
 119091.872   108.204     7.34    7.31
 119467.900   114.053    15.55   10.13
 119843.856   123.360    24.75   15.16
 120219.741   137.760    38.30   21.61
 120595.553   158.062    54.02   27.75
 120971.295   178.241    53.70   28.90
 121346.965   187.569    24.83   36.04
 121722.563   192.024    11.86   42.66
 122098.090   202.625    28.23   50.18
 122473.545   210.308    20.46   48.16
 122848.929   216.227    15.77   42.62
 123224.242   214.563    -4.43   40.28
 123599.483   199.926   -39.00   42.32
 123974.653   181.561   -48.95   44.87
 124349.752   167.717   -36.90   42.62
 124724.780   166.149    -4.18   43.74
 125099.737   191.655    68.02   56.07
 125474.622   208.470    44.85   50.97
 125849.437   198.855   -25.65   62.57
 126224.180   168.622   -80.67   75.99
 126598.853   131.165   -99.96   71.76
 126973.454    99.384   -84.83   50.69
 127347.985    81.521   -47.69   22.72
 127722.445    77.723   -10.14    8.76
 128096.834    80.541     7.53   11.00
 128471.152    83.948     9.10   14.12
 128845.399    87.069     8.34   17.21
 129219.576    93.605    17.47   19.24
 129593.682    96.355     7.35   19.95
 129967.718    99.677     8.88   20.33
 130341.683   101.617     5.19   20.90
 130715.577    99.960    -4.43   24.36
 131089.401    98.343    -4.32   27.20
 131463.154    97.458    -2.37   29.84
 131836.837    95.018    -6.53   30.96
 132210.450   103.250    22.03   38.86
 132583.992   112.759    25.45   48.89
 132957.464   127.373    39.13   61.00
 133330.866   138.169    28.91   68.53
 133704.197   144.891    18.01   70.68
 134077.459   132.204   -33.99   62.95
 134450.650   116.948   -40.88   49.60
 134823.771   104.058   -34.54   36.67
 135196.822    98.663   -14.46   23.06
 135569.803    96.257    -6.45   12.05
 135942.714   104.699    22.63   11.14
 136315.555   112.420    20.71   11.34
 136688.326   121.006    23.03   13.24
 137061.028   129.302    22.26   15.50
 137433.659   138.036    23.44   15.93
 137806.221   148.149    27.14   17.81
 138178.713   162.141    37.56   26.06
 138551.135   181.200    51.17   36.75
 138923.488   197.255    43.11   41.56
 139295.771   197.700     1.20   43.30
 139667.984   195.770    -5.19   39.49
 140040.128   200.367    12.35   39.29
 140412.202   216.384    43.05   56.21
 140784.207   241.958    68.74   66.48
 141156.142   259.734    47.79   71.32
 141528.008   255.157   -12.31   67.18
 141899.805   231.226   -64.36   54.69
 142271.532   208.611   -60.83   45.54
 142643.190   186.349   -59.89   32.45
 143014.779   178.797   -20.32   25.17
 143386.299   176.957    -4.95   18.05
 143757.749   182.211    14.14   15.80
 144129.130   184.251     5.49   16.57
 144500.443   186.008     4.73   18.52
 144871.686   183.606    -6.47   18.98
 145242.860   183.541    -0.17   18.48
 145613.965   187.168     9.77   21.44
 145985.001   195.773    23.19   25.06
 146355.969   206.056    27.71   23.49
 146726.867   211.192    13.85   22.85
 147097.697   220.535    25.19   25.57
 147468.458   236.396    42.78   28.09
 147839.150   246.572    27.45   28.03
 148209.773   256.280    26.19   34.73
 148580.328   272.554    43.91   40.52
 148950.814   281.284    23.56   41.44
 149321.231   283.538     6.09   38.81
 149691.580   270.220   -35.96   41.67
 150061.861   255.227   -40.49   38.37
 150432.073   241.008   -38.40   32.32
 150802.216   235.289   -15.45   33.34
 151172.292   234.286    -2.71   34.60
 151542.298   223.530   -29.07   41.80
 151912.237   207.482   -43.38   41.29
 152282.107   197.157   -27.91   42.48
 152651.909   191.184   -16.15   43.15
 153021.643   181.712   -25.62   37.13
 153391.308   178.120    -9.72   30.27
 153760.905   176.593    -4.13   20.05
 154130.435   188.621    32.55   24.70
 154499.896   203.797    41.07   26.87
 154869.289   220.534    45.30   28.14
 155238.614   233.031    33.84   24.29
 155607.872   241.931    24.10   24.71
 155977.061   248.620    18.12   27.11
 156346.182   261.299    34.35   27.84
 156715.236   275.796    39.28   30.45
 157084.222   289.731    37.76   34.42
 157453.140   302.808    35.44   32.03
 157821.990   310.115    19.81   31.19
 158190.773   316.111    16.26   29.31
 158559.488   321.415    14.38   35.03
 158928.135   336.631    41.27   40.69
 159296.715   347.769    30.21   37.84
 159665.228   346.361    -3.82   37.73
 160033.672   332.890   -36.56   38.80
 160402.050   306.169   -72.53   37.81
 160770.359   288.361   -48.34   29.69
 161138.602   289.122     2.07   31.54
 161506.777   305.081    43.34   40.61
 161874.885   331.599    72.03   43.85
 162242.925   345.808    38.60   34.43
 162610.899   347.112     3.54   34.73
 162978.805   348.383     3.46   40.39
 163346.644   346.757    -4.42   43.78
 163714.416   352.034    14.35   44.24
 164082.120   355.606     9.71   43.71
 164449.758   337.879   -48.21   44.00
 164817.328   316.843   -57.22   36.22
 165184.832   298.396   -50.19   43.58
 165552.269   278.068   -55.32   44.41
 165919.639   267.641   -28.38   38.13
 166286.941   274.325    18.20   42.40
 166654.177   292.267    48.85   41.23
 167021.347   299.685    20.20   34.33
 167388.449   289.434   -27.92   37.86
 167755.485   264.385   -68.24   42.84
 168122.454   233.795   -83.35   32.56
 168489.356   221.161   -34.43   21.93
 168856.192   228.367    19.64   28.51
 169222.961   249.659    58.05   34.34
 169589.664   266.732    46.55   26.39
 169956.300   260.663   -16.55   35.15
 170322.870   247.818   -35.03   39.14
 170689.373   244.220    -9.82   34.90
 171064.822   248.268    10.78   35.98
 171445.079   269.925    56.94   39.05
 171825.264   281.831    31.31   38.84
 172205.377   283.361     4.02   46.44
 172585.418   264.925   -48.50   61.76
 172965.386   235.937   -76.28   77.22
 173345.283   187.807  -126.68   79.80
 173725.107   140.073  -125.66   55.00
 174104.859   106.867   -87.43   27.58
 174484.539    94.265   -33.19    7.91
 174864.148    93.308    -2.52    5.66
 175243.684    99.090    15.23   13.86
 175623.149   114.134    39.64   24.94
 176002.542   130.618    43.44   28.33
 176381.863   146.446    41.72   26.10
 176761.112   160.970    38.29   23.63
 177140.290   173.655    33.45   23.08
 177519.396   187.767    37.22   27.08
 177898.430   201.784    36.97   28.18
 178277.393   212.995    29.58   30.22
 178656.285   205.448   -19.92   44.96
 179035.105   190.831   -38.58   48.84
 179413.853   176.546   -37.71   37.25
 179792.530   167.051   -25.07   27.11
 180171.136   169.748     7.12   25.23
 180549.670   176.808    18.65   27.80
 180928.133   182.282    14.46   23.70
 181306.525   193.157    28.73   30.92
 181684.846   211.114    47.46   38.79
 182063.095   232.208    55.76   40.43
 182441.273   243.436    29.69   31.87
 182819.381   238.208   -13.82   29.95
 183197.417   223.534   -38.81   33.70
 183575.382   213.996   -25.23   30.57
 183953.277   216.943     7.80   33.91
 184331.100   232.188    40.34   32.02
 184708.852   237.625    14.39   27.86
 185086.534   229.290   -22.07   32.47
 185464.145   223.293   -15.88   33.30
 185841.685   224.355     2.81   35.68
 186219.154   235.907    30.60   38.04
 186596.553   251.360    40.94   41.47
 186973.881   268.868    46.39   47.17
 187351.138   287.307    48.87   37.00
 187728.325   290.880     9.47   35.38
 188105.442   276.326   -38.59   40.04
 188482.487   263.549   -33.88   30.89
 188859.463   267.938    11.64   31.77
 189236.368   284.265    43.31   33.38
 189613.202   301.518    45.78   35.54
 189989.967   315.653    37.51   41.56
 190366.661   317.542     5.01   38.03
 190743.285   304.301   -35.15   36.66
 191119.838   288.132   -42.93   36.79
 191496.322   272.655   -41.10   27.01
 191872.735   270.485    -5.76   22.06
 192249.078   271.984     3.98   21.81
 192625.351   270.620    -3.63   22.25
 193001.554   268.301    -6.16   20.60
 193377.687   267.493    -2.15   18.34
 193753.750   279.736    32.55   27.31
 194129.744   300.361    54.85   33.57
 194505.667   313.526    35.01   29.23
 194881.521   317.993    11.88   26.15
 195257.305   336.193    48.42   42.21
 195633.019   361.241    66.66   57.33
 196008.663   379.973    49.86   47.06
 196384.238   391.956    31.90   37.29
 196759.743   375.974   -42.55   44.34
 197135.178   357.907   -48.11   33.52
 197510.544   347.220   -28.47   38.27
 197885.841   331.704   -41.34   42.62
 198261.068   320.343   -30.27   45.89
 198636.225   305.033   -40.80   37.28
 199011.313   295.343   -25.83   37.30
 199386.332   290.268   -13.53   36.58
 199761.282   285.843   -11.80   35.35
 200136.162   280.718   -13.67   34.53
 200510.973   284.702    10.63   34.51
 200885.715   291.794    18.92   36.09
 201260.387   308.916    45.69   45.18
 201634.991   339.806    82.45   44.73
 202009.525   361.737    58.55   31.58
 202383.990   369.137    19.76   25.64
 202758.387   362.012   -19.03   28.52
 203132.714   365.596     9.57   34.81
 203506.972   385.569    53.36   42.06
 203881.162   400.784    40.65   34.39
 204255.282   395.367   -14.48   37.99
 204629.334   373.981   -57.17   45.62
 205003.317   344.427   -79.01   44.60
 205377.232   318.034   -70.57   36.14
 205751.077   302.843   -40.63   32.32
 206124.854   287.831   -40.16   31.10
 206498.562   280.326   -20.08   33.31
 206872.202   269.132   -29.95   34.74
 207245.773   253.217   -42.60   32.63
 207619.276   235.893   -46.38   26.79
 207992.710   226.193   -25.97   21.51
 208366.075   222.843    -8.97   23.04
 208739.373   233.253    27.88   36.57
 209112.602   239.819    17.59   41.03
 209485.762   238.938    -2.36   40.11
 209858.854   228.028   -29.24   37.95
 210231.879   221.313   -18.00   32.83
 210604.834   211.843   -25.39   26.59
 210977.722   208.653    -8.55   28.33
 211350.541   202.551   -16.36   22.73
 211723.293   196.747   -15.57    6.60
 212095.976   197.988     3.33    7.07
 212468.591   195.631    -6.32   12.30
 212841.139   190.770   -13.05   20.45
 213213.618   181.566   -24.71   26.66
 213586.029   168.795   -34.29   26.39
 213958.373   157.438   -30.50   17.49
 214330.648   152.258   -13.91    8.84
 214702.856   154.711     6.59   11.91
 215074.996   165.986    30.29   21.27
 215447.069   184.236    49.04   31.96
 215819.073   200.065    42.54   34.03
 216191.010   212.581    33.64   32.49
 216562.880   217.714    13.80   29.36
 216934.681   218.629     2.46   25.23
 217306.416   228.781    27.30   33.06
 217678.082   244.379    41.96   41.69
 218049.681   260.546    43.50   44.43
 218421.213   271.105    28.42   46.08
 218792.678   279.193    21.77   45.62
 219164.075   278.831    -0.97   45.93
 219535.404   282.950    11.09   41.62
 219906.667   284.590     4.42   38.50
 220277.862   286.565     5.32   34.02
 220648.990   292.422    15.78   38.49
 221020.050   300.168    20.87   38.08
 221391.044   303.855     9.94   40.44
 221761.970   316.781    34.84   40.69
 222132.830   318.748     5.30   37.38
 222503.622   309.931   -23.78   38.90
 222874.348   307.949    -5.34   38.79
 223245.006   307.830    -0.32   42.15
 223615.597   312.148    11.65   39.66
 223986.122   315.305     8.52   39.56
 224356.580   299.655   -42.24   44.21
 224726.970   276.818   -61.65   41.68
 225097.295   259.891   -45.70   38.84
 225467.552   255.754   -11.17   37.68
 225837.743   254.986    -2.07   31.04
 226207.867   260.907    16.00   29.71
 226577.924   281.941    56.83   31.37
 226947.915   299.677    47.93   25.06
 227317.839   309.596    26.81   25.12
 227687.696   318.356    23.68   26.98
 228057.487   320.916     6.92   33.68
 228427.212   334.769    37.46   43.07
 228796.870   354.153    52.43   47.01
 229166.462   368.356    38.42   46.04
 229535.988   376.048    20.81   46.74
 229905.447   374.988    -2.87   49.37
 230274.840   360.796   -38.41   56.25
 230644.166   348.685   -32.79   57.28
 231013.427   345.046    -9.85   46.82
 231382.621   350.416    14.54   40.67
 231751.749   352.526     5.71   33.49
 232120.811   356.538    10.87   33.68
 232489.807   352.368   -11.30   34.84
 232858.737   348.392   -10.77   34.99
 233227.601   346.609    -4.83   35.36
 233596.399   359.554    35.10   49.91
 233965.131   370.965    30.94   55.68
 234333.797   377.038    16.47   56.54
 234702.397   364.683   -33.51   58.12
 235070.932   346.739   -48.68   62.77
 235439.401   337.356   -25.46   68.82
 235807.804   331.538   -15.79   68.76
 236176.141   319.138   -33.66   53.43
 236544.412   314.655   -12.17   45.73
 236912.618   313.869    -2.13   46.42
 237280.758   322.653    23.86   49.98
 237648.833   326.337    10.01   52.62
 238016.842   329.420     8.38   55.93
 238384.786   334.743    14.47   56.47
 238752.664   345.026    27.95   54.61
 239120.477   361.461    44.67   51.59
 239488.224   381.479    54.42   51.26
 239855.907   392.392    29.68   48.09
 240223.523   401.930    25.94   40.12
 240591.075   392.893   -24.58   44.06
 240958.561   369.770   -62.91   41.68
 241325.982   350.148   -53.39   29.63
 241693.337   341.246   -24.23   17.40
 242060.628   347.748    17.70   15.92
 242427.853   357.954    27.79   12.67
 242795.014   360.974     8.22   10.64
 243162.109   366.282    14.46   11.10
 243529.140   377.572    30.75   17.87
 243896.105   390.210    34.43   24.29
 244263.005   404.129    37.93   38.49
 244629.841   410.112    16.31   48.74
 244996.611   406.675    -9.37   47.59
 245363.317   401.765   -13.38   41.24
 245735.255   405.337     9.60   38.52
 246115.364   418.574    34.82   43.06
 246495.402   448.434    78.55   65.28
 246875.370   479.919    82.85   65.93
 247255.268   498.137    47.95   54.52
 247635.095   501.633     9.20   47.78
 248014.853   491.746   -26.03   40.41
 248394.540   478.263   -35.50   34.67
 248774.157   475.929    -6.15   30.37
 249153.704   477.770     4.85   37.54
 249533.181   455.663   -58.25   54.17
 249912.588   427.794   -73.44   66.46
 250291.925   408.324   -51.32   64.29
 250671.192   389.093   -50.70   64.52
 251050.390   383.666   -14.31   66.13
 251429.517   384.673     2.65   61.20
 251808.575   381.254    -9.02   62.28
 252187.563   379.724    -4.03   61.32
 252566.481   379.279    -1.17   72.11
 252945.330   377.522    -4.64   76.54
 253324.108   362.152   -40.57   73.89
 253702.818   343.561   -49.08   65.54
 254081.458   318.386   -66.47   53.96
 254460.028   302.197   -42.76   51.17
 254838.529   279.929   -58.82   44.62
 255216.960   261.307   -49.20   31.37
 255595.322   246.221   -39.86   22.74
 255973.614   235.893   -27.30   20.36
 256351.837   225.551   -27.34   18.80
 256729.991   218.118   -19.65   16.51
 257108.076   209.808   -21.98   15.83
 257486.091   204.093   -15.11   14.20
 257864.038   202.563    -4.05   15.49
 258241.915   206.337     9.99   24.69
 258619.723   218.937    33.34   37.07
 258997.462   230.728    31.21   41.23
 259375.131   243.380    33.49   41.32
 259752.732   253.919    27.91   40.71
 260130.264   257.549     9.61   37.40
 260507.727   257.967     1.11   38.37
 260885.121   252.806   -13.67   39.15
 261262.447   238.843   -37.00   33.48
 261639.703   231.916   -18.36   26.60
 262016.891   229.551    -6.27   24.84
 262394.010   227.234    -6.14   24.46
 262771.060   225.721    -4.01   25.30
 263148.042   219.697   -15.98   25.64
 263524.955   215.205   -11.92   23.82
 263901.800   210.140   -13.44   20.97
 264278.575   197.621   -33.22   22.24
 264655.283   187.633   -26.51   18.39
 265031.922   181.926   -15.15   14.95
 265408.492   180.368    -4.13   16.00
 265784.995   187.103    17.88   22.91
 266161.428   196.984    26.25   31.15
 266537.794   205.648    23.01   31.20
 266914.091   222.471    44.70   34.77
 267290.320   245.522    61.25   39.64
 267666.481   261.185    41.63   38.46
 268042.573   284.477    61.92   43.15
 268418.598   300.545    42.72   41.10
 268794.554   297.915    -6.99   38.68
 269170.443   290.982   -18.44   43.88
 269546.263   263.880   -72.10   50.35
 269922.015   236.881   -71.84   40.42
 270297.699   222.795   -37.49   32.24
 270673.316   213.721   -24.15   24.94
 271048.865   214.522     2.13   21.53
 271424.345   214.547     0.07   18.40
 271799.758   218.587    10.76   22.10
 272175.103   234.099    41.32   37.91
 272550.381   248.157    37.45   43.38
 272925.591   259.173    29.35   40.15
 273300.733   269.453    27.40   36.98
 273675.807   287.904    49.18   43.40
 274050.814   300.448    33.44   42.63
 274425.754   311.268    28.85   36.85
 274800.625   323.436    32.45   44.94
 275175.430   343.502    53.53   52.37
 275550.167   366.769    62.08   46.65
 275924.836   380.140    35.68   37.11
 276299.439   369.275   -29.00   45.85
 276673.974   347.867   -57.15   50.34
 277048.441   321.248   -71.07   43.23
 277422.842   288.214   -88.21   44.90
 277797.175   261.074   -72.48   47.45
 278171.441   237.355   -63.36   37.65
 278545.640   222.971   -38.43   21.05
 278919.771   228.796    15.56   21.96
 279293.836   247.830    50.87   26.24
 279667.834   270.904    61.68   30.43
 280041.764   286.337    41.26   25.04
 280415.628   289.343     8.04   24.53
 280789.425   293.304    10.59   40.51
 281163.154   289.602    -9.90   50.87
 281536.817   266.651   -61.41   71.22
 281910.414   235.265   -83.99   79.81
 282283.943   201.061   -91.55   58.38
 282657.406   185.673   -41.20   18.10
 283030.802   193.225    20.22   20.75
 283404.131   208.485    40.87   23.54
 283777.393   222.523    37.60   20.81
 284150.590   238.436    42.63   22.00
 284523.719   256.067    47.24   30.42
 284896.782   274.819    50.25   35.69
 285269.778   289.999    40.69   31.69
 285642.708   296.403    17.17   24.68
 286015.572   299.856     9.26   21.53
 286388.369   314.731    39.89   26.91
 286761.100   328.010    35.62   24.73
 287133.764   329.629     4.34   24.95
 287506.363   321.536   -21.72   32.87
 287878.895   305.892   -41.98   35.17
 288251.360   290.574   -41.12   27.26
 288623.760   282.941   -20.49   21.35
 288996.093   278.921   -10.79   16.03
 289368.361   292.034    35.22   26.22
 289740.562   313.612    57.96   32.96
 290112.697   335.596    59.06   43.46
 290484.766   343.742    21.89   48.83
 290856.770   344.542     2.15   51.83
 291228.707   344.818     0.74   50.05
 291600.579   356.720    32.00   56.87
 291972.384   373.561    45.29   57.66
 292344.124   372.319    -3.34   52.04
 292715.798   370.934    -3.73   41.34
 293087.406   377.124    16.65   41.43
 293458.949   393.228    43.33   55.61
 293830.425   422.221    78.03   64.68
 294201.837   468.304   124.04   72.39
 294573.182   511.225   115.55   88.30
 294944.462   542.720    84.81   72.39
 295315.677   536.138   -17.73   70.37
 295686.826   514.583   -58.06   85.56
 296057.909   464.148  -135.88   69.42
