# NaN NaN NaN ;Mean Elev.(m), Avg Gradient(m/km), RMS Gradient(m/km) - SRTM1     
#    7.940  -0.206   7.904 ;Mean Elev.(m), Avg Gradient(m/km), RMS Gradient(m/km) - ASTER GDEM
#    2.319  -1.032   4.061 ;Mean Elev.(m), Avg Gradient(m/km), RMS Gradient(m/km) - GMTED2010 
  7 197.166606  61.952955     6.349     6.273  6 52460.32378425 27.193
  9 197.148691  61.952673     6.626     6.628  3 52530.32376375 20.706
 11 197.161732  61.953857     3.225     3.248  5 52600.32380631 31.418
 12 197.152866  61.952393     3.176     3.182  3 52635.32376450 24.150
 13 197.162854  61.953180     3.588     3.451  5 52670.32377318 15.618
 14 197.158629  61.952825     2.748     2.756  4 52705.32376409 29.859
 15 197.166300  61.951820     2.312     2.291  5 52740.32379846 25.263
 16 197.186299  61.944342     7.595     7.593 11 52775.32374357 47.371
 17 197.151288  61.952063     7.672     7.672  2 52810.32382065 36.989
 18 197.153664  61.952384     6.384     6.452  3 52845.32387663 45.799
 19 197.158778  61.953580     6.767     6.743  4 52880.32391420 38.740
 20 197.179743  61.947576     6.217     6.318 10 52915.32387002 35.768
 22 197.168331  61.951171     3.014     2.990  6 52985.32385407 21.900
 23 197.175158  61.948555     5.850     5.812  8 53020.32384414  8.732
 24 197.161304  61.953225     5.816     5.843  4 53055.32383247  5.777
 25 197.164618  61.952917     7.271     6.947  4 53090.32386984  6.769
 26 197.156752  61.953382     3.538     3.555  4 53125.32384062 36.974
 27 197.154089  61.953314     8.508     8.514  3 53160.32390151 40.483
 28 197.166464  61.952815     6.327     6.295  6 53195.32389764 26.197
 29 197.175323  61.948140     5.908     5.919  8 53230.32388378 26.390
 30 197.180271  61.946956     5.555     5.846  9 53265.32385417 24.331
 31 197.148480  61.951650     4.302     4.302  2 53300.32390314 21.181
 32 197.165436  61.951757     2.677     2.682  5 53335.32387366 32.202
 33 197.183570  61.946464     6.199     6.256 11 53370.32381100 14.659
 35 197.179678  61.946771     7.753     7.699  9 53440.32383192  7.803
 36 197.152968  61.953230     5.363     5.280  3 53475.32389776  6.410
 37 197.161516  61.953804     8.931     8.904  5 53510.32391361 27.576
 38 197.161855  61.953054     8.499     8.456  4 53545.32393002 22.690
 40 197.175329  61.948855     5.719     5.909  9 53615.32385951 24.751
 41 197.158794  61.953906     6.827     6.770  3 53650.32387157 30.931
 42 197.160175  61.953005     4.839     4.846  4 53685.32388125 29.882
 43 197.182432  61.946341     5.754     5.716 10 53720.32380574 10.007
 44 197.160958  61.954400     5.823     5.813  4 53755.32373294  9.227
 45 197.173594  61.949054     6.485     6.605  7 53790.32376079 10.215
 46 197.155695  61.952138     5.547     5.701  3 53825.32371849  3.554
 47 197.155110  61.952534     4.359     3.957  3 53860.32381214 15.855
 49 197.154322  61.952771     7.881     7.876  4 53930.32388381 20.895
 50 197.161784  61.953250     5.818     5.833  4 53965.32386156 26.374
 51 197.150228  61.951867     5.305     5.305  2 54000.32381883 24.435
 52 197.161202  61.953816     5.563     5.503  4 54035.32386202 47.785
 53 197.166834  61.952288     6.329     6.550  6 54070.32385565  8.058
 54 197.178913  61.948466     6.658     6.707  9 54105.32380867  6.321
 55 197.157545  61.952601     6.248     6.092  3 54140.32378817  6.649
 56 197.170827  61.951784     6.475     6.338  7 54175.32378956  6.608
 57 197.156417  61.953598     6.004     5.946  4 54210.32379495 10.154
 58 197.160976  61.954326     5.510     5.524  4 54245.32382553 45.925
 59 197.162762  61.953318     6.796     6.800  5 54280.32383647 47.580
 60 197.167917  61.953035     6.121     6.116  6 54315.32383542 26.965
 61 197.176411  61.947913     6.255     6.241  8 54350.32380273 23.109
 62 197.160079  61.953908     5.636     5.630  4 54385.32377440 19.165
 63 197.171671  61.950663     3.951     3.954  7 54420.32375295 31.702
 64 197.153354  61.953361     3.316     3.334  3 54455.32374643 19.615
 65 197.170324  61.950961     3.288     3.285  6 54490.32375348 26.128
 66 197.160286  61.953604     2.809     2.587  3 54525.32375916 10.461
 67 197.172907  61.949744     6.890     6.633  8 54560.32376216  6.810
 68 197.162918  61.953279     3.230     3.235  4 54595.32375516 37.885
 69 197.163431  61.952701     8.265     8.194  5 54630.32376897 22.865
 70 197.159800  61.955005     6.290     6.307  4 54665.32377607 21.342
 71 197.177972  61.948322     7.149     7.122  9 54700.32374452 23.646
 72 197.154781  61.954046     5.556     5.572  3 54735.32373501 28.341
 73 197.170113  61.950511     4.702     4.709  6 54770.32372524 36.658
 74 197.155277  61.952464     3.850     3.817  3 54805.32372843 17.148
 75 197.166116  61.951370     4.265     4.402  5 54840.32372066 13.189
 76 197.158594  61.953283     6.495     5.772  4 54875.32372914  8.463
 77 197.173266  61.950064     8.747     8.469  8 54910.32372591  8.707
 78 197.156174  61.953074     6.155     6.142  4 54945.32372212  3.553
 79 197.163284  61.952768     9.012     9.077  4 54980.32374832 27.016
 80 197.163631  61.953509     8.123     8.101  5 55015.32375095 37.795
 81 197.166360  61.951558     5.932     6.020  5 55050.32374475 23.682
 82 197.178102  61.948671     6.204     6.090  9 55085.32371046 24.637
 83 197.157541  61.954283     5.941     6.003  3 55120.32367830 22.386
 84 197.169568  61.950525     3.447     3.415  6 55155.32367058 18.569
 85 197.155053  61.953200     3.342     3.377  3 55190.32366767 31.296
 86 197.167224  61.952531     3.859     3.340  5 55225.32367109 19.277
 87 197.162283  61.953802     5.643     5.808  5 55260.32366320 10.246
 88 197.175275  61.948481     6.561     6.345  8 55295.32365616 10.016
 89 197.161995  61.952778     5.597     5.547  4 55330.32364468 34.747
 90 197.169388  61.952306     6.281     6.320  6 55365.32363794 23.427
 91 197.156429  61.952687     6.148     6.076  4 55400.32365014 20.851
 92 197.169014  61.951582     7.205     7.062  6 55435.32365471 46.783
 93 197.182727  61.945386     6.473     6.532 10 55470.32360648 20.112
