# NaN NaN NaN ;Mean Elev.(m), Avg Gradient(m/km), RMS Gradient(m/km) - SRTM1     
#   66.441 -22.400 129.459 ;Mean Elev.(m), Avg Gradient(m/km), RMS Gradient(m/km) - ASTER GDEM
#   48.006 -22.823 130.507 ;Mean Elev.(m), Avg Gradient(m/km), RMS Gradient(m/km) - GMTED2010 
  8 206.024626  65.039652    52.797    52.840  3 52498.89646966 22.501
 10 206.036216  65.038569    51.712    51.796  3 52568.89648499 39.101
 11 206.020786  65.040424    51.363    51.363  2 52603.89647318 20.243
 12 206.038378  65.038839    51.522    51.705  3 52638.89645108 18.152
 13 206.024161  65.039285    50.340    50.340  2 52673.89644886 10.815
 14 206.037991  65.039413    56.442    56.811  3 52708.89646066  2.850
 18 206.039025  65.038123    53.556    53.510  4 52848.89656338 43.301
 19 206.027228  65.040211    52.607    52.607  2 52883.89659911 24.853
 20 206.023656  65.040304    52.464    52.464  2 52918.89655571 19.013
 21 206.047464  65.038262    50.601    49.673  4 52953.89651829 30.243
 22 206.040522  65.037935    50.779    50.796  4 52988.89652589 15.636
 23 206.029512  65.038937    50.759    50.829  3 53023.89651289  7.770
 24 206.041740  65.038185    50.401    50.426  4 53058.89650868  6.864
 25 206.012721  65.039899    50.737    50.705  3 53093.89654709  4.398
 26 206.044928  65.040297    52.621    52.634  4 53128.89651753 31.375
 28 206.031142  65.038106    53.133    53.172  3 53198.89658644 44.740
 29 206.034194  65.039682    54.097    53.430  3 53233.89655723 43.248
 30 206.014029  65.041542    51.723    51.618  3 53268.89652475 40.448
 31 206.030799  65.039233    50.360    50.345  3 53303.89658448 41.537
 32 206.025615  65.040215    50.826    50.744  3 53338.89655358 11.597
 33 206.019387  65.040895    51.564    51.564  2 53373.89648616  6.060
 34 206.037047  65.038736    52.116    51.735  3 53408.89652710  4.879
 35 206.016798  65.041590    51.689    51.832  3 53443.89651108 10.880
 36 206.031665  65.039859    54.213    53.940  3 53478.89658759  1.812
 37 206.030556  65.039887    54.656    54.675  3 53513.89659612 21.619
 38 206.021531  65.040090    53.822    53.822  2 53548.89661495 48.559
 39 206.026494  65.039885    52.960    52.911  3 53583.89657952 43.926
 40 206.012079  65.040657    53.677    52.238  3 53618.89653618 44.454
 41 206.035146  65.038784    52.859    52.899  3 53653.89655967 13.712
 42 206.025511  65.039800    49.027    48.978  3 53688.89655721 25.786
 43 206.018377  65.040254    51.466    51.484  3 53723.89648203 12.738
 44 206.048334  65.038809    49.519    49.555  4 53758.89642124 13.560
 45 206.028255  65.039194    49.923    49.923  2 53793.89644231 10.825
 46 206.048119  65.038778    50.558    50.523  5 53828.89641466  6.874
 47 206.034138  65.038957    51.381    51.431  3 53863.89649661 25.532
 48 206.032544  65.038755    55.573    56.384  3 53898.89652113 44.579
 49 206.021108  65.041100    53.452    53.452  2 53933.89656593 15.982
 50 206.019705  65.039854    53.084    53.084  2 53968.89653763 16.291
 51 206.048886  65.039160    51.706    51.669  4 54003.89650834 22.370
 52 206.038417  65.038577    51.200    51.254  4 54038.89654273 40.725
 53 206.029447  65.040282    50.580    50.536  3 54073.89653728 22.724
 54 206.012241  65.039517    49.488    49.499  3 54108.89648410 13.450
 55 206.037172  65.039087    49.397    49.329  3 54143.89647413 10.181
 56 206.019656  65.040896    50.278    50.278  2 54178.89646785  6.717
 57 206.036053  65.040631    51.222    51.222  2 54213.89648154 26.087
 58 206.032424  65.039179    52.576    52.533  3 54248.89650983 13.306
 59 206.030074  65.039669    54.756    54.756  2 54283.89651808 44.164
 60 206.030788  65.040561    53.368    53.577  3 54318.89651556 12.724
 61 206.021615  65.040585    52.110    52.110  2 54353.89647973 46.143
 62 206.032614  65.039215    51.113    51.217  3 54388.89645588 41.559
 63 206.024889  65.040383    50.956    50.956  2 54423.89642963 15.429
 64 206.040282  65.038747    49.877    49.789  3 54458.89643074 15.294
 65 206.025468  65.039867    51.041    51.041  2 54493.89643391  7.912
 66 206.038432  65.039747    50.915    50.778  4 54528.89644342  5.883
 67 206.020146  65.040734    50.989    51.113  3 54563.89644095  7.378
 68 206.031340  65.039257    55.766    55.776  3 54598.89643912 30.775
 69 206.030194  65.040211    52.923    52.881  3 54633.89645192 13.561
 70 206.026957  65.039350    53.701    53.701  2 54668.89645711 15.108
 71 206.023077  65.039795    54.054    54.054  2 54703.89642143 44.635
 73 206.026160  65.040201    51.042    51.042  2 54773.89640261 29.351
 74 206.039814  65.039312    50.382    50.404  4 54808.89641236 16.109
 75 206.026520  65.040335    50.678    50.613  3 54843.89640032  8.286
 76 206.033170  65.039987    52.393    52.416  3 54878.89641561  5.045
 77 206.018458  65.039912    52.659    52.659  2 54913.89640485  1.932
 78 206.031660  65.038543    51.073    51.317  3 54948.89640797 20.637
 79 206.030852  65.040597    55.107    54.912  3 54983.89643289 45.365
 80 206.030988  65.040243    53.870    53.921  3 55018.89642982 45.224
 82 206.019987  65.040921    52.341    52.341  2 55088.89638704 45.442
 83 206.035530  65.038896    51.448    51.373  3 55123.89636271 44.204
 84 206.024323  65.041279    49.404    49.404  2 55158.89634787 17.971
 85 206.039711  65.039360    50.016    50.021  3 55193.89635235 13.375
 86 206.021505  65.040649    50.417    50.417  2 55228.89635006 10.653
 87 206.032737  65.039379    50.102    50.145  3 55263.89634797  8.967
 88 206.021896  65.040501    50.894    50.894  2 55298.89633307  9.980
 89 206.026426  65.039301    52.038    51.960  3 55333.89632591 45.064
 90 206.027726  65.039224    54.000    54.000  2 55368.89631741 31.681
 91 206.037362  65.038874    53.505    53.428  3 55403.89633351 37.171
 92 206.027951  65.040408    53.015    53.015  2 55438.89633526 19.031
 93 206.019076  65.039550    51.398    51.398  2 55473.89628285 44.878
