# NaN NaN NaN ;Mean Elev.(m), Avg Gradient(m/km), RMS Gradient(m/km) - SRTM1     
#   50.484 -29.740  46.226 ;Mean Elev.(m), Avg Gradient(m/km), RMS Gradient(m/km) - ASTER GDEM
#   44.157 -31.752  65.066 ;Mean Elev.(m), Avg Gradient(m/km), RMS Gradient(m/km) - GMTED2010 
  7 205.164058  64.892428    56.601    56.601  2 52447.89852621  9.028
  8 205.173130  64.901499    50.977    51.190  3 52482.89851318 41.613
  9 205.163842  64.893387    51.850    50.795  3 52517.89847193 38.941
 10 205.185017  64.900877    53.077    52.527  9 52552.89851962 20.265
 11 205.178556  64.900442    49.743    49.819  8 52587.89849934 33.961
 13 205.184106  64.900535    47.323    47.256  9 52657.89847091 15.557
 15 205.182439  64.899867    47.816    47.619  9 52727.89849370  6.408
 16 205.149363  64.892407    47.722    47.736  4 52762.89850934 31.459
 17 205.202168  64.904711    58.187    58.151  7 52797.89847390 21.742
 18 205.199289  64.902586    54.883    54.578  8 52832.89854537 15.928
 19 205.189985  64.900225    54.328    53.415  9 52867.89858876 14.934
 20 205.171544  64.897602    52.778    52.146  6 52902.89860678 19.916
 21 205.155000  64.892388    47.911    48.716  3 52937.89854629 27.831
 22 205.183047  64.899762    47.687    47.552  9 52972.89857708 20.111
 23 205.166633  64.894305    46.584    46.457  5 53007.89858798 14.258
 24 205.188980  64.900087    52.744    52.871  9 53042.89854234  7.537
 25 205.161842  64.891662    47.592    47.541  3 53077.89857795  9.172
 26 205.187447  64.901844    50.316    49.493  9 53112.89854570 20.311
 28 205.186225  64.900630    52.568    52.383  9 53182.89859067 40.717
 29 205.177489  64.900827    54.859    54.024  7 53217.89861501 17.313
 30 205.154526  64.892002    51.323    51.470  4 53252.89859508 21.780
 31 205.185276  64.900328    52.045    50.918  9 53287.89859271 19.278
 32 205.187672  64.901336   378.271   378.403  9 53322.89856843 14.920
 33 205.168237  64.893612    52.855    52.776  4 53357.89853550 10.878
 34 205.190427  64.901039    53.665    53.913  9 53392.89854884  9.125
 35 205.184999  64.910145    52.191    52.191  2 53427.89854214 12.590
 36 205.193932  64.900311    53.172    53.054 10 53462.89856167 10.616
 37 205.168824  64.894928    52.572    52.245  5 53497.89863502 45.465
 39 205.162416  64.893564    53.454    52.954  3 53567.89863663 14.785
 40 205.162267  64.892810    49.544    49.266  3 53602.89858203 21.107
 41 205.180526  64.894040    58.819    58.741  5 53637.89857929 17.340
 42 205.173809  64.897899    48.829    48.917  6 53672.89859944 35.461
 43 205.169707  64.894981    47.636    47.476  5 53707.89853159 26.809
 44 205.153709  64.891096    47.197    46.888  3 53742.89844402 13.431
 45 205.187696  64.901184    47.272    47.266  9 53777.89846764 12.171
 46 205.155747  64.890937    47.854    47.820  3 53812.89844616  8.264
 47 205.186526  64.901091    48.357    48.340  9 53847.89849838  4.229
 49 205.163151  64.891923    52.937    53.305  3 53917.89858234 18.476
 50 205.160170  64.892163    51.924    51.258  4 53952.89858596 37.292
 52 205.189969  64.900272    55.412    55.546 10 54022.89856309 29.344
 53 205.189112  64.900836    47.415    47.340  9 54057.89855554 19.760
 54 205.160242  64.892072    47.717    47.821  3 54092.89853911 19.285
 55 205.195871  64.901267    47.071    46.971 10 54127.89847266 15.107
 56 205.171819  64.897156    52.330    53.032  6 54162.89850710  8.942
 57 205.189131  64.900370    49.273    49.267 10 54197.89847554  9.722
 58 205.189442  64.906129    52.049    52.306  6 54232.89851826 22.874
 59 205.181192  64.901265    52.788    52.815  8 54267.89853802 12.371
 60 205.181820  64.901759    51.517    51.357  8 54302.89854198 39.741
 61 205.169886  64.895273    50.184    49.762  5 54337.89852928 41.588
 62 205.188415  64.901930    52.880    53.101  9 54372.89847489 19.653
 63 205.180221  64.904448    47.650    47.671  4 54407.89847279 37.295
 64 205.200824  64.905615    47.468    47.433  6 54442.89843430 12.928
 65 205.181596  64.901208    47.060    47.059  8 54477.89846240 12.180
 66 205.194112  64.900715    47.628    47.507 10 54512.89845060 11.687
 67 205.172195  64.897953    47.709    46.508  6 54547.89847703 11.555
 68 205.183723  64.900890    49.117    49.097  9 54582.89844635 10.856
 69 205.181626  64.900710    52.290    51.644  9 54617.89846712 41.249
 70 205.177016  64.899131    51.390    50.921  7 54652.89847963 24.971
 71 205.169076  64.895710    51.657    51.451  5 54687.89847016 44.027
 72 205.193505  64.899973    51.764    51.118  9 54722.89842618 17.348
 73 205.174040  64.897408    47.785    47.917  6 54757.89844547 41.178
 74 205.192453  64.900139    47.571    47.717  9 54792.89841979 25.689
 75 205.182380  64.900635    47.672    46.820  9 54827.89844259 13.271
 76 205.190989  64.900564    50.475    50.623 10 54862.89841372  5.032
 77 205.170382  64.896294    50.507    50.669  6 54897.89844391  5.841
 78 205.187335  64.901259    48.400    48.423  9 54932.89840875 10.073
 79 205.180782  64.900805    51.134    50.860  8 54967.89844350 49.741
 80 205.174274  64.896993    52.485    51.849  6 55002.89846440 37.562
 81 205.181384  64.900983    52.242    52.352  9 55037.89845007 39.055
 82 205.170140  64.898236    51.131    49.506  4 55072.89843679 25.373
 83 205.190663  64.901328    48.780    48.221  9 55107.89838211 31.471
 84 205.171026  64.896091    52.020    50.486  6 55142.89838852 27.630
 85 205.197008  64.902114    46.961    46.937  9 55177.89835361 18.214
 86 205.179334  64.901164    46.246    46.209  9 55212.89838190 14.162
 87 205.188303  64.900533    48.061    48.165 10 55247.89835550 11.110
 88 205.169720  64.896261    47.459    47.394  5 55282.89837677  9.165
 89 205.178075  64.900700    48.836    47.764  7 55317.89834508 27.391
 90 205.172166  64.896581    52.210    51.737  6 55352.89834916 41.219
 91 205.188885  64.900892    51.376    50.548  9 55387.89834483 32.003
