-241280.070   497.022     0.00  102.84
-240909.736   443.630  -144.14   93.67
-240539.339   386.800  -153.40   53.89
-240168.880   360.075   -72.13   34.80
-239798.359   340.986   -51.51   23.37
-239427.776   333.377   -20.53   24.04
-239057.131   327.481   -15.90   26.26
-238686.423   322.329   -13.89   31.28
-238315.653   319.923    -6.49   36.95
-237944.820   317.962    -5.29   42.24
-237573.925   315.154    -7.57   45.69
-237202.968   306.769   -22.60   45.57
-236831.948   294.513   -33.03   44.10
-236460.866   283.299   -30.21   39.02
-236089.721   275.434   -21.19   33.49
-235718.513   269.475   -16.05   33.41
-235347.243   267.143    -6.28   34.80
-234975.910   263.456    -9.93   34.73
-234604.515   260.628    -7.61   33.79
-234233.057   258.887    -4.69   34.35
-233861.536   257.924    -2.59   33.02
-233489.952   254.844    -8.29   29.50
-233118.306   252.195    -7.13   28.84
-232746.597   247.675   -12.16   29.11
-232374.825   248.718     2.80   27.85
-232002.990   262.359    36.68   41.10
-231631.092   306.663   119.11   77.90
-231259.131   366.675   161.31  105.93
-230887.107   396.418    79.93   95.76
-230515.020   370.671   -69.18  117.23
-230142.871   304.052  -178.98  122.62
-229770.658   244.935  -158.79   75.84
-229398.382   220.753   -64.94   26.33
-229026.042   242.012    57.09   39.98
-228653.640   277.175    94.40   46.17
-228281.174   315.734   103.50   50.42
-227908.645   366.649   136.65   58.28
-227536.053   415.299   130.55   64.41
-227163.398   481.938   178.79   79.56
-226790.679   552.039   188.05   88.42
-226417.897   647.000   254.69  111.88
-226045.051   726.354   212.79  101.84
-225672.142   774.038   127.85   68.81
-225299.169   771.506    -6.79   71.69
-224926.133   722.200  -132.15   82.43
-224553.034   667.842  -145.67   78.57
-224179.871   616.900  -136.49   74.44
-223806.644   563.267  -143.67   65.67
-223433.353   511.570  -138.46   58.32
-223059.999   472.987  -103.32   51.91
-222686.582   436.137   -98.66   43.60
-222313.100   406.068   -80.50   39.01
-221939.555   378.413   -74.02   34.54
-221565.946   353.257   -67.32   32.96
-221192.273   329.925   -62.43   31.23
-220818.536   306.947   -61.47   26.51
-220444.735   295.675   -30.15   25.24
-220070.871   284.946   -28.69   30.49
-219696.942   282.988    -5.24   30.80
-219322.949   280.461    -6.76   32.52
-218948.893   281.725     3.38   30.61
-218574.772   301.347    52.44   45.26
-218200.587   333.785    86.67   63.10
-217826.338   359.101    67.63   55.79
-217452.025   357.975    -3.01   65.12
-217077.648   332.103   -69.09   74.63
-216703.206   297.137   -93.36   56.39
-216328.700   281.545   -41.63   31.70
-215954.130   299.692    48.44   45.71
-215579.496   333.462    90.13   65.81
-215204.797   365.296    84.94   87.21
-214830.034   384.637    51.60   94.49
-214455.206   376.403   -21.97   90.24
-214080.314   358.950   -46.55   79.13
-213705.357   344.026   -39.79   63.00
-213330.336   335.228   -23.46   44.66
-212955.250   325.744   -25.28   31.18
-212580.100   313.582   -32.41   25.89
-212204.885   307.803   -15.40   27.37
-211829.605   315.025    19.24   41.44
-211454.261   323.541    22.68   52.07
-211078.852   342.889    51.53   72.86
-210703.378   368.824    69.06   98.36
-210327.840   388.550    52.52  122.03
-209952.236   391.987     9.15  124.49
-209576.568   391.212    -2.06  110.19
-209200.834   368.000   -61.77   94.30
-208825.036   321.962  -122.48   91.35
-208449.173   276.623  -120.61   95.18
-208073.245   226.367  -133.66   69.28
-207697.252   185.937  -107.51   37.81
-207321.193   170.988   -39.75   30.45
-206945.070   161.475   -25.29   27.89
-206568.881   149.551   -31.69   26.22
-206192.627   134.688   -39.50   23.87
-205816.308   124.949   -25.87   20.74
-205439.924   116.603   -22.17   19.15
-205063.475   109.810   -18.04   20.13
-204686.960    96.620   -35.03   24.01
-204310.380    83.227   -35.56   21.14
-203933.734    81.588    -4.35   22.41
-203557.023    88.240    17.66   30.57
-203180.247   120.637    85.97   52.03
-202803.405   146.803    69.42   49.62
-202426.498   170.221    62.12   54.16
-202049.525   202.360    85.24   50.12
-201672.486   208.287    15.72   49.31
-201295.382   204.592    -9.80   49.27
-200918.212   184.450   -53.39   56.59
-200540.977   137.321  -124.91   56.99
-200163.675   100.975   -96.31   44.23
-199786.308    85.815   -40.17   47.51
-199408.875    74.450   -30.11   56.32
-199031.377    61.557   -34.15   62.33
-198653.812    45.013   -43.81   54.79
-198276.182    23.212   -57.72   20.64
-197898.486    17.833   -14.24    4.38
-197520.723    22.152    11.43    8.06
-197142.895    29.587    19.67   12.07
-196765.001    40.050    27.68   14.80
-196387.040    49.324    24.53   12.99
-196009.014    58.600    24.53   14.36
-195630.921    71.684    34.60   23.81
-195252.762    99.797    74.33   48.95
-194874.537   153.089   140.88   81.31
-194496.246   201.101   126.90   82.09
-194117.888   240.551   104.25   63.78
-193739.464   260.519    52.76   48.59
-193360.974   270.808    27.18   50.85
-192982.417   284.785    36.92   62.41
-192603.794   287.432     6.99   61.92
-192225.105   272.114   -40.44   65.17
-191846.349   242.650   -77.78   65.67
-191467.526   212.760   -78.89   41.32
-191088.637   209.312    -9.10   39.97
-190709.681   203.027   -16.58   45.89
-190330.659   187.481   -41.01   47.95
-189951.570   174.911   -33.15   37.56
-189572.414   195.450    54.16   51.31
-189193.191   230.052    91.23   55.43
-188813.902   238.275    21.68   53.33
-188434.546   228.582   -25.55   61.35
-188055.123   212.512   -42.35   59.02
-187675.633   205.827   -17.61   43.80
-187296.077   234.692    76.04   55.34
-186916.453   276.438   109.95   47.27
-186536.762   298.365    57.74   37.38
-186157.004   298.387     0.06   29.99
-185777.180   286.250   -31.95   28.38
-185406.336   277.000   -24.94   27.17
-185039.322   275.474    -4.16   35.92
-184672.245   283.887    22.92   48.07
-184305.107   295.120    30.59   53.98
-183937.906   310.370    41.53   51.55
-183570.643   341.120    83.71   69.65
-183203.318   370.835    80.88   76.06
-182835.930   401.924    84.61   85.15
-182468.481   403.037     3.03   94.78
-182100.969   381.545   -58.47   92.08
-181733.394   370.988   -28.72   84.93
-181365.758   360.910   -27.41   80.57
-180998.059   338.988   -59.61   74.77
-180630.297   335.075   -10.64   64.88
-180262.473   357.812    61.81   74.12
-179894.586   389.974    87.41   60.82
-179526.637   401.423    31.11   31.88
-179158.626   387.114   -38.88   34.44
-178790.552   362.148   -67.82   30.37
-178422.415   343.617   -50.33   25.94
-178054.215   329.076   -39.49   25.02
-177685.953   319.450   -26.14   23.54
-177317.628   306.128   -36.16   22.03
-176949.240   294.810   -30.72   22.93
-176580.790   278.785   -43.49   21.88
-176212.277   265.207   -36.84   21.87
-175843.701   253.628   -31.41   16.89
-175475.062   243.887   -26.42   14.65
-175106.360   234.974   -24.17   13.81
-174737.595   226.775   -22.23   12.79
-174368.767   217.859   -24.17   10.79
-173999.876   211.938   -16.05   11.84
-173630.922   205.158   -18.37   12.14
-173261.905   198.556   -17.89   13.54
-172892.825   191.027   -20.40   15.65
-172523.681   181.074   -26.96   17.94
-172154.475   178.197    -7.79   24.49
-171785.205   191.387    35.71   39.46
-171415.872   206.053    39.70   43.40
-171046.476   225.637    53.01   37.37
-170677.017   232.987    19.89   27.52
-170307.494   218.012   -40.52   32.31
-169937.908   200.263   -48.02   32.90
-169568.258   179.463   -56.26   29.70
-169198.545   160.933   -50.11   20.50
-168828.768   153.827   -19.21   18.00
-168458.928   151.453    -6.42   19.56
-168089.024   158.232    18.32   29.91
-167719.057   164.286    16.36   33.25
-167349.026   175.725    30.91   35.64
-166978.932   186.844    30.04   37.93
-166608.774   193.350    17.57   37.83
-166238.552   191.286    -5.58   34.55
-165868.266   188.926    -6.37   25.23
-165497.917   194.354    14.66   25.41
-165127.504   227.488    89.44   59.20
-164757.027   278.513   137.71   80.47
-164386.486   321.938   117.18   69.89
-164015.881   358.169    97.75   59.61
-163645.213   381.262    62.29   57.60
-163274.480   378.329    -7.91   64.24
-162903.683   348.925   -79.29   66.37
-162532.823   310.577  -103.39   57.26
-162161.898   265.850  -120.57   36.46
-161790.909   239.410   -71.26   23.46
-161419.856   220.688   -50.45   18.84
-161048.739   207.785   -34.76   13.90
-160677.557   198.338   -25.45    9.82
-160306.312   190.872   -20.11   10.49
-159935.002   184.562   -16.99   12.12
-159563.627   177.899   -17.94   13.08
-159192.189   174.642    -8.77   12.56
-158820.686   176.962     6.24   15.65
-158449.118   185.575    23.18   20.11
-158077.487   196.064    28.22   24.43
-157705.790   206.325    27.60   22.95
-157334.030   210.203    10.43   22.24
-156962.204   201.337   -23.84   27.75
-156590.314   185.013   -43.89   31.33
-156218.360   164.025   -56.42   28.95
-155846.341   148.143   -42.69   23.44
-155474.257   134.188   -37.50   16.59
-155102.108   124.734   -25.40   11.42
-154729.895   117.543   -19.32    8.48
-154357.617   112.603   -13.27    7.09
-153985.274   117.000    11.81   17.65
-153612.866   126.701    26.05   28.49
-153240.394   131.580    13.10   30.02
-152867.856   140.857    24.90   28.19
-152495.254   147.683    18.32   30.14
-152122.586   153.948    16.81   35.69
-151749.854   157.938    10.70   35.26
-151377.056   150.760   -19.25   35.92
-151004.193   134.185   -44.45   33.13
-150631.266   116.688   -46.91   22.18
-150258.273   110.037   -17.83   18.27
-149885.215   102.865   -19.22   12.60
-149512.091    98.098   -12.78   12.03
-149138.903    93.027   -13.59   10.52
-148765.649    91.951    -2.88   13.90
-148392.330   100.403    22.64   28.18
-148018.945   112.765    33.11   31.64
-147645.495   121.800    24.19   27.47
-147271.980   119.296    -6.70   24.11
-146898.399   111.421   -21.08   25.72
-146524.752   105.195   -16.66   27.01
-146151.040    94.795   -27.83   26.40
-145777.263    84.457   -27.66   21.95
-145403.420    76.103   -22.34   15.54
-145029.511    69.148   -18.60    6.04
-144655.537    66.241    -7.77    2.38
-144281.497    64.699    -4.12    2.31
-143907.391    63.038    -4.44    2.10
-143533.219    62.025    -2.71    1.28
-143158.982    62.062     0.10    1.34
-142784.678    63.173     2.97    1.81
-142410.309    65.519     6.27    4.02
-142035.874    75.346    26.24   17.80
-141661.373    89.468    37.71   27.14
-141286.806   105.150    41.86   32.73
-140912.173   125.506    54.33   31.66
-140537.474   131.679    16.47   26.09
-140162.709   127.580   -10.94   23.04
-139787.877   120.287   -19.45   19.33
-139412.980   112.438   -20.94   11.79
-139038.016   112.165    -0.73   10.69
-138662.986   118.756    17.57   14.97
-138287.890   127.595    23.56   15.40
-137912.727   139.738    32.36   16.93
-137537.498   155.244    41.32   24.95
-137162.203   181.537    70.05   41.01
-136786.842   214.848    88.73   50.62
-136411.414   231.598    44.61   41.94
-136035.919   237.416    15.49   36.31
-135660.358   232.085   -14.19   30.92
-135284.730   217.118   -39.84   21.88
-134909.036   216.296    -2.19   22.40
-134533.275   220.597    11.45   23.16
-134157.448   223.247     7.05   23.38
-133781.553   217.500   -15.29   30.51
-133405.593   198.675   -50.07   38.20
-133029.565   173.205   -67.73   32.77
-132653.470   154.524   -49.66   21.66
-132277.309   142.329   -32.42   16.44
-131901.081   134.162   -21.70   12.85
-131524.786   125.430   -23.20   10.67
-131148.424   118.247   -19.08   11.26
-130771.995   109.293   -23.78   10.91
-130395.499   104.259   -13.37    9.16
-130018.935   102.753    -4.00    9.68
-129642.305   109.646    18.30   19.04
-129265.608   132.062    59.50   34.11
-128888.843   152.738    54.87   34.03
-128512.012   170.651    47.53   29.44
-128135.113   188.835    48.24   38.63
-127758.147   221.543    86.76   58.53
-127381.113   258.447    97.87   53.04
-127004.012   282.049    62.58   38.88
-126626.844   288.141    16.15   37.97
-126249.609   282.012   -16.24   41.00
-125872.305   267.133   -39.43   42.29
-125494.935   251.000   -42.75   39.19
-125117.497   226.675   -64.44   41.38
-124739.991   198.241   -75.31   38.75
-124362.418   170.975   -72.21   39.58
-123984.777   144.938   -68.94   34.24
-123607.069   120.506   -64.68   20.83
-123229.292   106.025   -38.33   13.66
-122851.448    97.259   -23.20    9.98
-122473.537    93.679    -9.47    8.52
-122095.557    92.568    -2.94   10.71
-121717.510    91.397    -3.10   13.25
-121339.394    88.099    -8.72   14.07
-120961.211    87.139    -2.54   13.11
-120582.960    90.373     8.55   15.74
-120204.641    97.961    20.05   21.36
-119826.254   112.549    38.55   23.44
-119447.798   127.364    39.14   21.52
-119069.275   130.341     7.87   17.95
-118690.684   122.397   -20.98   22.93
-118312.024   105.951   -43.43   28.90
-117933.296    83.177   -60.13   27.82
-117554.500    64.951   -48.11   23.61
-117175.635    57.099   -20.72   18.82
-116796.702    69.630    33.07   33.01
-116417.701    96.728    71.49   42.03
-116038.632   121.089    64.26   30.41
-115659.494   127.086    15.82   24.83
-115280.287   110.899   -42.68   36.43
-114901.012    83.735   -71.61   34.18
-114521.669    60.909   -60.17   19.88
-114142.257    50.073   -28.56    8.38
-113762.776    48.506    -4.13    6.16
-113383.226    56.145    20.12   16.16
-113003.608    68.577    32.75   21.19
-112623.921    81.630    34.37   22.49
-112244.166    93.165    30.37   20.14
-111864.341   101.566    22.12   20.91
-111484.448   115.580    36.89   24.02
-111104.486   131.622    42.22   22.16
-110729.937   150.780    51.15   21.63
-110363.122   158.101    19.96   17.98
-109996.242   151.272   -18.61   25.66
-109629.300   132.854   -50.19   34.39
-109262.293   108.802   -65.53   29.72
-108895.223    92.506   -44.39   19.17
-108528.089    84.051   -23.03   10.17
-108160.891    86.086     5.54   10.38
-107793.629    91.835    15.65   14.23
-107426.304    98.470    18.06   16.44
-107058.915   108.455    27.17   22.62
-106691.461   124.707    44.23   27.92
-106323.944   139.816    41.11   20.68
-105956.363   143.541    10.13   13.93
-105588.717   141.961    -4.30   13.67
-105221.008   136.146   -15.81   14.29
-104853.235   129.750   -17.39   14.04
-104485.397   126.854    -7.87   14.03
-104117.495   124.886    -5.35   15.71
-103749.529   123.099    -4.86   15.69
-103381.499   128.000    13.32   14.85
-103013.405   132.333    11.77   14.64
-102645.246   137.620    14.36   17.92
-102277.023   137.841     0.60   20.56
-101908.736   127.963   -26.82   23.33
-101540.384   110.762   -46.69   24.97
-101171.968   102.309   -22.94   20.91
-100803.487    96.585   -15.53   13.07
-100434.942    95.256    -3.61   14.40
-100066.332    96.037     2.12   15.87
 -99697.658    97.062     2.78   14.79
 -99328.919    95.284    -4.82   12.06
 -98960.116    95.366     0.22   11.66
 -98591.247    99.519    11.26   12.75
 -98222.315   104.111    12.45   13.08
 -97853.317   110.012    15.99   12.72
 -97484.255   110.506     1.34   16.52
 -97115.127   108.241    -6.14   19.66
 -96745.935   102.683   -15.05   21.34
 -96376.678    93.872   -23.86   19.28
 -96007.357    89.951   -10.61   17.12
 -95637.970    89.949    -0.01   15.69
 -95268.518    96.048    16.51   16.50
 -94899.001   100.234    11.33   14.17
 -94529.420    98.415    -4.92   15.03
 -94159.773    93.763   -12.58   15.00
 -93790.061    88.553   -14.09   15.25
 -93420.283    86.513    -5.52   17.07
 -93050.441    86.268    -0.66   16.54
 -92680.534    81.592   -12.64   13.94
 -92310.561    74.531   -19.08   14.45
 -91940.523    70.351   -11.30   11.74
 -91570.419    74.951    12.43   13.68
 -91200.251    83.208    22.30   14.64
 -90830.016    90.354    19.30   15.15
 -90459.717    95.747    14.56   18.79
 -90089.352    96.750     2.71   19.94
 -89718.921    98.900     5.80   21.12
 -89348.425   105.667    18.26   24.65
 -88977.863   114.136    22.85   25.98
 -88607.236   123.635    25.63   23.43
 -88236.543   133.963    27.86   23.22
 -87865.785   150.272    43.98   25.81
 -87494.960   163.412    35.43   22.06
 -87124.070   170.422    18.90   18.85
 -86753.115   172.241     4.90   18.26
 -86382.093   168.805    -9.26   16.91
 -86011.006   169.762     2.58   16.13
 -85639.852   174.000    11.42   14.37
 -85268.633   172.747    -3.38   14.50
 -84897.348   163.614   -24.59   21.38
 -84525.997   155.086   -22.96   24.91
 -84154.579   148.000   -19.08   25.49
 -83783.096   153.889    15.85   28.83
 -83411.547   161.134    19.50   24.73
 -83039.931   160.012    -3.02   21.99
 -82668.250   150.100   -26.67   24.99
 -82296.502   144.148   -16.01   22.15
 -81924.688   137.439   -18.04   18.00
 -81552.807   136.432    -2.71   17.25
 -81180.861   128.099   -22.40   19.78
 -80808.848   114.679   -36.07   14.42
 -80436.768   107.354   -19.69    9.72
 -80064.622   105.136    -5.96    8.79
 -79692.410   105.262     0.34   10.61
 -79320.131   104.512    -2.01   13.37
 -78947.786   100.988    -9.46   14.49
 -78575.374    98.173    -7.56   13.68
 -78202.896    93.134   -13.53   13.70
 -77830.351    90.642    -6.69   15.58
 -77457.739    86.531   -11.03   16.96
 -77085.061    81.198   -14.31   14.83
 -76712.315    80.768    -1.15   15.22
 -76339.504    86.827    16.25   22.64
 -75966.625   102.802    42.84   24.13
 -75593.679   119.963    46.01   24.72
 -75220.667   131.988    32.24   21.85
 -74847.587   135.062     8.24   20.79
 -74474.441   136.691     4.37   19.92
 -74101.228   131.622   -13.58   19.02
 -73727.948   128.229    -9.09   15.63
 -73354.600   126.912    -3.53   13.84
 -72981.186   125.704    -3.24   12.75
 -72607.704   128.220     6.74   12.00
 -72234.155   134.000    15.47   15.10
 -71860.539   144.329    27.64   20.87
 -71486.856   153.446    24.40   20.46
 -71113.106   160.667    19.32   19.58
 -70739.288   162.481     4.85   22.83
 -70365.403   165.532     8.16   27.98
 -69991.450   171.452    15.83   32.08
 -69617.430   175.650    11.22   34.82
 -69243.343   181.630    15.98   30.55
 -68869.188   184.833     8.56   28.25
 -68494.965   180.833   -10.69   27.91
 -68120.675   174.513   -16.89   23.83
 -67746.317   173.012    -4.01   19.83
 -67371.892   176.000     7.98   21.78
 -66997.399   185.047    24.16   32.13
 -66622.838   197.234    32.53   40.76
 -66248.210   210.566    35.59   46.37
 -65873.514   230.641    53.57   61.48
 -65498.750   236.671    16.09   62.49
 -65123.918   237.351     1.81   58.54
 -64749.018   241.061     9.90   53.25
 -64374.050   242.295     3.29   56.61
 -63999.014   250.765    22.58   56.07
 -63623.911   259.590    23.53   53.41
 -63248.739   259.099    -1.31   46.02
 -62873.499   257.506    -4.24   39.31
 -62498.191   254.060    -9.18   38.63
 -62122.815   250.456    -9.60   41.76
 -61747.370   265.434    39.89   59.39
 -61371.858   275.134    25.83   65.53
 -60996.277   272.000    -8.34   67.56
 -60620.628   250.358   -57.61   69.64
 -60244.910   220.951   -78.26   58.23
 -59869.124   194.049   -71.59   39.85
 -59493.270   194.494     1.18   42.34
 -59117.347   189.012   -14.58   45.38
 -58741.356   180.890   -21.60   46.21
 -58365.296   175.747   -13.68   47.83
 -57989.168   169.366   -16.96   50.46
 -57612.971   153.506   -42.16   54.69
 -57236.705   136.387   -45.49   53.98
 -56860.371   106.524   -79.35   43.25
 -56483.968    82.938   -62.66   27.01
 -56107.496    65.952   -45.12   14.08
 -55730.955    57.188   -23.28   11.93
 -55354.346    49.671   -19.96   11.54
 -54977.668    42.753   -18.36   11.23
 -54600.920    37.241   -14.63    9.00
 -54224.104    33.269   -10.54    7.64
 -53847.219    31.827    -3.83    6.92
 -53470.265    30.513    -3.49    6.56
 -53093.242    27.341    -8.41    6.13
 -52716.149    25.705    -4.34    5.37
 -52338.988    25.952     0.66    5.58
 -51961.757    26.962     2.68    6.14
 -51584.457    28.207     3.30    5.58
 -51207.088    31.250     8.06    6.90
 -50829.650    35.262    10.63    9.97
 -50452.142    36.841     4.18   10.45
 -50074.565    37.253     1.09   10.86
 -49696.919    34.195    -8.10   13.87
 -49319.203    28.000   -16.40   14.72
 -48941.417    18.639   -24.78   16.42
 -48563.562    10.256   -22.18   15.09
 -48185.638     2.298   -21.06    6.33
 -47807.644    -0.538    -7.50    1.34
 -47429.580    -1.000    -1.22    0.00
 -47051.447    -0.975     0.07    0.16
 -46673.244    -0.706     0.71    0.46
 -46294.971    -0.423     0.75    0.50
 -45916.628    -0.036     1.02    0.53
 -45538.216     0.179     0.57    0.53
 -45159.733     0.106    -0.19    0.79
 -44781.181     0.051    -0.14    1.07
 -44402.559     0.220     0.44    1.47
 -44023.867     0.771     1.46    2.23
 -43645.105     1.869     2.90    2.95
 -43266.272     3.341     3.89    3.55
 -42887.370     4.229     2.34    3.79
 -42508.398     4.482     0.67    4.06
 -42129.355     3.573    -2.40    4.39
 -41750.242     1.916    -4.37    4.16
 -41371.059     0.085    -4.83    2.68
 -40991.806    -1.244    -3.50    1.18
 -40612.482    -2.288    -2.75    2.47
 -40233.088     0.814     8.17    9.60
 -39853.623    10.165    24.64   20.26
 -39474.088    25.976    41.66   28.29
 -39094.483    39.835    36.51   27.33
 -38714.807    58.212    48.40   26.69
 -38335.060    79.407    55.81   33.49
 -37955.243   102.049    59.61   41.60
 -37575.355   134.537    85.52   50.91
 -37195.397   166.120    83.12   57.42
 -36815.368   185.037    49.77   46.70
 -36435.268   183.476    -4.11   40.79
 -36056.690   165.373   -47.82   45.98
 -35690.079   142.494   -62.41   35.94
 -35323.402   118.890   -64.37   27.89
 -34956.660   106.229   -34.52   32.16
 -34589.853    88.062   -49.53   36.68
 -34222.981    72.259   -43.07   35.10
 -33856.043    54.407   -48.65   29.46
 -33489.040    40.366   -38.26   24.63
 -33121.971    25.430   -40.69   19.53
 -32754.837    14.729   -29.15   14.62
 -32387.638     5.487   -25.17    7.10
 -32020.373     1.655   -10.43    2.62
 -31653.043     1.064    -1.61    1.10
 -31285.647     1.872     2.20    1.74
 -30918.185     2.988     3.04    2.08
 -30550.658     3.878     2.42    2.00
 -30183.065     4.457     1.57    1.69
 -29815.406     4.494     0.10    1.27
 -29447.681     4.329    -0.45    0.92
 -29079.891     4.205    -0.34    0.44
 -28712.035     4.085    -0.32    0.32
 -28344.113     4.061    -0.07    0.45
 -27976.125     4.133     0.19    0.71
 -27608.071     4.157     0.07    0.90
 -27239.952     4.229     0.20    1.02
 -26871.766     4.444     0.59    1.05
 -26503.514     4.723     0.76    1.13
 -26135.196     7.159     6.61    6.01
 -25766.812    14.326    19.45   13.07
 -25398.362    24.138    26.63   16.78
 -25029.846    34.482    28.07   16.26
 -24661.263    42.646    22.15   10.16
 -24292.614    38.835   -10.34   14.49
 -23923.899    31.354   -20.29   17.16
 -23555.118    21.857   -25.75   15.23
 -23186.270    13.114   -23.70    7.85
 -22817.356     8.541   -12.39    6.03
 -22448.375     5.525    -8.17    4.02
 -22079.328     3.976    -4.20    2.81
 -21710.215     3.137    -2.27    2.13
 -21341.035     2.500    -1.73    1.70
 -20971.788     1.805    -1.88    1.44
 -20602.475     1.098    -1.92    1.10
 -20233.095     0.778    -0.87    0.91
 -19863.648     0.916     0.37    1.12
 -19494.135     1.627     1.92    1.61
 -19124.554     2.941     3.56    1.99
 -18754.907     4.012     2.90    2.14
 -18385.194     5.390     3.73    2.93
 -18015.413     6.482     2.95    3.79
 -17645.566     6.964     1.30    3.94
 -17275.651     7.157     0.52    3.42
 -16905.670     7.877     1.95    3.15
 -16535.621     9.193     3.56    3.92
 -16165.506    11.439     6.07    4.82
 -15795.323    13.310     5.05    4.96
 -15425.073    14.667     3.67    4.75
 -15054.756    15.195     1.43    4.36
 -14684.372    16.741     4.17    4.10
 -14313.921    18.442     4.59    3.89
 -13943.403    20.346     5.14    3.24
 -13572.817    21.561     3.28    2.64
 -13202.163    22.362     2.16    1.92
 -12831.443    22.671     0.83    1.31
 -12460.655    22.810     0.38    0.79
 -12089.799    22.817     0.02    0.45
 -11718.876    22.949     0.36    0.32
 -11347.886    23.541     1.60    1.08
 -10976.828    24.595     2.84    1.88
 -10605.702    25.679     2.92    1.93
 -10234.509    25.731     0.14    2.50
  -9863.248    22.494    -8.72    6.28
  -9491.919    17.288   -14.02    7.83
  -9120.523    12.176   -13.76    6.49
  -8749.059     8.231   -10.62    2.69
  -8377.527     7.096    -3.05    0.30
  -8005.927     7.115     0.05    0.32
  -7634.259     7.163     0.13    0.37
  -7262.523     7.177     0.04    0.38
  -6890.720     7.181     0.01    0.39
  -6518.848     7.150    -0.08    0.36
  -6146.908     7.070    -0.22    0.30
  -5774.900     6.850    -0.59    0.48
  -5402.825     6.537    -0.84    0.76
  -5030.680     6.136    -1.08    1.51
  -4658.468     5.701    -1.17    2.71
  -4286.188     4.901    -2.15    3.27
  -3913.839     3.451    -3.89    2.37
  -3541.422     2.275    -3.16    1.63
  -3168.936     1.588    -1.84    1.06
  -2796.383     1.160    -1.15    0.49
  -2423.760     1.000    -0.43    0.00
  -2051.070     1.000     0.00    0.00
  -1678.310     0.882    -0.32    0.32
  -1305.483     0.940     0.15    1.21
   -932.586     1.000     0.16    1.86
   -559.621     0.988    -0.03    2.20
   -186.588     0.687    -0.81    2.07
    186.514     0.098    -1.58    0.34
    559.685     0.163     0.17    0.37
    932.925     0.370     0.56    0.89
   1306.234     0.476     0.28    1.20
   1679.611     0.395    -0.22    1.13
   2053.057    11.172    28.86   27.87
   2426.572    37.074    69.35   55.36
   2800.156    87.366   134.62   84.60
   3173.809   140.637   142.57   79.85
   3547.532   178.575   101.51   48.82
   3921.323   190.457    31.79   37.31
   4295.183   171.329   -51.16   35.87
   4669.112   147.162   -64.63   22.44
   5043.111   126.824   -54.38   23.01
   5417.179   118.037   -23.49   20.84
   5791.316   117.435    -1.61   21.60
   6165.522   129.588    32.47   27.16
   6539.798   150.488    55.84   29.14
   6914.143   175.062    65.65   30.81
   7288.558   202.733    73.90   46.35
   7663.041   238.062    94.34   67.17
   8037.595   267.500    78.59   73.16
   8412.218   301.063    89.59   74.52
   8786.910   332.565    84.07   74.41
   9161.672   378.582   122.79  100.76
   9536.504   447.357   183.48  106.65
   9911.406   490.188   114.25   88.63
  10286.377   495.376    13.84   75.90
  10661.418   468.538   -71.56   92.71
  11036.528   426.058  -113.25   94.15
  11411.709   369.910  -149.66   69.68
  11786.959   344.459   -67.83   64.05
  12162.280   324.837   -52.28   49.99
  12537.670   309.141   -41.81   36.31
  12913.130   325.675    44.04   56.91
  13288.661   355.071    78.28   78.30
  13664.261   388.086    87.90   76.04
  14039.931   407.805    52.49   62.12
  14415.672   417.659    26.23   55.62
  14791.483   427.598    26.45   54.03
  15167.364   447.790    53.72   60.62
  15543.315   495.919   128.02   90.22
  15919.337   558.447   166.29   88.91
  16295.429   591.659    88.31   77.69
  16671.591   597.072    14.39   92.57
  17047.824   579.762   -46.01  103.82
  17424.127   540.977  -103.07   94.76
  17800.501   517.250   -63.04   83.23
  18176.945   491.386   -68.71   64.27
  18553.460   458.163   -88.24   68.56
  18930.046   414.988  -114.65   70.82
  19306.702   374.277  -108.09   70.43
  19683.429   328.060  -122.68   59.96
  20060.226   298.430   -78.64   49.10
  20437.095   273.671   -65.70   44.67
  20814.034   247.704   -68.89   40.47
  21191.044   232.167   -41.21   35.25
  21568.125   236.085    10.39   48.45
  21945.277   249.356    35.19   56.21
  22322.500   257.951    22.78   54.50
  22699.793   272.084    37.46   43.70
  23077.158   285.012    34.26   43.48
  23454.594   316.651    83.83   54.23
  23832.102   345.625    76.75   41.46
  24209.680   337.920   -20.41   54.32
  24587.330   321.886   -42.46   57.17
  24965.050   301.500   -53.97   44.35
  25342.843   309.305    20.66   43.96
  25720.706   344.943    94.32   45.94
  26098.641   376.171    82.63   44.61
  26476.647   395.793    51.91   46.65
  26854.725   407.549    31.10   45.18
  27232.874   404.106    -9.10   48.59
  27611.095   392.282   -31.26   47.90
  27989.387   380.482   -31.19   55.34
  28367.751   364.855   -41.30   62.95
  28746.187   357.205   -20.22   67.47
  29124.694   358.930     4.56   75.96
  29503.273   369.123    26.93   79.47
  29881.924   384.976    41.87   68.23
  30260.647   394.977    26.41   47.45
  30639.441   388.788   -16.34   43.13
  31018.308   371.590   -45.39   52.98
  31397.246   353.698   -47.22   51.25
  31776.257   340.210   -35.59   46.42
  32155.339   346.494    16.58   49.76
  32534.494   362.262    41.59   59.86
  32913.720   378.131    41.85   61.09
  33293.019   407.212    76.67   50.96
  33672.390   429.310    58.25   50.58
  34051.833   441.702    32.66   54.58
  34431.349   467.291    67.43   62.66
  34810.937   505.580   100.87   71.48
  35190.597   521.659    42.35   67.61
  35570.329   520.140    -4.00   74.09
  35950.134   527.843    20.28   71.09
  36330.012   511.333   -43.46   65.21
  36709.962   490.256   -55.48   67.71
  37089.984   444.612  -120.11   90.15
  37470.079   381.420  -166.26   75.63
  37850.247   345.083   -95.58   46.65
  38230.488   335.637   -24.84   37.55
  38610.801   360.059    64.22   44.87
  38979.828   398.975   105.46   49.48
  39346.296   441.906   117.15   69.46
  39712.831   493.293   140.20   73.23
  40079.433   520.424    74.01   60.80
  40446.102   520.977     1.51   50.32
  40812.838   490.631   -82.75   67.30
  41179.640   445.819  -122.17   77.11
  41546.510   404.965  -111.36   65.76
  41913.447   373.895   -84.68   54.70
  42280.451   363.481   -28.38   56.09
  42647.522   357.131   -17.30   62.91
  43014.660   329.280   -75.86   71.39
  43381.865   295.218   -92.76   70.63
  43749.138   266.494   -78.21   48.71
  44116.478   269.800     9.00   48.66
  44483.885   302.600    89.28   64.66
  44851.360   336.047    91.02   62.28
  45218.902   371.590    96.71   56.91
  45586.511   408.435   100.23   55.73
  45954.188   422.280    37.66   50.88
  46321.932   413.131   -24.88   56.31
  46689.744   386.824   -71.53   67.23
  47057.623   355.506   -85.13   47.91
  47425.570   353.512    -5.42   42.31
  47793.585   372.116    50.56   53.64
  48161.668   401.393    79.54   56.41
  48529.818   406.131    12.87   55.79
  48898.036   394.871   -30.58   55.25
  49266.321   380.756   -38.33   45.42
  49634.675   380.384    -1.01   37.69
  50003.096   362.595   -48.28   47.65
  50371.585   331.837   -83.47   61.95
  50740.142   303.688   -76.38   56.56
  51108.768   290.640   -35.40   43.50
  51477.461   312.075    58.14   63.44
  51846.222   344.835    88.84   65.60
  52215.052   361.889    46.24   56.10
  52583.949   335.837   -70.62   70.12
  52952.915   287.060  -132.20   73.70
  53321.949   229.235  -156.70   62.66
  53691.051   191.686  -101.74   49.93
  54060.221   157.694   -92.08   24.61
  54429.460   146.398   -30.60   19.18
  54798.767   147.807     3.82   27.92
  55168.142   149.988     5.91   30.67
  55537.586   155.190    14.08   27.02
  55907.099   160.898    15.45   23.17
  56276.680   183.012    59.84   35.18
  56646.329   211.294    76.51   48.29
  57016.047   254.686   117.37   54.98
  57385.834   288.779    92.20   51.34
  57755.689   316.854    75.91   38.34
  58125.613   322.824    16.14   38.28
  58495.606   316.902   -16.00   37.64
  58865.668   313.161   -10.11   34.40
  59235.798   306.683   -17.50   36.21
  59605.997   309.500     7.61   34.14
  59976.266   310.877     3.72   35.09
  60346.603   292.398   -49.90   37.86
  60717.009   280.125   -33.13   37.57
  61087.484   266.376   -37.11   36.37
  61458.028   251.600   -39.88   29.17
  61828.641   252.894     3.49   31.72
  62199.323   253.753     2.32   34.96
  62570.075   260.593    18.45   33.14
  62940.895   268.060    20.14   28.74
  63311.785   268.953     2.41   29.65
  63682.745   266.072    -7.77   40.90
  64053.773   244.872   -57.14   53.12
  64424.871   207.744  -100.05   44.58
  64796.038   177.081   -82.62   30.79
  65167.275   159.640   -46.99   19.63
  65538.581   150.756   -23.93   19.09
  65909.957   146.554   -11.31   20.07
  66281.402   142.884    -9.88   21.23
  66652.917   136.047   -18.40   22.43
  67024.501   125.000   -29.73   22.48
  67396.156   110.256   -39.67   18.71
  67767.879    97.663   -33.88   15.51
  68139.673    87.024   -28.62   13.50
  68511.536    75.512   -30.96   12.78
  68883.470    66.640   -23.86   11.58
  69255.473    57.578   -24.36   10.45
  69627.546    50.151   -19.96    8.92
  69999.689    43.163   -18.78    7.78
  70371.901    36.988   -16.59    7.84
  70744.184    30.435   -17.60    7.34
  71116.537    25.149   -14.20    8.39
  71488.960    19.651   -14.77    7.36
  71861.454    14.140   -14.80    7.47
  72234.017     8.419   -15.36    6.59
  72606.651     4.721    -9.92    5.29
  72979.355     1.463    -8.74    2.52
  73352.129    -0.419    -5.05    1.72
  73724.973    -1.819    -3.76    1.51
  74097.888    -2.575    -2.03    1.01
  74470.874    -2.583    -0.02    1.16
  74843.929    -1.448     3.04    2.17
  75217.056     0.747     5.88    3.08
  75590.252     3.419     7.16    3.77
  75963.520     7.402    10.67    5.22
  76336.858    13.437    16.16    9.40
  76710.266    25.095    31.22   16.42
  77083.746    34.375    24.85   15.15
  77457.296    39.398    13.45   11.35
  77830.917    39.588     0.51   10.23
  78204.608    38.235    -3.62    8.74
  78578.371    43.632    14.44   12.49
  78952.204    53.964    27.64   14.98
  79326.109    63.276    24.91   15.08
  79700.084    74.193    29.19   12.35
  80074.130    82.581    22.43   11.58
  80448.248    89.476    18.43   13.15
  80822.436    98.667    24.56   16.91
  81196.696   112.060    35.79   25.89
  81571.027   130.966    50.51   38.33
  81945.429   155.855    66.48   44.68
  82319.902   184.494    76.48   54.40
  82694.447   202.585    48.30   55.40
  83069.063   204.264     4.48   58.03
  83443.750   195.226   -24.12   60.12
  83818.509   173.517   -57.93   47.30
  84193.339   167.143   -17.01   33.49
  84568.241   174.674    20.09   33.34
  84943.214   193.422    50.00   35.54
  85318.259   224.529    82.95   50.19
  85693.375   263.298   103.36   65.54
  86068.563   294.782    83.92   61.62
  86443.823   317.072    59.40   50.55
  86819.155   334.256    45.79   56.05
  87194.558   348.964    39.18   67.95
  87570.033   358.264    24.77   66.58
  87945.581   356.221    -5.44   64.64
  88321.200   331.419   -66.04   74.41
  88696.891   291.571  -106.07   57.50
  89072.653   282.244   -24.82   47.81
  89448.488   299.024    44.65   57.76
  89824.396   317.372    48.81   54.23
  90200.375   309.035   -22.18   64.99
  90576.426   291.291   -47.19   71.20
  90952.550   257.414   -90.07   67.99
  91328.745   227.830   -78.65   57.75
  91705.013   205.060   -60.52   47.13
  92081.354   192.882   -32.36   43.19
  92457.767   178.114   -39.24   43.83
  92834.252   171.583   -17.35   42.79
  93210.809   168.376    -8.52   44.72
  93587.439   170.233     4.93   48.83
  93964.142   175.095    12.91   45.17
  94340.917   180.253    13.69   43.02
  94717.765   168.126   -32.18   45.05
  95094.686   141.289   -71.21   46.81
  95471.679   116.686   -65.27   45.32
  95848.745    97.779   -50.15   38.57
  96225.883    77.529   -53.70   30.91
  96603.095    66.036   -30.47   20.08
  96980.379    64.000    -5.40   16.38
  97357.737    79.143    40.13   38.21
  97735.167   104.465    67.10   50.97
  98112.670   139.329    92.36   61.22
  98490.246   192.552   140.97   73.37
  98867.896   223.395    81.68   57.96
  99245.618   243.455    53.11   38.91
  99623.414   250.683    19.13   40.68
 100001.283   250.909     0.60   55.31
 100379.225   250.329    -1.53   60.60
 100757.240   255.349    13.28   52.98
 101135.329   275.037    52.08   52.79
 101513.491   293.667    49.27   60.05
 101891.726   297.976    11.39   65.45
 102270.035   281.709   -43.00   59.62
 102648.418   274.726   -18.46   47.67
 103026.874   282.655    20.95   42.47
 103405.403   286.837    11.05   38.48
 103784.007   270.128   -44.14   45.67
 104162.684   258.368   -31.06   39.55
 104541.434   270.227    31.31   50.33
 104920.258   296.595    69.61   64.46
 105299.157   324.207    72.88   59.31
 105678.129   341.697    46.15   49.55
 106057.174   342.602     2.39   49.12
 106436.294   321.552   -55.53   53.44
 106815.488   293.291   -74.54   57.45
 107194.756   252.529  -107.48   48.00
 107574.098   219.369   -87.42   46.51
 107953.514   196.816   -59.45   40.74
 108333.004   191.481   -14.06   35.44
 108712.568   201.125    25.41   43.39
 109092.207   220.622    51.36   54.29
 109471.919   253.563    86.76   54.42
 109851.706   289.439    94.47   48.01
 110231.568   324.759    92.99   57.05
 110611.504   352.798    73.81   53.74
 110991.514   364.172    29.94   45.09
 111371.599   349.759   -37.92   54.29
 111751.758   318.523   -82.17   44.15
 112131.992   297.884   -54.29   31.90
 112512.301   288.306   -25.19   33.03
 112892.684   269.909   -48.37   35.12
 113273.142   252.386   -46.06   37.49
 113646.521   247.459   -13.20   35.47
 114012.776   250.685     8.81   38.54
 114379.100   260.529    26.87   39.98
 114745.493   280.966    55.78   45.67
 115111.954   309.694    78.40   48.94
 115478.483   328.273    50.69   52.12
 115845.081   335.627    20.06   50.31
 116211.748   327.750   -21.48   49.36
 116578.484   316.938   -29.48   40.36
 116945.288   318.494     4.24   35.46
 117312.161   324.405    16.11   30.83
 117679.103   323.943    -1.26   33.58
 118046.114   314.593   -25.48   38.61
 118413.193   298.614   -43.54   36.76
 118780.342   289.833   -23.92   33.58
 119147.559   279.828   -27.25   39.46
 119514.846   267.453   -33.69   33.67
 119882.202   271.894    12.09   39.47
 120249.626   284.724    34.92   55.42
 120617.120   302.476    48.31   55.84
 120984.683   320.161    48.12   55.07
 121352.315   327.988    21.29   56.41
 121720.017   330.872     7.85   56.91
 122087.787   347.280    44.62   53.09
 122455.627   372.230    67.83   50.54
 122823.537   369.588    -7.18   48.55
 123191.516   362.580   -19.05   49.81
 123559.564   351.207   -30.90   54.92
 123927.681   335.632   -42.31   46.45
 124295.869   334.488    -3.11   49.90
 124664.125   313.488   -57.03   57.98
 125032.452   300.529   -35.19   63.35
 125400.848   303.221     7.31   65.30
 125769.313   293.784   -25.61   55.63
 126137.849   281.302   -33.87   63.92
 126506.454   254.437   -72.89   63.14
 126875.129   231.181   -63.09   49.81
 127243.874   217.775   -36.36   46.78
 127612.688   210.390   -20.03   60.10
 127981.573   183.080   -74.04   67.70
 128350.527   151.561   -85.44   54.37
 128719.552   128.273   -63.11   42.34
 129088.646   116.600   -31.63   44.68
 129457.811   106.477   -27.42   43.84
 129827.046   104.321    -5.84   45.02
 130196.350   122.307    48.71   68.41
 130565.725   142.736    55.31   86.79
 130935.171   136.058   -18.08   88.94
 131304.686   115.747   -54.97   75.71
 131674.272    93.402   -60.47   56.62
 132043.928    72.628   -56.20   26.90
 132413.655    84.616    32.43   43.87
 132783.452   110.875    71.02   64.89
 133153.319   141.310    82.30   73.24
 133523.257   165.202    64.59   75.19
 133893.266   189.129    64.67   79.29
 134263.345   213.602    66.14   85.25
 134633.495   236.096    60.78   88.98
 135003.715   273.529   101.12   81.52
 135374.006   309.531    97.24   80.71
 135744.368   336.805    73.65   69.14
 136114.801   346.671    26.64   53.84
 136485.304   321.854   -66.99   63.88
 136855.879   282.663  -105.77   67.94
 137226.524   241.591  -110.82   60.05
 137597.240   202.412  -105.70   47.51
 137968.027   175.136   -73.57   34.78
 138338.886   158.174   -45.74   29.98
 138709.815   138.830   -52.16   32.04
 139080.815   127.425   -30.74   31.09
 139451.887   122.159   -14.19   26.03
 139823.030   118.205   -10.66   21.95
 140194.244   119.955     4.72   20.59
 140565.529   118.807    -3.09   17.62
 140936.886   111.686   -19.18   15.71
 141308.314   104.511   -19.32   15.70
 141679.813    96.874   -20.56   16.09
 142051.384    86.682   -27.43   14.64
 142423.026    78.989   -20.70   14.46
 142794.740    73.295   -15.32   15.38
 143166.526    65.767   -20.25   17.46
 143538.383    56.795   -24.13   18.59
 143910.311    49.523   -19.55   17.77
 144282.312    50.809     3.46   19.16
 144654.384    56.372    14.95   22.86
 145026.528    62.023    15.19   22.84
 145398.743    70.193    21.95   20.05
 145771.031    74.091    10.47   19.24
 146143.390    68.256   -15.67   22.09
 146515.822    60.368   -21.18   22.92
 146888.325    50.205   -27.29   18.87
 147260.900    39.856   -27.78   11.45
 147633.548    33.268   -17.68   10.30
 148006.267    25.033   -22.10   11.99
 148379.059    17.488   -20.24   11.94
 148751.923    10.977   -17.46    8.98
 149124.859    14.085     8.34   20.95
 149497.867    26.557    33.44   40.64
 149870.948    44.607    48.39   50.59
 150244.101    76.761    86.18   62.65
 150617.326   103.554    71.80   62.15
 150990.624   122.393    50.47   50.26
 151363.994   133.523    29.81   36.17
 151737.437   119.148   -38.50   34.78
 152110.953    94.917   -64.88   33.91
 152484.541    71.216   -63.45   36.34
 152858.201    49.023   -59.40   25.65
 153231.935    34.722   -38.27   12.99
 153605.741    27.279   -19.91    8.90
 153979.620    22.602   -12.51    8.50
 154353.571    18.612   -10.67    8.22
 154727.596    13.670   -13.21    8.44
 155101.693     9.655   -10.73    9.22
 155475.864     4.614   -13.48    9.22
 155850.107    -0.081   -12.55    7.93
 156224.423    -4.207   -11.02    7.31
 156598.813    -8.126   -10.47    7.13
 156973.275   -11.750    -9.68    7.19
 157347.811   -15.218    -9.26    6.47
 157722.420   -18.045    -7.55    5.57
 158097.102   -19.690    -4.39    4.68
 158471.857   -21.172    -3.96    3.61
 158846.686   -21.907    -1.96    2.55
 159221.588   -22.494    -1.57    1.50
 159596.564   -22.713    -0.58    1.07
 159971.613   -22.909    -0.52    0.60
 160346.735   -23.000    -0.24    0.00
 160721.931   -23.000     0.00    0.00
 161097.201   -23.000     0.00    0.00
 161472.544   -23.000     0.00    0.00
 161847.961   -23.000     0.00    0.00
 162223.452   -23.000     0.00    0.00
 162599.016   -23.000     0.00    0.00
 162974.654   -23.000     0.00    0.00
 163350.366   -23.000     0.00    0.00
 163726.152   -23.000     0.00    0.00
 164102.012   -23.000     0.00    0.00
 164477.946   -23.000     0.00    0.00
 164853.953   -23.000     0.00    0.00
 165230.035   -23.000     0.00    0.00
 165606.191   -23.000     0.00    0.00
 165982.421   -23.000     0.00    0.00
 166358.726   -23.000     0.00    0.00
 166735.104   -23.000     0.00    0.00
 167111.557   -23.000     0.00    0.00
 167488.084   -23.000     0.00    0.00
 167864.685   -23.000     0.00    0.00
 168241.361   -23.000     0.00    0.00
 168618.112   -23.000     0.00    0.00
 168994.936   -23.000     0.00    0.00
 169371.836   -23.000     0.00    0.00
 169748.810   -23.000     0.00    0.00
 170125.858   -23.000     0.00    0.00
 170502.982   -23.000     0.00    0.00
 170880.179   -23.000     0.00    0.00
 171257.452   -23.000     0.00    0.00
 171634.800   -23.000     0.00    0.00
 172012.222   -23.000     0.00    0.00
 172389.719   -23.000     0.00    0.00
 172767.291   -23.000     0.00    0.00
 173144.939   -23.000     0.00    0.00
 173522.661   -23.000     0.00    0.00
 173900.458   -23.000     0.00    0.00
 174278.330   -23.000     0.00    0.00
 174656.278   -23.000     0.00    0.00
 175034.300   -23.000     0.00    0.00
 175412.398   -23.000     0.00    0.00
 175790.572   -23.000     0.00    0.00
 176168.820   -23.000     0.00    0.00
 176547.144   -23.000     0.00    0.00
 176925.543   -23.000     0.00    0.00
 177304.018   -23.000     0.00    0.00
 177682.569   -23.000     0.00    0.00
 178061.195   -23.000     0.00    0.00
 178439.896   -23.000     0.00    0.00
 178818.673   -23.000     0.00    0.00
 179197.526   -23.000     0.00    0.00
 179576.455   -23.000     0.00    0.00
 179955.459   -23.000     0.00    0.00
 180334.539   -23.000     0.00    0.00
 180713.695   -23.000     0.00    0.00
 181092.927   -23.000     0.00    0.00
 181472.235   -22.900     0.26    0.30
 181851.619   -22.753     0.39    0.43
 182231.079   -22.568     0.49    0.50
 182610.615   -22.419     0.39    0.50
 182990.227   -22.284     0.35    0.57
 183369.916   -22.250     0.09    0.62
 183749.680   -22.213     0.10    0.65
 184129.521   -22.084     0.34    0.63
 184509.439   -21.784     0.79    0.65
 184889.432   -21.369     1.09    0.67
 185269.502   -20.944     1.12    0.74
 185649.649   -20.464     1.26    0.65
 186029.872   -20.033     1.13    0.74
 186410.171   -19.565     1.23    0.75
 186790.547   -19.111     1.19    0.76
 187171.000   -18.698     1.09    0.87
 187551.530   -18.330     0.97    0.97
 187932.136   -17.814     1.35    1.10
 188310.224   -17.236     1.53    1.04
 188676.259   -16.552     1.87    0.77
 189042.363   -16.202     0.95    0.68
 189408.538   -16.202    -0.00    0.79
 189774.782   -16.783    -1.58    1.17
 190141.097   -17.744    -2.63    1.41
 190507.483   -19.011    -3.46    1.64
 190873.939   -20.195    -3.23    1.45
 191240.465   -21.393    -3.27    1.09
 191607.061   -21.966    -1.56    0.81
 191973.728   -22.090    -0.34    0.76
 192340.465   -21.667     1.15    1.20
 192707.273   -20.622     2.85    1.89
 193074.152   -19.176     3.94    2.31
 193441.101   -17.767     3.84    2.08
 193808.121   -16.529     3.38    1.80
 194175.212   -15.171     3.70    1.46
 194542.373   -13.955     3.31    1.80
 194909.605   -12.405     4.22    2.33
 195276.908   -10.250     5.87    3.22
 195644.281    -7.563     7.31    4.56
 196011.726    -2.080    14.93    8.25
 196379.242     4.375    17.57    9.73
 196746.828    11.900    20.47   10.25
 197114.486    18.545    18.08   12.67
 197482.214    32.414    37.72   18.98
 197850.014    50.189    48.34   27.97
 198217.885    76.849    72.48   34.04
 198585.827   103.571    72.64   37.56
 198953.840   128.012    66.42   33.25
 199321.925   143.011    40.75   37.66
 199690.081   147.655    12.62   45.88
 200058.308   139.956   -20.91   52.41
 200426.607   129.908   -27.29   51.76
 200794.977   120.311   -26.06   41.33
 201163.419   114.609   -15.48   30.31
 201531.932   106.466   -22.10   20.12
 201900.516   101.767   -12.75   16.57
 202269.173   102.289     1.42   17.75
 202637.900   104.545     6.12   21.27
