-219633.929   795.352     0.00   19.35
-219260.425   782.811   -33.57   22.82
-218886.852   768.830   -37.42   24.69
-218513.210   755.528   -35.59   26.82
-218139.500   741.078   -38.66   27.64
-217765.720   728.023   -34.92   24.46
-217391.871   715.098   -34.57   23.61
-217017.953   702.693   -33.17   22.02
-216643.965   693.735   -23.95   20.45
-216269.909   684.405   -24.94   18.90
-215895.783   673.134   -30.12   18.15
-215521.588   662.082   -29.53   16.09
-215147.324   651.671   -27.81   12.41
-214772.990   640.881   -28.82   14.21
-214398.587   627.223   -36.48   19.03
-214024.115   609.928   -46.18   25.19
-213649.573   588.819   -56.35   24.58
-213274.961   572.357   -43.94   21.47
-212900.280   556.313   -42.81   14.89
-212525.530   546.300   -26.71   12.60
-212150.709   538.050   -22.01   10.32
-211775.819   531.823   -16.61   10.69
-211400.860   526.052   -15.39   10.19
-211025.830   520.058   -15.98   10.22
-210650.731   513.056   -18.66   10.37
-210275.562   505.786   -19.37   10.06
-209900.323   498.303   -19.94    8.29
-209525.015   493.608   -12.51    6.69
-209149.636   489.428   -11.13    4.82
-208774.187   486.604    -7.52    5.52
-208398.668   481.363   -13.95    6.89
-208023.080   476.035   -14.19    7.94
-207647.421   471.002   -13.39    7.57
-207271.692   466.640   -11.61    6.30
-206895.893   461.834   -12.79    4.84
-206520.023   460.870    -2.56    8.76
-206144.084   466.705    15.52   17.57
-205768.074   476.088    24.95   25.00
-205391.993   492.727    44.23   32.28
-205015.843   511.430    49.71   33.54
-204639.622   532.640    56.37   27.55
-204263.330   547.088    38.39   18.88
-203886.968   557.143    26.71   20.24
-203510.535   568.957    31.38   24.50
-203134.032   589.576    54.76   35.77
-202757.459   622.631    87.76   46.31
-202380.814   667.117   118.09   62.99
-202004.099   721.727   144.94   59.42
-201627.313   768.672   124.58   52.85
-201250.457   800.256    83.79   37.43
-200873.529   816.545    43.21   38.10
-200496.531   823.703    18.99   40.39
-200119.462   824.616     2.42   39.08
-199742.322   818.807   -15.40   42.33
-199365.111   802.204   -44.01   45.42
-198987.829   780.460   -57.62   48.04
-198610.476   758.655   -57.77   48.84
-198233.052   737.659   -55.62   48.88
-197855.557   718.305   -51.26   41.32
-197477.990   695.603   -60.12   32.66
-197100.352   671.012   -65.11   29.54
-196722.644   650.134   -55.27   35.44
-196344.863   626.068   -63.70   37.78
-195967.012   593.482   -86.23   30.99
-195589.089   567.857   -67.79   27.85
-195211.095   541.274   -70.32   27.42
-194833.029   519.858   -56.64   22.96
-194454.892   500.161   -52.08   17.91
-194076.683   486.338   -36.54   15.78
-193698.403   474.358   -31.67   15.56
-193320.051   462.756   -30.66   15.13
-192941.627   453.952   -23.26   13.89
-192563.132   446.919   -18.58   14.41
-192184.565   438.952   -21.04   15.63
-191805.926   431.093   -20.75   17.77
-191427.215   423.103   -21.10   16.81
-191048.433   413.967   -24.12   14.86
-190669.579   406.470   -19.78   14.40
-190290.652   400.991   -14.46   13.03
-189911.654   396.262   -12.47   11.44
-189532.584   392.905    -8.86   11.66
-189153.441   388.809   -10.80   13.06
-188774.227   383.604   -13.72   13.46
-188394.940   376.545   -18.61   14.44
-188015.582   368.679   -20.73   14.45
-187636.151   360.535   -21.46   15.08
-187256.647   350.246   -27.11   17.77
-186877.072   342.381   -20.72   18.68
-186497.424   336.928   -14.36   19.18
-186117.704   332.576   -11.46   20.38
-185737.911   327.870   -12.39   20.06
-185358.046   323.362   -11.87   19.62
-184978.108   316.054   -19.23   18.53
-184598.098   309.781   -16.51   15.96
-184218.015   302.114   -20.17   12.94
-183837.859   296.540   -14.66   11.04
-183457.631   292.620   -10.31    9.79
-183085.798   288.747   -10.41    8.01
-182719.404   286.250    -6.82    6.37
-182352.944   283.313    -8.01    3.97
-181986.416   281.043    -6.19    3.87
-181619.822   277.906    -8.56    5.21
-181253.160   273.370   -12.37    8.71
-180886.432   267.508   -15.98   10.90
-180519.637   260.031   -20.38   11.02
-180152.774   253.430   -17.99    7.75
-179785.845   248.658   -13.00    3.51
-179418.849   246.430    -6.07    2.31
-179051.785   244.631    -4.90    2.11
-178684.655   243.196    -3.91    2.05
-178317.457   241.591    -4.37    2.02
-177950.192   240.183    -3.83    1.88
-177582.859   238.762    -3.87    1.86
-177215.460   237.370    -3.79    2.05
-176847.993   235.320    -5.58    2.86
-176480.458   233.070    -6.12    3.73
-176112.856   230.568    -6.80    3.46
-175745.187   228.207    -6.42    2.93
-175377.450   226.331    -5.10    1.75
-175009.646   225.011    -3.59    1.85
-174641.774   223.830    -3.21    1.88
-174273.835   222.537    -3.51    2.13
-173905.828   221.351    -3.22    2.08
-173537.753   219.987    -3.70    2.31
-173169.611   218.683    -3.54    2.32
-172801.401   216.765    -5.21    2.84
-172433.123   214.765    -5.43    3.35
-172064.777   212.227    -6.89    3.68
-171696.363   209.798    -6.59    3.69
-171327.882   206.928    -7.79    3.46
-170959.332   204.458    -6.70    3.26
-170590.715   201.857    -7.05    2.79
-170222.029   199.787    -5.61    2.58
-169853.275   197.735    -5.57    2.26
-169484.454   195.847    -5.12    2.43
-169115.564   193.713    -5.79    2.31
-168746.606   191.719    -5.40    2.52
-168377.580   189.743    -5.35    2.12
-168008.486   187.801    -5.26    2.25
-167639.323   185.868    -5.24    2.21
-167270.092   183.682    -5.92    2.80
-166900.793   181.298    -6.45    2.79
-166531.425   178.846    -6.64    3.09
-166161.989   176.235    -7.07    3.03
-165792.485   173.521    -7.34    3.27
-165422.911   170.905    -7.08    3.19
-165053.270   167.787    -8.43    3.21
-164683.560   165.122    -7.21    3.22
-164313.781   162.135    -8.08    3.27
-163943.933   159.529    -7.05    2.89
-163574.017   157.143    -6.45    2.38
-163204.032   155.273    -5.06    2.14
-162833.979   153.376    -5.13    2.10
-162463.856   151.652    -4.66    2.16
-162093.665   149.740    -5.16    2.22
-161723.405   148.046    -4.57    2.33
-161353.075   146.050    -5.39    2.21
-160982.677   144.614    -3.88    1.98
-160612.210   143.196    -3.83    1.50
-160241.674   142.273    -2.49    1.22
-159871.069   141.345    -2.50    0.90
-159500.395   140.643    -1.89    0.90
-159129.651   139.954    -1.86    0.84
-158758.838   139.498    -1.23    0.77
-158387.957   138.977    -1.41    0.61
-158017.005   138.661    -0.85    0.71
-157645.985   138.368    -0.79    0.83
-157274.895   137.823    -1.47    1.06
-156903.736   137.368    -1.22    1.18
-156532.507   136.870    -1.34    1.33
-156161.209   136.593    -0.74    1.51
-155789.841   136.405    -0.51    1.97
-155418.404   136.486     0.22    2.34
-155046.898   136.606     0.32    2.84
-154675.321   137.066     1.24    3.63
-154303.675   137.617     1.48    4.07
-153931.959   138.640     2.75    4.97
-153560.174   139.696     2.84    5.32
-153188.319   140.833     3.06    5.36
-152816.394   145.033    11.29   10.65
-152444.399   148.881    10.34   12.47
-152072.334   150.342     3.92   11.79
-151700.199   151.508     3.13   11.93
-151327.995   151.155    -0.95   13.43
-150955.720   148.296    -7.68   15.03
-150583.375   144.882    -9.17   15.98
-150210.960   140.091   -12.86   10.31
-149838.475   136.187   -10.48    1.20
-149465.920   135.917    -0.73    0.15
-149093.295   135.893    -0.06    0.00
-148720.599   135.893     0.00    0.00
-148347.833   138.789     7.77    9.06
-147974.997   151.951    35.30   28.88
-147602.090   182.246    81.23   53.64
-147229.113   222.282   107.33   70.24
-146856.066   271.291   131.36   66.60
-146482.948   302.453    83.51   51.47
-146109.760   317.453    40.19   50.56
-145736.501   306.428   -29.53   72.91
-145363.171   273.035   -89.44   87.34
-144989.771   232.679  -108.06   77.84
-144616.300   201.462   -83.58   58.99
-144242.758   188.258   -35.34   47.24
-143869.145   182.524   -15.35   45.51
-143495.462   171.940   -28.32   39.71
-143121.708   159.799   -32.48   26.52
-142747.883   152.798   -18.73   14.77
-142373.987   151.723    -2.88   16.70
-142000.020   151.752     0.08   17.11
-141625.982   148.870    -7.71   11.67
-141251.873   145.847    -8.08    7.65
-140877.693   144.470    -3.68    5.19
-140503.442   144.120    -0.94    4.31
-140129.120   144.439     0.85    6.73
-139754.726   144.066    -1.00    6.78
-139380.261   142.584    -3.96    1.41
-139005.725   142.300    -0.76    0.54
-138631.118   142.138    -0.43    0.51
-138256.439   141.978    -0.43    0.47
-137881.689   141.723    -0.68    0.53
-137506.867   141.399    -0.86    0.63
-137131.974   140.953    -1.19    0.75
-136757.009   140.556    -1.06    0.71
-136381.973   140.312    -0.65    0.52
-136006.865   140.303    -0.02    0.56
-135631.686   140.411     0.29    0.66
-135256.434   140.626     0.57    0.60
-134881.111   140.705     0.21    0.50
-134505.717   140.510    -0.52    0.60
-134130.250   140.010    -1.33    0.87
-133754.712   139.592    -1.11    0.85
-133379.101   139.149    -1.18    0.54
-133003.419   138.940    -0.56    0.21
-132627.665   139.204     0.70    0.67
-132251.839   139.765     1.49    1.07
-131875.940   140.468     1.87    1.09
-131499.970   141.219     2.00    0.84
-131123.927   141.882     1.76    0.85
-130747.812   142.857     2.59    1.73
-130371.625   146.098     8.61    5.04
-129995.366   150.310    11.19    7.12
-129619.034   155.617    14.10    8.41
-129242.630   160.967    14.21    8.95
-128866.154   166.985    15.98    9.56
-128489.605   173.606    17.58   10.00
-128112.984   182.434    23.44   12.09
-127736.290   193.706    29.92   14.53
-127359.524   210.043    43.36   20.29
-126982.685   232.079    58.47   26.08
-126605.773   262.457    80.59   40.70
-126228.789   297.980    94.22   53.22
-125851.732   332.307    91.03   58.89
-125474.602   364.486    85.32   51.57
-125097.399   370.813    16.77   40.89
-124720.124   356.496   -37.95   40.48
-124342.775   335.503   -55.63   40.95
-123965.354   310.036   -67.47   27.97
-123587.860   294.591   -40.91   19.47
-123210.292   283.579   -29.16   17.45
-122832.652   274.353   -24.43   16.54
-122454.938   266.196   -21.59   11.12
-122077.152   264.927    -3.36    8.49
-121699.292   269.134    11.13    9.70
-121321.359   277.635    22.49   12.09
-120943.352   290.098    32.97   14.52
-120565.273   304.869    39.07   18.82
-120187.120   325.405    54.30   25.99
-119808.893   346.870    56.75   34.25
-119430.593   371.079    63.99   35.09
-119052.220   391.568    54.14   34.15
-118673.773   417.789    69.28   38.77
-118295.252   448.556    81.28   53.61
-117916.658   483.652    92.69   61.93
-117537.991   514.453    81.33   54.59
-117159.249   519.916    14.42   41.86
-116780.434   500.454   -51.37   51.26
-116401.545   468.123   -85.32   63.21
-116022.582   425.101  -113.52   51.42
-115643.545   410.416   -38.74   39.70
-115264.435   423.461    34.41   52.84
-114885.250   455.112    83.46   61.13
-114505.991   500.381   119.35   49.11
-114126.659   533.640    87.67   37.03
-113747.252   551.787    47.83   26.29
-113367.771   556.123    11.42   28.35
-112988.216   542.616   -35.58   37.71
-112608.587   523.143   -51.29   36.96
-112228.883   514.541   -22.65   35.95
-111849.105   512.524    -5.31   37.01
-111469.253   516.359    10.10   34.29
-111089.327   518.434     5.46   32.03
-110709.326   507.652   -28.37   41.28
-110329.250   485.661   -57.86   50.13
-109949.100   454.734   -81.35   54.33
-109568.875   425.870   -75.91   41.19
-109188.576   406.624   -50.60   25.85
-108808.202   394.659   -31.45   13.03
-108432.063   391.462    -8.50   14.95
-108065.880   388.905    -6.98   19.90
-107699.629   383.008   -16.10   20.61
-107333.309   375.533   -20.41   17.65
-106966.921   370.041   -14.99   14.26
-106600.464   366.966    -8.39   13.47
-106233.939   372.606    15.39   27.69
-105867.345   383.859    30.69   47.68
-105500.682   395.435    31.57   56.23
-105133.951   393.709    -4.70   51.39
-104767.151   385.776   -21.63   39.14
-104400.282   378.204   -20.64   26.96
-104033.344   369.634   -23.35   16.22
-103666.338   359.572   -27.42   15.65
-103299.262   346.332   -36.06   16.19
-102932.118   333.043   -36.19   18.50
-102564.905   319.858   -35.90   14.64
-102197.622   309.143   -29.17   10.01
-101830.271   302.962   -16.82    5.23
-101462.851   312.799    26.77   32.09
-101095.361   328.307    42.20   50.45
-100727.802   339.859    31.43   55.11
-100360.175   343.568    10.09   47.23
 -99992.477   345.265     4.62   32.49
 -99624.711   349.564    11.69   32.76
 -99256.875   368.584    51.70   38.52
 -98888.970   384.632    43.62   38.55
 -98520.996   396.881    33.29   39.59
 -98152.952   406.143    25.16   35.92
 -97784.839   422.906    45.53   35.39
 -97416.656   436.399    36.65   35.80
 -97048.403   447.346    29.72   30.23
 -96680.081   460.643    36.10   30.47
 -96311.690   466.608    16.19   35.70
 -95943.229   458.121   -23.03   39.49
 -95574.698   446.640   -31.15   43.76
 -95206.097   427.556   -51.77   45.64
 -94837.426   405.983   -58.51   41.49
 -94468.686   392.227   -37.30   34.46
 -94099.876   392.859     1.72   27.90
 -93730.996   398.859    16.26   21.46
 -93362.046   406.007    19.37   22.39
 -92993.026   412.012    16.27   25.52
 -92623.936   399.393   -34.19   35.59
 -92254.775   378.060   -57.78   39.05
 -91885.545   358.738   -52.33   34.91
 -91516.245   348.320   -28.21   26.37
 -91146.874   355.916    20.56   29.87
 -90777.434   372.214    44.11   36.36
 -90407.923   400.997    77.89   49.14
 -90038.341   432.941    86.43   51.10
 -89668.690   472.007   105.68   55.23
 -89298.968   499.458    74.24   53.62
 -88929.175   528.155    77.60   56.97
 -88559.312   564.265    97.63   63.08
 -88189.379   622.940   158.60   80.41
 -87819.375   673.790   137.42   77.82
 -87449.300   698.823    67.64   56.90
 -87079.155   672.927   -69.96   78.91
 -86708.939   622.041  -137.44   87.25
 -86338.653   567.008  -148.61   66.54
 -85968.295   536.463   -82.47   50.53
 -85597.867   518.530   -48.41   60.80
 -85227.369   519.846     3.55   71.03
 -84856.799   562.337   114.65   82.50
 -84486.158   613.740   138.68   96.38
 -84115.447   647.514    91.10   88.66
 -83744.664   655.662    21.97   84.35
 -83373.810   611.507  -119.05  102.81
 -83002.886   556.747  -147.62   88.14
 -82631.890   523.950   -88.40   79.71
 -82260.823   487.191   -99.06   88.82
 -81889.685   448.616  -103.93   96.27
 -81518.476   400.327  -130.08   80.83
 -81147.195   356.801  -117.22   45.45
 -80775.843   330.941   -69.63   29.08
 -80404.420   312.905   -48.56   24.73
 -80032.925   299.774   -35.34   22.79
 -79661.359   286.927   -34.57   19.78
 -79289.721   276.646   -27.66   19.95
 -78918.012   266.927   -26.14   20.35
 -78546.232   258.623   -22.34   23.82
 -78174.379   244.746   -37.32   24.92
 -77802.456   230.457   -38.42   23.79
 -77430.460   211.626   -50.62   19.47
 -77058.393   197.066   -39.13   15.87
 -76686.254   183.207   -37.24   14.27
 -76314.043   171.087   -32.56   14.52
 -75941.760   158.643   -33.42   14.48
 -75569.406   150.905   -20.78   10.93
 -75196.979   154.996    10.98   20.15
 -74824.481   171.348    43.90   36.76
 -74451.910   194.594    62.39   43.98
 -74079.268   207.534    34.72   45.70
 -73706.553   217.161    25.83   46.73
 -73333.766   223.007    15.68   42.24
 -72960.907   233.579    28.35   36.31
 -72587.976   238.087    12.09   36.09
 -72214.973   244.114    16.16   32.15
 -71841.897   250.837    18.02   29.09
 -71468.749   271.231    54.65   36.11
 -71095.528   302.041    82.55   46.18
 -70722.235   327.475    68.13   37.92
 -70348.870   331.962    12.02   31.51
 -69975.432   330.453    -4.04   29.01
 -69601.922   329.223    -3.29   25.66
 -69228.339   339.072    26.36   29.41
 -68854.683   350.825    31.45   30.31
 -68480.955   358.870    21.52   34.38
 -68107.154   365.091    16.64   37.57
 -67733.280   380.881    42.23   53.95
 -67359.333   435.838   146.96   97.41
 -66985.314   508.544   194.38  117.74
 -66611.221   565.549   152.37  101.07
 -66237.056   583.015    46.68   90.24
 -65862.818   576.652   -17.00   88.02
 -65488.506   567.101   -25.52   88.21
 -65114.122   556.666   -27.87   67.72
 -64739.665   541.870   -39.51   69.61
 -64365.134   499.465  -113.22   95.79
 -63990.530   436.441  -168.23   81.96
 -63615.853   377.905  -156.22   57.34
 -63241.103   338.808  -104.32   37.48
 -62866.279   307.296   -84.07   44.80
 -62491.382   278.491   -76.83   43.32
 -62116.412   254.075   -65.11   39.20
 -61741.368   229.441   -65.68   30.06
 -61366.251   222.560   -18.34   27.70
 -60991.060   226.613    10.80   32.88
 -60615.796   245.971    51.58   37.83
 -60240.458   266.536    54.79   27.71
 -59865.046   282.700    43.05   29.90
 -59489.560   294.761    32.12   32.88
 -59114.001   294.422    -0.90   35.89
 -58738.368   285.247   -24.42   44.59
 -58362.662   259.564   -68.36   43.59
 -57986.881   236.762   -60.67   36.00
 -57611.026   242.750    15.93   47.97
 -57235.098   252.512    25.97   58.07
 -56859.095   255.410     7.71   60.33
 -56483.019   263.207    20.73   63.15
 -56106.868   266.223     8.02   64.34
 -55730.643   260.101   -16.27   67.34
 -55354.344   238.802   -56.60   66.06
 -54977.971   209.762   -77.15   59.05
 -54601.524   173.802   -95.52   39.02
 -54225.002   149.893   -63.50   25.76
 -53848.406   133.938   -42.37   14.28
 -53471.735   124.207   -25.83    8.91
 -53094.990   118.421   -15.36    6.13
 -52718.171   114.705    -9.86    4.87
 -52341.277   111.814    -7.67    4.84
 -51964.308   105.117   -17.76   11.35
 -51587.265    96.768   -22.14   13.77
 -51210.147    87.742   -23.93   10.62
 -50832.955    84.030    -9.84    6.05
 -50455.688    84.789     2.01    3.83
 -50078.346    88.671    10.29    5.11
 -49700.929    92.572    10.33    4.71
 -49323.437    97.166    12.17    5.30
 -48945.870   102.238    13.43    6.90
 -48568.229   107.227    13.21    7.14
 -48190.512   111.962    12.54    5.28
 -47812.720   115.123     8.37    3.31
 -47434.853   117.302     5.77    4.27
 -47056.911   119.587     6.04    5.15
 -46678.894   122.112     6.68    5.10
 -46300.802   125.215     8.21    5.63
 -45922.634   128.246     8.01    5.25
 -45544.391   131.537     8.70    5.40
 -45166.073   135.007     9.17    6.14
 -44787.679   138.780     9.97    7.75
 -44409.210   142.660    10.25    9.44
 -44030.665   148.319    14.95   11.47
 -43652.044   155.516    19.01   11.89
 -43273.349   161.917    16.90    9.20
 -42894.577   167.552    14.88    7.87
 -42515.730   170.298     7.25    7.94
 -42136.807   172.006     4.51    7.91
 -41757.808   173.820     4.79    7.33
 -41378.734   174.927     2.92    6.26
 -40999.583   177.786     7.54    6.18
 -40620.357   180.535     7.25    6.79
 -40241.055   184.322     9.98    8.35
 -39861.676   189.904    14.71   10.67
 -39482.222   195.917    15.85   11.27
 -39102.692   201.325    14.25    9.88
 -38723.085   204.822     9.21    8.38
 -38343.403   205.118     0.78    8.88
 -37963.644   202.870    -5.92   10.18
 -37583.808   201.649    -3.22    9.33
 -37203.897   200.077    -4.14    7.62
 -36823.909   199.837    -0.63    6.80
 -36443.845   201.950     5.56    5.92
 -36063.704   203.271     3.47    5.21
 -35683.487   204.382     2.92    4.61
 -35303.193   205.189     2.12    3.09
 -34922.823   206.541     3.56    3.86
 -34542.376   209.643     8.15    5.91
 -34161.852   211.702     5.41    5.54
 -33781.252   211.537    -0.43    5.18
 -33415.079   208.939    -7.10    5.72
 -33049.044   205.462    -9.50    5.29
 -32682.940   201.280   -11.42    4.59
 -32316.765   199.163    -5.78    4.99
 -31950.520   196.096    -8.38    6.60
 -31584.204   191.062   -13.74    8.11
 -31217.819   186.068   -13.63    7.81
 -30851.363   184.219    -5.04    7.90
 -30484.836   181.540    -7.31   11.55
 -30118.240   176.332   -14.21   18.28
 -29751.573   170.215   -16.68   21.99
 -29384.835   159.376   -29.55   23.31
 -29018.027   152.675   -18.27   21.15
 -28651.148   150.473    -6.00   18.58
 -28284.199   147.689    -7.59   16.31
 -27917.179   147.905     0.59   13.00
 -27550.088   150.421     6.86    7.69
 -27182.926   144.732   -15.49   10.22
 -26815.694   144.962     0.62   11.18
 -26448.391   145.084     0.33   13.58
 -26081.017   140.882   -11.44   19.11
 -25713.572   148.346    20.31   22.86
 -25346.057   148.622     0.75   23.91
 -24978.470   137.575   -30.05   34.31
 -24610.812   125.739   -32.19   41.95
 -24243.084   113.916   -32.15   37.47
 -23875.284   115.152     3.36   33.68
 -23507.413   130.155    40.78   33.82
 -23139.470   151.064    56.83   22.99
 -22771.457   163.882    34.83   15.38
 -22403.372   171.354    20.30   13.15
 -22035.216   174.060     7.35   10.37
 -21666.989   175.486     3.87    7.91
 -21298.690   175.893     1.11    6.88
 -20930.320   176.725     2.26    6.77
 -20561.878   174.051    -7.26    8.04
 -20193.365   169.327   -12.82    8.12
 -19824.780   166.337    -8.11    7.28
 -19456.124   164.434    -5.16    5.78
 -19087.396   163.871    -1.53    4.77
 -18718.597   163.246    -1.70    4.47
 -18349.725   159.960    -8.91    4.87
 -17980.782   156.882    -8.34    6.08
 -17611.767   154.541    -6.34    6.81
 -17242.681   147.927   -17.92   15.30
 -16873.522   138.066   -26.71   20.25
 -16504.291   130.311   -21.00   19.53
 -16134.989   122.640   -20.77   15.15
 -15765.614   120.223    -6.54   13.55
 -15396.168   116.591    -9.83   13.36
 -15026.649   117.311     1.95   10.80
 -14657.058   116.489    -2.22    8.72
 -14287.395   116.160    -0.89    9.10
 -13917.660   111.417   -12.83   17.50
 -13547.852   100.905   -28.43   22.96
 -13177.972    92.623   -22.39   20.93
 -12808.020    81.444   -30.22   16.97
 -12437.996    73.824   -20.59   17.13
 -12067.899    64.028   -26.47   18.31
 -11697.729    52.405   -31.40   13.96
 -11327.487    46.006   -17.28   13.28
 -10957.173    43.028    -8.04   14.33
 -10586.786    38.348   -12.64   15.44
 -10216.326    36.107    -6.05   15.84
  -9845.793    30.583   -14.91   13.68
  -9475.188    25.593   -13.46   11.31
  -9104.510    19.870   -15.44    7.10
  -8733.759    16.069   -10.25    4.64
  -8362.936    13.584    -6.70    3.56
  -7992.039    11.415    -5.85    3.65
  -7621.070     9.556    -5.01    3.11
  -7250.027     7.806    -4.72    3.08
  -6878.912     5.584    -5.99    2.79
  -6507.723     3.465    -5.71    2.74
  -6136.461     1.755    -4.60    1.91
  -5765.127     0.938    -2.20    1.02
  -5393.718     0.358    -1.56    0.88
  -5022.237    -0.118    -1.28    1.05
  -4650.683    -0.425    -0.83    1.10
  -4279.055    -0.964    -1.45    0.48
  -3907.353    -1.107    -0.38    0.00
  -3535.579    -1.107     0.00    0.00
  -3163.731    -1.016     0.24    0.42
  -2791.809    -0.663     0.95    0.95
  -2419.814    -0.107     1.50    1.22
  -2047.745     0.507     1.65    1.25
  -1675.602     0.916     1.10    1.16
  -1303.386     0.939     0.06    1.40
   -931.096     0.597    -0.92    1.71
   -558.733     0.169    -1.15    1.63
   -186.296     0.527     0.96    2.18
    186.216     1.337     2.17    2.90
    558.801     2.630     3.47    3.36
    931.460     3.767     3.05    3.63
   1304.193     4.469     1.88    4.07
   1677.000     4.870     1.07    4.49
   2049.881     5.067     0.53    4.75
   2422.836     5.203     0.36    4.95
   2795.866     5.049    -0.41    4.92
   3168.969     4.965    -0.23    5.04
   3542.147     5.038     0.20    5.03
   3915.399     5.024    -0.04    5.12
   4288.726     5.410     1.03    5.37
   4662.127     5.857     1.20    5.54
   5035.602     6.680     2.20    5.86
   5409.152     8.114     3.84    6.02
   5782.776    10.360     6.01    6.07
   6156.475    13.043     7.18    5.60
   6530.248    19.816    18.12   11.07
   6904.096    32.450    33.79   21.49
   7278.019    57.201    66.19   36.52
   7652.016    87.482    80.97   43.36
   8026.088   121.204    90.15   44.72
   8400.235   156.003    93.01   42.18
   8774.457   190.204    91.39   43.41
   9148.754   221.660    84.04   39.93
   9523.126   244.729    61.62   38.31
   9897.573   270.268    68.21   41.83
  10272.094   310.371   107.08   54.38
  10646.691   350.234   106.42   59.19
  11021.363   395.882   121.84   51.34
  11396.110   422.601    71.30   35.51
  11770.933   433.355    28.69   42.93
  12145.831   436.249     7.72   50.16
  12520.803   431.404   -12.92   50.41
  12895.852   404.860   -70.78   56.76
  13270.976   356.860  -127.96   81.79
  13646.175   298.075  -156.68   80.43
  14021.449   262.689   -94.30   57.88
  14396.800   254.827   -20.95   50.81
  14772.225   262.360    20.07   51.91
  15147.727   268.657    16.77   49.58
  15523.304   283.449    39.38   54.24
  15898.957   302.093    49.63   60.10
  16274.685   328.141    69.33   65.95
  16650.489   349.949    58.03   68.45
  17026.370   389.268   104.61   68.14
  17402.326   424.443    93.56   60.79
  17778.358   451.177    71.10   49.16
  18154.466   461.593    27.69   57.93
  18530.650   474.604    34.59   73.16
  18906.910   496.693    58.71   79.81
  19283.246   521.388    65.62   72.59
  19659.659   529.804    22.36   54.47
  20036.147   529.087    -1.91   51.30
  20412.712   539.449    27.52   57.57
  20789.354   551.047    30.79   58.01
  21166.071   549.971    -2.86   55.27
  21542.865   554.771    12.74   52.02
  21919.736   553.716    -2.80   50.95
  22296.683   564.348    28.21   44.17
  22673.706   576.238    31.54   36.02
  23050.806   577.304     2.83   44.97
  23427.983   574.038    -8.66   58.92
  23805.236   548.949   -66.51   68.08
  24182.566   533.252   -41.60   73.94
  24559.973   522.593   -28.24   67.97
  24937.457   508.904   -36.26   66.59
  25315.017   505.127   -10.01   73.07
  25692.655   527.289    58.69   95.07
  26070.369   591.060   168.84  108.51
  26448.161   645.242   143.42  105.61
  26826.029   722.564   204.63  118.94
  27203.975   777.655   145.77  118.71
  27581.997   805.882    74.67  110.18
  27960.097   796.640   -24.44  113.80
  28338.274   752.553  -116.58  113.22
  28716.529   707.905  -118.04   96.91
  29094.861   657.915  -132.13   96.82
  29473.270   621.621   -95.92   91.04
  29851.756   570.160  -135.97   80.58
  30230.320   528.325  -110.51   67.57
  30608.962   491.256   -97.90   49.33
  30987.681   473.312   -47.38   38.53
  31366.478   468.328   -13.16   36.44
  31745.352   463.997   -11.43   34.68
  32124.304   443.491   -54.11   39.44
  32503.334   414.176   -77.35   44.26
  32882.442   390.399   -62.72   36.31
  33261.627   380.046   -27.30   25.10
  33640.890   385.469    14.30   35.63
  34020.232   400.882    40.63   51.00
  34399.651   408.393    19.80   61.76
  34779.148   411.254     7.54   68.75
  35158.724   408.556    -7.11   63.45
  35538.377   416.614    21.22   63.41
  35918.109   432.404    41.58   58.20
  36297.919   450.893    48.68   47.63
  36677.807   456.783    15.51   33.99
  37057.774   445.771   -28.98   30.38
  37437.819   430.036   -41.40   33.75
  37817.942   410.393   -51.68   32.43
  38198.144   394.014   -43.08   25.68
  38578.424   386.410   -20.00   26.42
  38958.783   392.980    17.27   32.78
  39339.221   395.677     7.09   36.16
  39719.737   395.871     0.51   39.61
  40100.332   386.593   -24.38   41.31
  40481.006   375.377   -29.47   37.54
  40861.758   357.138   -47.90   34.19
  41232.571   344.350   -34.49   32.07
  41598.384   329.264   -41.24   29.86
  41964.268   312.013   -47.15   28.35
  42330.224   296.700   -41.84   22.14
  42696.252   297.416     1.95   26.89
  43062.352   313.599    44.21   50.79
  43428.524   337.553    65.42   68.40
  43794.768   366.300    78.50   74.49
  44161.083   403.322   101.07   72.01
  44527.472   446.996   119.20   70.52
  44893.932   488.838   114.18   69.66
  45260.464   520.471    86.31   45.25
  45627.069   522.949     6.76   43.59
  45993.746   498.872   -65.67   60.41
  46360.495   452.770  -125.71   58.81
  46727.317   411.711  -111.94   51.77
  47094.211   376.691   -95.45   44.94
  47461.177   349.065   -75.28   35.45
  47828.217   330.215   -51.36   23.37
  48195.328   323.230   -19.03   18.55
  48562.512   322.655    -1.57   20.20
  48929.769   322.091    -1.53   25.81
  49297.098   321.460    -1.72   29.71
  49664.501   322.313     2.32   35.07
  50031.975   328.333    16.38   36.50
  50399.523   340.216    32.33   36.46
  50767.144   350.622    28.31   35.97
  51134.837   357.568    18.89   36.33
  51502.604   356.730    -2.28   40.69
  51870.443   345.045   -31.77   49.85
  52238.355   323.448   -58.70   54.35
  52606.341   296.685   -72.73   55.78
  52974.399   264.638   -87.07   49.80
  53342.531   238.743   -70.34   34.54
  53710.735   221.182   -47.69   18.49
  54079.014   214.067   -19.32   11.57
  54447.365   216.302     6.07   15.08
  54815.789   234.443    49.24   38.31
  55184.287   271.663   101.01   61.43
  55552.859   319.058   128.60   67.73
  55921.504   362.370   117.49   46.88
  56290.222   377.578    41.25   31.28
  56659.014   364.138   -36.45   44.95
  57027.879   319.763  -120.31   63.96
  57396.818   265.635  -146.72   63.51
  57765.831   219.372  -125.38   46.52
  58134.918   198.049   -57.77   25.64
  58504.078   201.004     8.01   26.36
  58873.312   221.296    54.96   39.19
  59242.619   249.838    77.29   42.11
  59612.001   263.404    36.73   38.15
  59981.457   263.601     0.53   37.79
  60350.986   250.154   -36.39   34.95
  60720.590   233.917   -43.93   26.03
  61090.268   225.350   -23.17   15.97
  61460.019   225.340    -0.03   11.87
  61829.845   235.388    27.17   19.89
  62199.746   256.319    56.59   33.70
  62569.720   289.404    89.43   46.36
  62939.769   326.702   100.80   54.89
  63309.891   366.078   106.39   57.47
  63680.089   399.027    89.01   59.24
  64050.361   438.959   107.85   62.34
  64420.707   479.904   110.56   64.86
  64791.127   519.399   106.63   59.53
  65161.623   546.415    72.92   37.66
  65532.193   548.804     6.45   32.84
  65902.837   528.426   -54.98   47.08
  66273.556   489.669  -104.55   57.59
  66644.350   441.162  -130.82   65.03
  67015.219   391.835  -133.01   58.98
  67386.162   358.237   -90.58   41.41
  67757.181   345.777   -33.59   23.51
  68128.274   359.517    37.03   27.11
  68499.442   367.399    21.24   23.51
  68870.685   356.828   -28.48   37.31
  69242.004   334.604   -59.85   48.83
  69613.397   307.421   -73.20   43.93
  69984.865   290.205   -46.35   30.25
  70356.409   287.168    -8.17   23.96
  70728.028   290.056     7.77   21.84
  71099.722   289.590    -1.25   16.84
  71471.491   288.452    -3.06   12.01
  71843.336   290.302     4.98    8.48
  72215.256   294.752    11.96    9.26
  72587.252   301.660    18.57   13.17
  72959.323   311.209    25.66   17.73
  73331.470   327.629    44.13   25.83
  73703.692   352.230    66.10   39.77
  74075.990   384.199    85.87   43.76
  74448.364   425.044   109.69   46.48
  74820.813   452.196    72.90   34.63
  75193.338   449.356    -7.62   41.72
  75565.939   434.376   -40.21   49.67
  75938.616   415.635   -50.29   37.49
  76311.368   410.564   -13.61   24.70
  76684.197   428.806    48.93   32.99
  77057.102   452.141    62.58   34.88
  77430.082   466.969    39.76   30.08
  77803.139   466.168    -2.15   32.88
  78176.272   445.818   -54.54   38.44
  78549.481   422.168   -63.37   29.34
  78922.766   404.980   -46.05   24.12
  79296.128   393.067   -31.91   27.67
  79669.566   377.393   -41.97   28.83
  80043.080   365.024   -33.12   25.00
  80416.671   354.805   -27.35   18.68
  80790.338   359.219    11.81   24.81
  81164.082   375.182    42.71   31.25
  81537.902   384.502    24.93   28.95
  81911.799   379.564   -13.21   36.41
  82285.772   358.969   -55.07   40.63
  82659.822   337.970   -56.14   27.33
  83033.949   331.622   -16.97   16.65
  83408.153   339.746    21.71   20.24
  83782.433   355.643    42.48   22.38
  84156.791   378.268    60.44   28.26
  84531.225   401.409    61.81   31.75
  84905.736   413.077    31.16   27.99
  85280.324   404.915   -21.79   36.62
  85654.990   381.181   -63.35   42.69
  86029.732   353.272   -74.48   43.94
  86404.552   337.450   -42.22   45.35
  86779.449   334.925    -6.74   41.21
  87154.423   344.473    25.46   47.02
  87529.474   375.000    81.40   60.75
  87904.603   408.434    89.13   54.01
  88279.809   417.205    23.38   44.78
  88655.093   408.594   -22.95   50.32
  89030.454   368.904  -105.75   69.93
  89405.893   315.768  -141.54   60.85
  89781.409   275.209  -108.02   35.89
  90157.003   255.287   -53.04   22.79
  90532.674   251.350   -10.48   22.32
  90908.424   251.349    -0.00   21.27
  91284.251   246.198   -13.71   19.07
  91660.156   236.509   -25.78   21.29
  92036.138   218.611   -47.61   25.31
  92412.199   202.157   -43.76   24.34
  92788.338   186.013   -42.92   20.63
  93164.554   170.124   -42.24   23.02
  93540.849   152.657   -46.42   22.97
  93917.222   139.850   -34.03   17.59
  94293.673   135.676   -11.09   13.26
  94670.202   140.915    13.92   17.04
  95046.810   152.035    29.53   18.29
  95423.496   163.926    31.57   13.80
  95800.260   167.632     9.84   10.66
  96177.102   161.194   -17.09   17.91
  96554.023   151.122   -26.73   20.95
  96931.023   144.764   -16.86   19.65
  97308.101   139.080   -15.08   16.72
  97685.258   136.969    -5.60   14.96
  98062.493   132.959   -10.63   13.10
  98439.807   128.797   -11.03   10.21
  98817.200   130.437     4.35   12.16
  99194.671   138.978    22.63   17.51
  99572.222   151.448    33.03   17.08
  99949.851   162.393    28.99    9.93
 100327.559   169.535    18.91    5.68
 100705.347   174.575    13.34    6.12
 101083.213   180.325    15.22    6.12
 101461.158   184.338    10.62    4.50
 101839.183   185.755     3.75    3.91
 102217.286   184.039    -4.54    6.35
 102595.469   179.191   -12.82    8.23
 102973.731   176.223    -7.85    6.91
 103352.073   177.259     2.74    7.54
 103730.494   183.473    16.42   11.68
 104108.994   198.212    38.95   21.42
 104487.574   214.520    43.08   24.20
 104866.233   231.571    45.03   21.70
 105244.972   244.509    34.16   18.61
 105623.791   249.600    13.44   16.73
 106002.689   246.718    -7.61   18.34
 106381.667   241.937   -12.62   18.62
 106760.724   237.871   -10.73   13.85
 107139.862   240.452     6.81   16.19
 107519.079   250.460    26.39   18.24
 107898.377   259.968    25.07   21.26
 108277.754   272.354    32.65   28.92
 108657.211   288.377    42.23   36.01
 109036.749   306.732    48.37   43.61
 109416.366   319.625    33.96   40.81
 109796.064   325.526    15.54   36.75
 110175.842   323.248    -6.00   33.42
 110555.700   318.882   -11.50   37.04
 110935.639   307.926   -28.84   37.90
 111315.658   298.393   -25.09   35.45
 111695.757   296.786    -4.23   33.13
 112075.937   303.552    17.80   36.88
 112456.197   313.893    27.20   39.72
 112836.538   327.893    36.81   45.06
 113216.960   330.657     7.26   44.20
 113597.462   328.027    -6.91   43.10
 113978.045   319.209   -23.17   37.57
 114358.709   309.770   -24.80   28.59
 114739.453   303.181   -17.31   22.99
 115120.279   303.311     0.34   21.62
 115501.185   308.743    14.26   25.53
 115877.031   316.459    20.53   30.71
 116242.614   319.117     7.27   28.88
 116608.271   313.537   -15.26   26.56
 116974.002   305.377   -22.31   22.26
 117339.806   300.782   -12.56   16.64
 117705.684   305.989    14.23   20.72
 118071.636   319.721    37.53   25.71
 118437.661   324.171    12.16   26.02
 118803.760   322.787    -3.78   29.18
 119169.934   326.322     9.65   33.52
 119536.180   338.883    34.30   41.80
 119902.501   371.287    88.47   51.14
 120268.896   403.255    87.26   49.27
 120635.365   416.141    35.16   45.11
 121001.908   393.138   -62.76   63.95
 121368.525   364.711   -77.55   59.61
 121735.216   354.154   -28.79   46.01
 122101.982   364.649    28.62   45.70
 122468.822   388.825    65.91   41.97
 122835.736   402.830    38.17   37.11
 123202.724   406.549    10.14   29.46
 123569.786   408.712     5.89   33.34
 123936.924   407.677    -2.82   37.01
 124304.135   401.776   -16.07   39.96
 124671.421   404.513     7.45   47.34
 125038.782   400.567   -10.74   54.29
 125406.217   414.915    39.05   51.88
 125773.727   437.860    62.44   52.97
 126141.312   451.436    36.94   51.45
 126508.971   463.674    33.29   52.61
 126876.705   458.022   -15.37   60.45
 127244.514   430.006   -76.18   66.96
 127612.398   404.425   -69.54   54.68
 127980.357   393.041   -30.94   47.13
 128348.390   375.119   -48.70   50.14
 128716.499   348.535   -72.23   52.33
 129084.683   308.689  -108.23   47.16
 129452.942   280.108   -77.62   46.77
 129821.276   265.671   -39.20   44.22
 130189.685   272.106    17.47   54.10
 130558.170   287.080    40.64   59.87
 130926.729   298.244    30.29   51.21
 131295.364   298.234    -0.03   47.69
 131664.075   289.764   -22.97   44.43
 132032.861   281.526   -22.34   46.28
 132401.722   274.978   -17.75   48.25
 132770.659   264.256   -29.06   54.78
 133139.671   252.915   -30.74   55.93
 133508.760   239.095   -37.45   53.78
 133877.923   224.351   -39.94   51.17
 134247.163   208.595   -42.67   47.23
 134616.478   182.818   -69.80   48.15
 134985.869   162.178   -55.88   42.41
 135355.335   143.257   -51.22   37.36
 135724.878   130.042   -35.76   35.01
 136094.497   119.649   -28.12   33.71
 136464.191   105.173   -39.16   34.75
 136833.962    88.444   -45.25   33.85
 137203.809    72.117   -44.15   28.99
 137573.731    60.198   -32.22   18.04
 137943.730    53.472   -18.18    2.52
 138313.805    52.980    -1.33    3.09
 138683.957    52.614    -0.99    3.35
 139054.185    53.840     3.31    5.59
 139424.489    60.230    17.26   11.57
 139794.869    71.606    30.72   17.34
 140165.326    87.938    44.09   24.02
 140535.859   107.735    53.44   31.41
 140906.469   125.293    47.38   29.97
 141277.156   134.841    25.76   27.35
 141647.919   138.655    10.29   24.43
 142018.759   141.704     8.22   21.77
 142389.675   149.437    20.85   24.62
 142760.669   159.851    28.07   26.37
 143131.739   170.830    29.59   27.93
 143502.886   180.883    27.09   26.66
 143874.110   194.553    36.83   27.93
 144245.411   216.014    57.81   35.89
 144616.788   241.241    67.93   41.63
 144988.243   271.850    82.41   45.70
 145359.775   285.194    35.92   42.24
 145731.385   281.949    -8.73   48.75
 146103.071   272.702   -24.88   53.04
 146474.835   259.020   -36.81   51.54
 146846.676   263.861    13.02   50.20
 147218.594   283.066    51.64   51.96
 147590.590   312.702    79.68   63.14
 147962.663   338.003    68.01   53.99
 148334.813   353.840    42.56   44.99
 148707.041   350.056   -10.17   40.30
 149079.347   331.125   -50.85   31.90
 149451.731   321.260   -26.49   25.54
 149824.192   324.472     8.63   38.81
 150196.730   342.159    47.48   56.08
 150569.347   371.532    78.84   56.45
 150942.041   383.776    32.86   46.17
 151314.813   382.774    -2.69   45.40
 151687.664   357.725   -67.19   57.76
 152060.592   310.595  -126.39   65.60
 152433.598   266.704  -117.68   54.43
 152806.682   234.069   -87.48   26.51
 153179.844   224.262   -26.28    5.39
 153553.085   227.746     9.34    7.97
 153926.403   233.969    16.67   13.37
 154299.800   240.813    18.33   17.57
 154673.276   244.106     8.82   15.05
 155046.829   246.780     7.16   11.81
 155420.461   252.883    16.34   16.73
 155794.172   258.619    15.35   18.91
 156167.960   262.606    10.67   16.75
 156541.828   266.539    10.52   16.59
 156915.774   280.262    36.70   31.91
 157289.799   299.431    51.26   51.51
 157663.902   309.872    27.91   56.11
 158038.084   320.223    27.67   57.26
 158412.345   328.106    21.07   52.64
 158786.685   329.630     4.07   39.89
 159161.104   334.454    12.88   35.90
 159535.602   331.999    -6.56   30.05
 159910.178   330.635    -3.64   23.57
 160284.834   337.008    17.01   23.85
 160659.569   340.002     7.99   25.57
 161034.383   333.195   -18.16   28.24
 161409.276   320.278   -34.46   21.88
 161784.248   323.304     8.07   27.64
 162159.300   336.399    34.92   33.18
 162534.431   344.588    21.83   25.38
 162909.641   343.316    -3.39   24.84
 163284.931   329.046   -38.03   26.53
 163660.300   316.067   -34.58   13.56
 164035.749   322.491    17.11   20.64
 164411.278   334.160    31.08   25.03
 164786.886   348.734    38.80   27.56
 165162.574   356.859    21.63   24.16
 165538.341   356.157    -1.87   22.88
 165914.189   365.084    23.76   31.11
 166290.116   388.691    62.80   46.27
 166666.123   405.135    43.74   41.49
 167042.210   404.283    -2.27   38.66
 167418.377   393.546   -28.55   43.22
 167794.624   369.346   -64.33   30.51
 168170.951   366.209    -8.34   29.61
 168547.358   381.630    40.98   41.24
 168923.845   400.969    51.37   39.22
 169300.413   407.241    16.66   34.20
 169677.061   397.872   -24.88   39.24
 170053.789   371.276   -70.61   42.16
 170430.598   348.457   -60.57   42.57
 170807.487   321.798   -70.74   45.24
 171184.457   299.280   -59.74   40.33
 171561.507   273.758   -67.70   32.55
 171938.638   253.083   -54.83   27.60
 172315.850   232.567   -54.39   23.60
 172693.142   217.936   -38.78   22.66
 173070.515   204.042   -36.82   17.31
 173447.968   198.346   -15.09   13.49
 173825.503   204.808    17.12   19.28
 174203.118   211.588    17.96   21.24
 174580.815   218.574    18.50   23.16
 174958.592   217.351    -3.24   30.67
 175336.451   201.478   -42.01   35.63
 175714.390   184.149   -45.86   33.74
 176092.411   165.798   -48.55   27.31
 176470.513   157.117   -22.96   19.69
 176848.696   159.681     6.78   22.84
 177226.961   170.404    28.35   31.53
 177605.307   190.202    52.33   33.26
 177983.734   206.620    43.39   25.65
 178362.243   215.638    23.83   19.89
 178740.834   213.861    -4.69   14.81
 179119.505   210.064   -10.03   10.04
 179498.259   206.149   -10.34    8.10
 179877.094   202.085   -10.73    5.62
 180256.011   200.968    -2.95    5.08
 180635.010   203.181     5.84    7.02
 181014.091   204.295     2.94    8.58
 181393.253   204.053    -0.64   10.13
 181772.498   203.936    -0.31    9.58
 182151.824   205.000     2.80    8.32
 182531.233   210.300    13.97   12.05
 182910.723   221.609    29.81   16.63
 183290.296   233.685    31.82   17.99
 183669.951   248.361    38.66   17.77
 184049.688   264.298    41.97   19.66
 184429.508   279.167    39.15   22.30
 184809.410   283.862    12.36   23.40
 185189.394   283.462    -1.05   33.79
 185569.461   274.010   -24.87   43.90
 185949.610   250.346   -62.26   47.15
 186329.842   228.070   -58.59   42.80
 186710.156   204.550   -61.85   31.69
 187090.553   188.517   -42.15   17.97
 187471.033   181.606   -18.17    9.22
 187851.596   180.532    -2.82    8.75
 188232.242   183.585     8.02   15.86
 188612.970   189.489    15.51   21.80
 188993.781   197.609    21.33   25.00
 189374.676   203.500    15.47   25.25
 189755.653   207.157     9.60   23.18
 190136.714   204.702    -6.44   19.86
 190517.857   197.873   -17.92   14.81
 190883.365   192.234   -15.43    7.95
 191248.791   187.820   -12.08    5.28
 191614.292   184.557    -8.93    6.11
 191979.869   180.947    -9.88    5.95
 192345.522   178.862    -5.70    4.63
 192711.250   177.825    -2.84    2.63
 193077.053   179.133     3.58    2.21
 193442.932   180.323     3.25    1.08
 193808.886   180.755     1.18    0.43
 194174.916   180.872     0.32    0.36
 194541.022   181.293     1.15    0.80
 194907.203   182.574     3.50    2.19
 195273.461   184.635     5.63    3.03
 195639.794   186.924     6.25    2.93
 196006.203   188.044     3.06    2.36
 196372.688   185.862    -5.95    6.51
 196739.249   182.841    -8.24    8.48
 197105.886   177.893   -13.50   10.40
 197472.599   175.429    -6.72   10.69
 197839.388   172.883    -6.94   10.64
 198206.253   171.295    -4.33   10.29
 198573.194   169.804    -4.06    8.66
 198940.212   169.957     0.42    6.85
 199307.306   170.157     0.54    5.41
 199674.476   171.491     3.63    4.38
 200041.723   172.681     3.24    2.93
 200409.046   173.672     2.70    0.84
 200776.446   173.609    -0.17    0.86
 201143.922   172.237    -3.73    3.44
 201511.475   169.914    -6.32    5.46
 201879.104   167.676    -6.09    5.77
 202246.811   166.772    -2.46    4.84
 202614.593   167.721     2.58    4.26
 202982.453   170.151     6.61    4.07
 203350.389   173.266     8.47    5.05
 203718.403   178.643    14.61    9.62
 204086.493   180.483     5.00    9.54
 204454.660   180.764     0.76    9.37
 204822.904   179.048    -4.66    8.68
 205191.225   175.803    -8.81    7.16
 205559.624   171.862   -10.70    6.52
 205928.099   168.116   -10.17    6.33
 206296.652   164.779    -9.06    6.18
 206665.282   162.008    -7.52    4.85
 207033.989   160.487    -4.13    3.19
 207402.774   160.521     0.09    3.74
 207771.636   161.791     3.44    4.74
 208140.575   162.029     0.64    5.44
 208509.592   161.388    -1.74    7.14
 208878.687   159.341    -5.55    9.04
 209247.859   156.496    -7.71   10.23
 209617.109   153.362    -8.49   10.01
 209986.436   149.567   -10.28    8.46
 210355.841   145.560   -10.85    5.20
 210725.324   142.737    -7.64    2.95
 211094.885   140.112    -7.10    3.25
 211464.523   138.809    -3.53    4.21
 211834.240   137.976    -2.25    6.03
 212204.034   139.420     3.91    9.14
 212573.907   142.662     8.77   11.66
 212943.858   146.017     9.07   11.49
 213313.886   147.212     3.23   10.17
 213683.993   143.367   -10.39   11.05
 214054.179   139.311   -10.96   10.60
 214424.442   137.393    -5.18    9.90
 214794.784   136.456    -2.53    9.47
 215165.204   139.925     9.37    9.61
 215535.703   140.638     1.93    9.82
 215906.280   142.465     4.93    9.92
 216276.935   143.123     1.77    9.74
 216647.669   143.361     0.64    8.38
 217018.482   143.687     0.88    6.50
 217389.373   145.489     4.86    6.72
 217760.343   147.100     4.34    8.08
 218131.392   148.282     3.19    8.67
 218502.520   149.295     2.73    8.23
 218873.727   153.510    11.36   12.14
 219245.012   159.863    17.11   19.27
 219616.377   167.766    21.28   25.93
 219987.820   176.342    23.09   33.30
 220359.343   181.546    14.01   38.04
 220730.944   188.095    17.63   45.05
 221102.625   192.435    11.68   47.33
 221474.385   192.755     0.86   44.88
 221846.224   194.388     4.39   42.49
 222218.143   194.393     0.01   40.23
 222590.141   194.732     0.91   35.60
 222962.218   195.817     2.92   32.50
 223334.375   197.409     4.28   27.59
 223706.612   198.338     2.50   23.78
 224078.928   199.520     3.18   20.11
