# NaN NaN NaN ;Mean Elev.(m), Avg Gradient(m/km), RMS Gradient(m/km) - SRTM1     
#   10.259  -0.107   3.246 ;Mean Elev.(m), Avg Gradient(m/km), RMS Gradient(m/km) - ASTER GDEM
#    0.379  -0.330   0.624 ;Mean Elev.(m), Avg Gradient(m/km), RMS Gradient(m/km) - GMTED2010 
  7     2.549 52444.32596478 30.31 195.849773  62.684446 37.710
  7     2.567 52444.32596542 29.60 195.847213  62.687586 37.710
  7     2.431 52444.32596607 30.49 195.844643  62.690726 37.710
  7     2.258 52444.32596671 29.70 195.842083  62.693866 37.710
  7     2.075 52444.32596736 28.25 195.839523  62.697006 37.710
  7     2.496 52444.32596800 29.83 195.836963  62.700146 37.710
  8     2.102 52479.32595551 34.89 195.866744  62.672932 34.759
  8     2.154 52479.32595616 26.79 195.864184  62.676072 34.759
  8     2.774 52479.32595680 25.19 195.861624  62.679212 34.759
  8     2.402 52479.32595745 27.09 195.859064  62.682352 34.759
  8     2.667 52479.32595809 25.39 195.856504  62.685492 34.759
  8     2.184 52479.32595874 29.15 195.853944  62.688632 34.759
  8     2.064 52479.32595938 35.30 195.851384  62.691772 34.759
  8     1.976 52479.32596003 36.40 195.848824  62.694912 34.759
  8     1.902 52479.32596067 30.20 195.846254  62.698052 34.759
  9    -1.518 52514.32589518 52.54 195.910510  62.644507 32.137
  9    -1.585 52514.32589582 52.83 195.907960  62.647647 32.137
  9    -1.594 52514.32589647 52.51 195.905410  62.650787 32.137
  9    -1.568 52514.32589711 51.26 195.902848  62.653926 22.675
  9    -1.568 52514.32589776 45.48 195.900298  62.657066 22.675
  9    -1.585 52514.32589840 34.69 195.897738  62.660206 22.675
  9    -1.784 52514.32589904 28.48 195.895188  62.663346 22.675
  9    -2.005 52514.32589969 27.51 195.892628  62.666486 22.675
  9    -2.139 52514.32590033 22.31 195.890068  62.669626 22.675
  9    -1.722 52514.32590098 20.35 195.887508  62.672766 22.675
  9    -1.977 52514.32590162 23.27 195.884958  62.675906 22.675
  9    -1.700 52514.32590227 23.63 195.882398  62.679046 22.675
  9    -1.686 52514.32590291 28.47 195.879838  62.682186 22.675
  9    -1.730 52514.32590356 30.83 195.877278  62.685326 22.675
  9    -1.756 52514.32590420 26.50 195.874718  62.688466 22.675
  9    -1.795 52514.32590485 22.87 195.872158  62.691606 22.675
 11     1.891 52584.32593134 40.81 195.886289  62.661202 31.958
 11     1.793 52584.32593198 38.32 195.883739  62.664342 31.958
 11     1.866 52584.32593263 36.63 195.881179  62.667482 31.958
 11     1.813 52584.32593327 31.98 195.878619  62.670622 31.958
 11     1.889 52584.32593391 31.73 195.876059  62.673762 31.958
 11     1.922 52584.32593456 30.76 195.873499  62.676902 31.958
 11     1.929 52584.32593520 36.80 195.870939  62.680042 31.958
 11     1.807 52584.32593585 41.44 195.868379  62.683182 31.958
 11     1.758 52584.32593649 40.84 195.865819  62.686322 31.958
 11     1.784 52584.32593714 40.70 195.863259  62.689462 31.958
 11     1.886 52584.32593778 36.76 195.860699  62.692602 31.958
 11     1.868 52584.32593843 33.57 195.858129  62.695742 31.958
 12     1.357 52619.32590816 27.25 195.890897  62.657111 13.930
 12     1.234 52619.32590880 28.92 195.888347  62.660251 13.930
 12     1.152 52619.32590945 30.57 195.885787  62.663391 13.930
 12     1.284 52619.32591009 29.56 195.883227  62.666531 13.930
 12     1.216 52619.32591074 32.17 195.880677  62.669671 13.930
 12     2.781 52619.32591138 32.76 195.878117  62.672811 13.930
 12     1.331 52619.32591203 32.42 195.875557  62.675951 13.930
 12     1.296 52619.32591267 33.29 195.872997  62.679091 13.930
 12     1.230 52619.32591332 31.72 195.870437  62.682231 13.930
 12     1.375 52619.32591396 32.79 195.867887  62.685371 13.930
 12     1.465 52619.32591461 33.96 195.865327  62.688511 13.930
 12     1.378 52619.32591525 34.45 195.862767  62.691651 13.930
 12     1.439 52619.32591589 37.25 195.860198  62.694790 17.870
 13     0.795 52654.32589359 18.47 195.879846  62.665221  3.958
 13     0.977 52654.32589424 18.82 195.877286  62.668361  3.958
 13     2.849 52654.32589488 18.79 195.874726  62.671501  3.958
 13     2.998 52654.32589553 18.34 195.872166  62.674641  3.958
 13     2.271 52654.32589617 18.59 195.869606  62.677781  3.958
 13     1.313 52654.32589682 19.40 195.867046  62.680921  3.958
 13     1.438 52654.32589746 19.02 195.864486  62.684061  3.958
 13     1.983 52654.32589811 18.90 195.861926  62.687201  3.958
 13     2.122 52654.32589875 19.35 195.859366  62.690341  3.958
 13     2.151 52654.32589939 19.47 195.856796  62.693481  3.958
 13     1.818 52654.32590004 19.34 195.854236  62.696621  3.958
 14     1.536 52689.32588626 10.21 195.900806  62.650596  2.500
 14     1.279 52689.32588691 10.45 195.898246  62.653736  2.500
 14     1.492 52689.32588755 10.62 195.895696  62.656876  2.500
 14     1.328 52689.32588820 10.65 195.893136  62.660016  2.500
 14     1.178 52689.32588884 11.08 195.890586  62.663156  2.500
 14     1.328 52689.32588949 11.36 195.888026  62.666296  2.500
 14     2.397 52689.32589013 11.90 195.885466  62.669436  2.500
 14     2.699 52689.32589078 12.35 195.882916  62.672576  2.500
 14     2.794 52689.32589142 11.29 195.880351  62.675720  2.900
 14     2.334 52689.32589207 12.03 195.877791  62.678860  2.900
 14     2.282 52689.32589271 11.62 195.875241  62.682000  2.900
 14     2.257 52689.32589336 11.74 195.872681  62.685140  2.900
 14     2.257 52689.32589400 11.82 195.870121  62.688280  2.900
 14     2.263 52689.32589465 11.83 195.867561  62.691420  2.900
 14     1.906 52689.32589529 12.18 195.865001  62.694560  2.900
 15     2.825 52724.32593484 18.99 195.873850  62.668438  2.930
 15     2.898 52724.32593548 19.47 195.871290  62.671578  2.930
 15     2.910 52724.32593612 19.53 195.868730  62.674718  2.930
 15     1.238 52724.32593677 19.89 195.866164  62.677857  4.349
 15     1.447 52724.32593741 20.99 195.863604  62.680997  4.349
 15     1.423 52724.32593806 21.35 195.861044  62.684137  4.349
 15     1.307 52724.32593870 21.97 195.858484  62.687277  4.349
 15     1.558 52724.32593935 22.87 195.855924  62.690417  4.349
 15     1.703 52724.32593999 22.06 195.853364  62.693557  4.349
 15     1.506 52724.32594064 21.61 195.850794  62.696697  4.349
 16     2.713 52759.32595525 35.88 195.869347  62.671767 26.077
 16     2.933 52759.32595589 30.75 195.866787  62.674907 26.077
 16     2.398 52759.32595654 33.83 195.864227  62.678047 26.077
 16     1.298 52759.32595718 37.33 195.861667  62.681187 26.077
 16     2.342 52759.32595783 35.58 195.859107  62.684327 26.077
 16     1.560 52759.32595847 33.99 195.856547  62.687467 26.077
 16     2.074 52759.32595911 33.95 195.853987  62.690607 26.077
 16     2.002 52759.32595976 33.56 195.851427  62.693747 26.077
 16     1.510 52759.32596040 34.96 195.848869  62.696885 28.218
 17     2.234 52794.32591146 53.30 195.859593  62.678000 34.402
 17     2.343 52794.32591211 50.63 195.857033  62.681140 34.402
 17     2.327 52794.32591275 45.03 195.854473  62.684280 34.402
 17     2.245 52794.32591340 35.92 195.851903  62.687420 34.402
 17     2.148 52794.32591404 42.85 195.849341  62.690563 44.766
 17     2.110 52794.32591469 45.90 195.846781  62.693693 44.766
 17     2.098 52794.32591533 44.63 195.844221  62.696843 44.766
 18     2.085 52829.32597773 39.51 195.865093  62.673984 44.592
 18     2.209 52829.32597837 34.50 195.862533  62.677124 44.592
 18     2.215 52829.32597902 35.78 195.859973  62.680264 44.592
 18     2.162 52829.32597966 40.18 195.857413  62.683404 44.592
 18     2.134 52829.32598031 31.08 195.854853  62.686544 44.592
 18     2.075 52829.32598095 32.90 195.852283  62.689684 44.592
 18     1.962 52829.32598160 38.23 195.849725  62.692827 42.628
 18     1.914 52829.32598224 32.51 195.847155  62.695957 42.628
 18     1.963 52829.32598289 40.05 195.844595  62.699097 42.628
 19     2.526 52864.32602056 52.26 195.877921  62.666647 44.714
 19     2.509 52864.32602120 42.84 195.875361  62.669787 44.714
 19     2.438 52864.32602185 40.63 195.872801  62.672927 44.714
 19     2.413 52864.32602249 37.86 195.870241  62.676067 44.714
 19     2.380 52864.32602314 38.73 195.867681  62.679207 44.714
 19     2.369 52864.32602378 41.90 195.865121  62.682347 44.714
 19     2.329 52864.32602443 40.17 195.862561  62.685487 44.714
 19     2.339 52864.32602507 46.78 195.860001  62.688627 44.714
 19     2.363 52864.32602572 49.61 195.857431  62.691767 44.714
 19     2.386 52864.32602636 46.64 195.854869  62.694910 46.074
 20     2.445 52899.32604932 29.26 195.880598  62.664742 29.634
 20     2.409 52899.32604997 27.51 195.878048  62.667882 29.634
 20     2.426 52899.32605061 25.50 195.875488  62.671022 29.634
 20     2.388 52899.32605126 28.24 195.872928  62.674162 29.634
 20     2.460 52899.32605190 24.14 195.870368  62.677302 29.634
 20     2.501 52899.32605254 29.11 195.867808  62.680442 29.634
 20     2.581 52899.32605319 24.11 195.865248  62.683582 29.634
 20     2.635 52899.32605383 21.54 195.862688  62.686722 29.634
 20     2.457 52899.32605448 24.88 195.860128  62.689862 29.634
 20     2.295 52899.32605512 28.89 195.857569  62.693000 34.362
 20     2.189 52899.32605577 24.39 195.855009  62.696140 34.362
 21     1.983 52934.32599090 23.81 195.895279  62.654582 10.166
 21     1.958 52934.32599155 24.19 195.892729  62.657722 10.166
 21     2.013 52934.32599219 21.94 195.890169  62.660862 10.166
 21     1.776 52934.32599284 22.24 195.887609  62.664002 10.166
 21     1.857 52934.32599348 18.68 195.885059  62.667142 10.166
 21     1.329 52934.32599413 21.59 195.882499  62.670282 10.166
 21     1.543 52934.32599477 20.01 195.879939  62.673422 10.166
 21     1.399 52934.32599541 20.96 195.877389  62.676562 10.166
 21     1.408 52934.32599606 19.51 195.874829  62.679702 10.166
 21     1.284 52934.32599670 20.33 195.872269  62.682842 10.166
 21     1.407 52934.32599735 21.58 195.869709  62.685982 10.166
 21     1.425 52934.32599799 25.33 195.867149  62.689122 10.166
 21     1.379 52934.32599864 26.55 195.864589  62.692262 10.166
 21     1.330 52934.32599928 25.81 195.862029  62.695402 10.166
 22     1.399 52969.32601042 28.10 195.860169  62.677931  5.387
 22     1.271 52969.32601107 27.42 195.857600  62.681066  7.732
 22     2.526 52969.32601171 26.23 195.855040  62.684206  7.732
 22     2.097 52969.32601236 26.75 195.852480  62.687346  7.732
 22     2.089 52969.32601300 26.89 195.849920  62.690486  7.732
 22     1.156 52969.32601365 26.76 195.847360  62.693626  7.732
 22     1.183 52969.32601429 27.73 195.844790  62.696766  7.732
 23     1.294 53004.32602931 15.25 195.862876  62.676481  2.774
 23     1.443 53004.32602996 15.29 195.860316  62.679621  2.774
 23     1.520 53004.32603060 15.30 195.857756  62.682761  2.774
 23     1.645 53004.32603125 15.22 195.855196  62.685901  2.774
 23     1.554 53004.32603189 14.93 195.852636  62.689041  2.774
 23     1.608 53004.32603254 15.09 195.850073  62.692176  2.826
 23     1.558 53004.32603318 14.78 195.847513  62.695316  2.826
 23     1.233 53004.32603383 15.30 195.844953  62.698456  2.826
 25     0.921 53074.32600722 13.15 195.874097  62.669139  2.847
 25     1.309 53074.32600787 13.15 195.871537  62.672279  2.847
 25     1.318 53074.32600851 13.15 195.868977  62.675419  2.847
 25     2.033 53074.32600916 13.02 195.866417  62.678559  2.847
 25     1.781 53074.32600980 13.12 195.863857  62.681699  2.847
 25     2.043 53074.32601045 13.02 195.861301  62.684837  2.539
 25     1.961 53074.32601109 13.16 195.858741  62.687977  2.539
 25     1.943 53074.32601174 12.76 195.856181  62.691117  2.539
 25     1.869 53074.32601238 12.78 195.853611  62.694257  2.539
 25     1.790 53074.32601303 13.14 195.851051  62.697397  2.539
 26     1.258 53109.32598140 40.72 195.840626  62.687453 31.942
 26     1.269 53109.32598205 37.54 195.838062  62.690593 37.519
 26     1.261 53109.32598269 41.20 195.835502  62.693733 37.519
 26     1.094 53109.32598334 42.28 195.832942  62.696873 37.519
 26     1.172 53109.32598398 42.87 195.830372  62.700003 37.519
 27     2.656 53144.32602001 46.14 195.860735  62.677315 40.094
 27     2.598 53144.32602066 37.36 195.858171  62.680453 33.259
 27     2.546 53144.32602130 32.75 195.855611  62.683593 33.259
 27     2.457 53144.32602194 32.47 195.853051  62.686733 33.259
 27     2.399 53144.32602259 36.13 195.850491  62.689873 33.259
 27     2.281 53144.32602323 23.62 195.847921  62.693013 33.259
 27     1.904 53144.32602388 23.70 195.845361  62.696153 33.259
 27     2.040 53144.32602452 24.16 195.842801  62.699293 33.259
 28     3.048 53179.32603268 34.63 195.880933  62.664142 38.692
 28     3.167 53179.32603332 32.53 195.878373  62.667282 38.692
 28     3.216 53179.32603397 39.19 195.875813  62.670422 38.692
 28     3.166 53179.32603461 42.87 195.873263  62.673562 38.692
 28     3.215 53179.32603526 43.26 195.870703  62.676702 38.692
 28     3.155 53179.32603590 36.09 195.868143  62.679842 38.692
 28     3.007 53179.32603655 30.68 195.865583  62.682982 38.692
 28     2.952 53179.32603719 29.50 195.863023  62.686122 38.692
 28     2.888 53179.32603784 27.23 195.860453  62.689262 38.692
 28     2.811 53179.32603848 25.45 195.857893  62.692402 38.692
 28     2.557 53179.32603913 23.80 195.855334  62.695538 35.200
 29     1.847 53214.32605546 39.73 195.871751  62.669860 37.489
 29     1.747 53214.32605610 32.39 195.869191  62.673000 37.489
 29     1.838 53214.32605675 40.03 195.866631  62.676140 37.489
 29     1.867 53214.32605739 44.36 195.864071  62.679280 37.489
 29     1.873 53214.32605804 36.93 195.861511  62.682420 37.489
 29     1.830 53214.32605868 32.92 195.858951  62.685560 37.489
 29     1.820 53214.32605933 36.44 195.856391  62.688700 37.489
 29     1.802 53214.32605997 36.54 195.853831  62.691840 37.489
 29     1.821 53214.32606062 39.56 195.851271  62.694980 37.489
 29     1.851 53214.32606126 38.55 195.848705  62.698115 44.123
 30     2.001 53249.32602186 44.90 195.895025  62.655155 34.479
 30     1.967 53249.32602250 48.84 195.892475  62.658295 34.479
 30     1.894 53249.32602315 50.50 195.889915  62.661435 34.479
 30     1.846 53249.32602379 50.77 195.887365  62.664575 34.479
 30     1.881 53249.32602444 52.47 195.884805  62.667715 34.479
 30     1.957 53249.32602508 50.90 195.882245  62.670855 34.479
 30     1.972 53249.32602573 47.61 195.879685  62.673995 34.479
 30     1.922 53249.32602637 47.91 195.877135  62.677135 34.479
 30     1.910 53249.32602702 48.77 195.874575  62.680275 34.479
 30     1.930 53249.32602766 46.08 195.872015  62.683415 34.479
 30     1.915 53249.32602831 40.81 195.869455  62.686555 34.479
 30     1.893 53249.32602895 36.08 195.866895  62.689695 34.479
 30     1.830 53249.32602959 35.83 195.864331  62.692834 43.468
 31     1.723 53284.32602436 45.46 195.843279  62.688189 48.387
 31     1.770 53284.32602500 44.79 195.840719  62.691319 48.387
 31     1.697 53284.32602565 44.71 195.838149  62.694459 48.387
 31     1.671 53284.32602629 50.77 195.835589  62.697599 48.387
 31     1.795 53284.32602694 52.04 195.833019  62.700739 48.387
 32     0.613 53319.32600914 26.85 195.879793  62.665108  7.265
 32     0.538 53319.32600978 28.04 195.877233  62.668248  7.265
 32     0.568 53319.32601043 26.17 195.874673  62.671388  7.265
 32     0.516 53319.32601107 26.08 195.872113  62.674528  7.265
 32     0.509 53319.32601172 25.56 195.869553  62.677668  7.265
 32     0.570 53319.32601236 26.21 195.866993  62.680808  7.265
 32     0.591 53319.32601301 26.19 195.864433  62.683948  7.265
 32     0.468 53319.32601365 27.04 195.861873  62.687088  7.265
 32     0.417 53319.32601430 26.96 195.859313  62.690228  7.265
 32     0.457 53319.32601494 26.57 195.856753  62.693368  7.265
 32     0.583 53319.32601559 27.71 195.854184  62.696511  9.699
 33     1.645 53354.32597233 17.45 195.906096  62.647653  3.860
 33     1.319 53354.32597298 17.37 195.903546  62.650793  3.860
 33     1.211 53354.32597362 17.70 195.900996  62.653933  3.860
 33     1.174 53354.32597427 17.78 195.898436  62.657073  3.860
 33     1.139 53354.32597491 17.85 195.895876  62.660213  3.860
 33     1.019 53354.32597556 17.70 195.893326  62.663353  3.860
 33     1.167 53354.32597620 17.32 195.890766  62.666493  3.860
 33     1.003 53354.32597685 17.93 195.888206  62.669633  3.860
 33     1.217 53354.32597749 17.42 195.885656  62.672773  3.860
 33     1.000 53354.32597814 17.82 195.883096  62.675913  3.860
 33     0.989 53354.32597878 18.28 195.880536  62.679053  3.860
 33     1.024 53354.32597943 18.52 195.877976  62.682193  3.860
 33     0.928 53354.32598007 18.75 195.875416  62.685333  3.860
 33     0.957 53354.32598072 19.31 195.872856  62.688473  3.860
 33     1.122 53354.32598136 19.22 195.870296  62.691613  3.860
 33     1.006 53354.32598200 19.74 195.867736  62.694753  3.860
 34     2.128 53389.32598351 20.13 195.849311  62.684387  2.835
 34     2.205 53389.32598416 19.64 195.846741  62.687527  2.835
 34     2.199 53389.32598480 19.29 195.844179  62.690669  2.825
 34     2.044 53389.32598544 19.19 195.841619  62.693799  2.825
 34     1.872 53389.32598609 19.41 195.839059  62.696939  2.825
 34     1.449 53389.32598673 19.81 195.836489  62.700079  2.825
 35     2.077 53424.32597593 14.43 195.893202  62.656624  2.826
 35     1.589 53424.32597657 14.34 195.890652  62.659764  2.826
 35     1.918 53424.32597722 14.59 195.888092  62.662904  2.826
 35     1.621 53424.32597786 15.13 195.885532  62.666044  2.826
 35     1.827 53424.32597851 15.26 195.882982  62.669184  2.826
 35     1.769 53424.32597915 15.01 195.880422  62.672324  2.826
 35     1.870 53424.32597980 14.78 195.877862  62.675464  2.826
 35     1.800 53424.32598044 15.01 195.875302  62.678604  2.826
 35     1.674 53424.32598109 15.25 195.872742  62.681744  2.826
 35     2.097 53424.32598173 15.09 195.870182  62.684884  2.826
 35     2.314 53424.32598238 15.07 195.867622  62.688024  2.826
 35     2.267 53424.32598302 14.63 195.865062  62.691164  2.826
 35     2.437 53424.32598367 14.57 195.862496  62.694300  2.216
 36     1.481 53459.32598537  9.36 195.863487  62.675899  2.441
 36     1.973 53459.32598602  9.16 195.860927  62.679039  2.441
 36     1.720 53459.32598666  8.96 195.858367  62.682179  2.441
 36     2.066 53459.32598731  8.98 195.855807  62.685319  2.441
 36     1.989 53459.32598795  9.27 195.853237  62.688459  2.441
 36     2.116 53459.32598860  8.71 195.850674  62.691600  2.766
 36     1.922 53459.32598924  8.59 195.848114  62.694740  2.766
 36     1.869 53459.32598989  8.77 195.845554  62.697880  2.766
 37     1.646 53494.32607227 31.90 195.852437  62.682468 25.472
 37     2.547 53494.32607292 27.76 195.849877  62.685608 25.472
 37     1.722 53494.32607356 30.92 195.847312  62.688744 22.933
 37     1.555 53494.32607421 30.43 195.844752  62.691884 22.933
 37     1.350 53494.32607485 34.52 195.842192  62.695024 22.933
 37     1.221 53494.32607550 33.71 195.839622  62.698164 22.933
 38     3.341 53529.32604211 36.67 195.892160  62.656148 21.418
 38     3.294 53529.32604276 30.20 195.889600  62.659288 21.418
 38     3.409 53529.32604340 36.76 195.887040  62.662428 21.418
 38     3.216 53529.32604405 32.73 195.884480  62.665568 21.418
 38     3.087 53529.32604469 30.64 195.881930  62.668708 21.418
 38     3.226 53529.32604534 31.95 195.879370  62.671848 21.418
 38     3.164 53529.32604598 34.12 195.876810  62.674988 21.418
 38     3.223 53529.32604663 28.41 195.874250  62.678128 21.418
 38     3.219 53529.32604727 25.93 195.871690  62.681268 21.418
 38     3.001 53529.32604792 24.71 195.869130  62.684408 21.418
 38     2.751 53529.32604856 23.14 195.866570  62.687548 21.418
 38     2.767 53529.32604921 23.19 195.864010  62.690688 21.418
 38     2.809 53529.32604985 26.88 195.861440  62.693826 40.891
 39     2.534 53564.32607574 48.83 195.871686  62.670674 37.886
 39     2.410 53564.32607639 41.94 195.869126  62.673814 37.886
 39     2.427 53564.32607703 44.87 195.866566  62.676954 37.886
 39     2.437 53564.32607767 41.00 195.864006  62.680094 37.886
 39     2.431 53564.32607832 50.03 195.861446  62.683234 37.886
 39     2.454 53564.32607896 46.86 195.858886  62.686374 37.886
 39     2.451 53564.32607961 45.08 195.856326  62.689514 37.886
 39     2.398 53564.32608025 41.19 195.853771  62.692653 41.749
 39     2.309 53564.32608090 30.98 195.851201  62.695793 41.749
 40     1.961 53599.32601329 42.49 195.898283  62.652836 28.356
 40     1.956 53599.32601394 43.13 195.895723  62.655976 28.356
 40     1.904 53599.32601458 31.55 195.893173  62.659116 28.356
 40     1.862 53599.32601522 35.04 195.890613  62.662256 28.356
 40     1.895 53599.32601587 30.17 195.888063  62.665396 28.356
 40     1.995 53599.32601651 29.62 195.885503  62.668536 28.356
 40     1.970 53599.32601716 32.04 195.882943  62.671676 28.356
 40     1.974 53599.32601780 30.07 195.880383  62.674816 28.356
 40     1.936 53599.32601845 34.40 195.877823  62.677956 28.356
 40     1.911 53599.32601909 40.84 195.875263  62.681096 28.356
 40     1.921 53599.32601974 29.36 195.872713  62.684236 28.356
 40     1.723 53599.32602038 23.57 195.870153  62.687376 28.356
 40     1.765 53599.32602103 23.71 195.867593  62.690516 28.356
 40     1.908 53599.32602167 25.11 195.865032  62.693655 44.350
 41     2.820 53634.32601723 23.58 195.845329  62.686404 21.049
 41     2.813 53634.32601788 24.77 195.842762  62.689546 24.417
 41     2.426 53634.32601852 28.27 195.840202  62.692686 24.417
 41     2.400 53634.32601917 28.48 195.837642  62.695826 24.417
 41     2.213 53634.32601981 26.74 195.835072  62.698956 24.417
 42     1.528 53669.32603654 27.77 195.861503  62.676457 22.835
 42     1.784 53669.32603719 28.62 195.858943  62.679597 22.835
 42     1.722 53669.32603783 28.39 195.856383  62.682737 22.835
 42     1.658 53669.32603848 32.50 195.853823  62.685877 22.835
 42     1.425 53669.32603912 27.85 195.851253  62.689017 22.835
 42     1.698 53669.32603976 23.64 195.848692  62.692152 27.411
 42     1.499 53669.32604041 28.39 195.846132  62.695292 27.411
 42     1.593 53669.32604105 24.76 195.843572  62.698432 27.411
 43     1.444 53704.32596962 22.26 195.900869  62.650879 14.282
 43     1.137 53704.32597026 30.03 195.898319  62.654019 14.282
 43     1.334 53704.32597091 26.99 195.895759  62.657159 14.282
 43     1.367 53704.32597155 28.13 195.893209  62.660299 14.282
 43     1.163 53704.32597220 26.82 195.890649  62.663439 14.282
 43     1.225 53704.32597284 26.95 195.888089  62.666579 14.282
 43     1.221 53704.32597349 27.34 195.885529  62.669719 14.282
 43     1.077 53704.32597413 25.30 195.882979  62.672859 14.282
 43     1.211 53704.32597477 27.70 195.880419  62.675999 14.282
 43     1.269 53704.32597542 30.97 195.877859  62.679139 14.282
 43     1.297 53704.32597606 35.93 195.875299  62.682279 14.282
 43     1.290 53704.32597671 30.36 195.872739  62.685419 14.282
 43     1.054 53704.32597735 25.13 195.870179  62.688559 14.282
 43     0.660 53704.32597800 24.89 195.867619  62.691699 14.282
 43     0.697 53704.32597864 24.39 195.865059  62.694839 14.282
 44     1.412 53739.32587610 11.72 195.923445  62.638402  4.050
 44     1.656 53739.32587674 11.21 195.920895  62.641542  4.050
 44     1.755 53739.32587739 11.86 195.918345  62.644692  4.050
 44     1.724 53739.32587803 11.40 195.915795  62.647832  4.050
 44     1.327 53739.32587868 12.27 195.913235  62.650972  4.050
 44     1.421 53739.32587932 11.86 195.910685  62.654112  4.050
 44     1.356 53739.32587997 12.68 195.908135  62.657252  4.050
 44     1.329 53739.32588061 13.18 195.905575  62.660392  4.050
 44     1.318 53739.32588126 13.62 195.903025  62.663532  4.050
 44     1.180 53739.32588190 15.13 195.900465  62.666672  4.050
 44     1.294 53739.32588255 14.98 195.897915  62.669812  4.050
 44     1.353 53739.32588319 15.62 195.895355  62.672952  4.050
 44     1.272 53739.32588384 17.02 195.892795  62.676092  4.050
 44     1.321 53739.32588448 16.27 195.890245  62.679232  4.050
 44     1.303 53739.32588513 15.96 195.887685  62.682372  4.050
 44     1.275 53739.32588577 17.01 195.885125  62.685512  4.050
 44     1.197 53739.32588641 16.94 195.882565  62.688652  4.050
 45     1.388 53774.32590121 12.55 195.878391  62.666380  5.891
 45     1.482 53774.32590186 13.05 195.875831  62.669520  5.891
 45     1.204 53774.32590250 17.89 195.873271  62.672660  5.891
 45     1.372 53774.32590314 19.16 195.870711  62.675800  5.891
 45     1.375 53774.32590379 22.78 195.868151  62.678940  5.891
 45     1.296 53774.32590443 24.51 195.865591  62.682080  5.891
 45     1.307 53774.32590508 18.34 195.863031  62.685220  5.891
 45     1.270 53774.32590572 19.55 195.860471  62.688360  5.891
 45     1.236 53774.32590637 15.16 195.857911  62.691500  5.891
 45     1.324 53774.32590701 13.78 195.855341  62.694640  5.891
 46     1.534 53809.32588036  9.41 195.910658  62.643837  2.881
 46     1.631 53809.32588101  9.60 195.908108  62.646977  2.881
 46     1.924 53809.32588165  9.12 195.905548  62.650117  2.881
 46     1.814 53809.32588230  9.03 195.902998  62.653257  2.881
 46     1.694 53809.32588294  9.50 195.900448  62.656397  2.881
 46     1.680 53809.32588359  9.13 195.897888  62.659537  2.881
 46     1.594 53809.32588423  9.28 195.895328  62.662677  2.881
 46     1.545 53809.32588488  9.85 195.892778  62.665817  2.881
 46     1.460 53809.32588552 10.12 195.890218  62.668957  2.881
 46     1.381 53809.32588617 10.13 195.887668  62.672097  2.881
 46     1.548 53809.32588681 10.64 195.885108  62.675237  2.881
 46     1.634 53809.32588746 10.11 195.882548  62.678377  2.881
 46     1.809 53809.32588810 10.17 195.879988  62.681517  2.881
 46     1.592 53809.32588874 10.61 195.877428  62.684657  2.881
 46     1.375 53809.32588939 11.10 195.874868  62.687797  2.881
 46     1.469 53809.32589003 11.41 195.872308  62.690937  2.881
 46     1.207 53809.32589068 11.01 195.869748  62.694077  2.881
 48     2.562 53879.32595682 40.80 195.872207  62.669983 32.784
 48     3.091 53879.32595746 36.84 195.869647  62.673123 32.784
 48     2.624 53879.32595811 38.03 195.867087  62.676263 32.784
 48     2.436 53879.32595875 36.78 195.864527  62.679403 32.784
 48     2.293 53879.32595940 33.01 195.861957  62.682543 32.784
 48     2.397 53879.32596004 33.97 195.859397  62.685683 32.784
 48     2.297 53879.32596069 36.59 195.856837  62.688823 32.784
 48     2.288 53879.32596133 37.29 195.854277  62.691957 41.344
 48     2.310 53879.32596198 34.79 195.851717  62.695097 41.344
 48     2.336 53879.32596262 35.52 195.849147  62.698237 41.344
 49     2.514 53914.32601414 32.78 195.859064  62.677778 36.101
 49     2.569 53914.32601478 29.24 195.856504  62.680918 36.101
 49     2.529 53914.32601543 23.43 195.853944  62.684058 36.101
 49     2.756 53914.32601607 21.81 195.851374  62.687198 36.101
 49     2.276 53914.32601672 23.11 195.848814  62.690338 36.101
 49     1.877 53914.32601736 23.29 195.846258  62.693475 23.733
 49     1.630 53914.32601801 23.45 195.843688  62.696615 23.733
 49     2.544 53914.32601865 21.87 195.841128  62.699755 23.733
 50     2.631 53949.32602475 27.91 195.862836  62.676019 29.081
 50     2.573 53949.32602540 26.77 195.860276  62.679159 29.081
 50     2.529 53949.32602604 27.94 195.857716  62.682299 29.081
 50     2.597 53949.32602669 24.63 195.855156  62.685439 29.081
 50     2.572 53949.32602733 22.64 195.852596  62.688579 29.081
 50     2.176 53949.32602798 22.33 195.850036  62.691719 29.081
 50     1.874 53949.32602862 23.93 195.847467  62.694858 35.082
 50     1.818 53949.32602927 24.28 195.844907  62.697998 35.082
 51     2.700 53984.32595905 50.71 195.893465  62.656152 33.883
 51     2.646 53984.32595969 51.22 195.890905  62.659292 33.883
 51     2.602 53984.32596034 49.53 195.888355  62.662432 33.883
 51     2.606 53984.32596098 51.18 195.885795  62.665572 33.883
 51     2.687 53984.32596163 50.46 195.883235  62.668712 33.883
 51     2.684 53984.32596227 40.17 195.880675  62.671852 33.883
 51     2.569 53984.32596292 33.36 195.878125  62.674992 33.883
 51     2.563 53984.32596356 32.30 195.875565  62.678132 33.883
 51     2.491 53984.32596421 29.93 195.873005  62.681272 33.883
 51     2.456 53984.32596485 27.84 195.870445  62.684412 33.883
 51     2.566 53984.32596550 29.93 195.867885  62.687552 33.883
 51     2.509 53984.32596614 27.64 195.865325  62.690692 33.883
 51     2.300 53984.32596679 23.92 195.862765  62.693832 33.883
 52     2.278 54019.32599845 27.53 195.858724  62.679058 29.906
 52     2.160 54019.32599909 33.84 195.856164  62.682198 29.906
 52     2.334 54019.32599973 34.00 195.853604  62.685338 29.906
 52     2.297 54019.32600038 34.04 195.851034  62.688478 29.906
 52     2.188 54019.32600102 29.53 195.848474  62.691618 29.906
 52     2.058 54019.32600167 29.03 195.845914  62.694761 33.316
 52     1.716 54019.32600231 28.53 195.843344  62.697891 33.316
 53     0.756 54054.32598436 31.76 195.890462  62.658391 19.247
 53     0.627 54054.32598500 28.66 195.887912  62.661531 19.247
 53     0.648 54054.32598565 27.88 195.885352  62.664671 19.247
 53     0.674 54054.32598629 31.06 195.882792  62.667811 19.247
 53     0.736 54054.32598694 30.53 195.880232  62.670951 19.247
 53     0.689 54054.32598758 35.42 195.877672  62.674091 19.247
 53     0.580 54054.32598822 37.25 195.875112  62.677231 19.247
 53     0.675 54054.32598887 35.15 195.872552  62.680371 19.247
 53     0.534 54054.32598951 33.03 195.869992  62.683511 19.247
 53     0.574 54054.32599016 36.49 195.867432  62.686651 19.247
 53     0.575 54054.32599080 35.26 195.864872  62.689791 19.247
 53     0.527 54054.32599145 36.46 195.862312  62.692931 19.247
 53     0.523 54054.32599209 33.61 195.859742  62.696071 19.247
 54     1.503 54089.32597476 17.78 195.893097  62.656633  4.374
 54     1.557 54089.32597541 17.75 195.890537  62.659773  4.374
 54     1.510 54089.32597605 17.94 195.887987  62.662913  4.374
 54     1.426 54089.32597669 18.10 195.885427  62.666053  4.374
 54     1.368 54089.32597734 19.12 195.882867  62.669193  4.374
 54     1.274 54089.32597798 19.59 195.880307  62.672333  4.374
 54     1.410 54089.32597863 19.05 195.877757  62.675473  4.374
 54     1.512 54089.32597927 19.73 195.875197  62.678613  4.374
 54     1.459 54089.32597992 19.41 195.872637  62.681753  4.374
 54     1.543 54089.32598056 20.58 195.870077  62.684893  4.374
 54     1.447 54089.32598121 20.43 195.867517  62.688033  4.374
 54     1.356 54089.32598185 20.87 195.864957  62.691173  4.374
 54     1.270 54089.32598250 20.29 195.862397  62.694313  4.374
 55     1.678 54124.32590464 13.38 195.852635  62.682350  3.060
 55     1.639 54124.32590528 12.96 195.850075  62.685490  3.060
 55     1.829 54124.32590593 13.47 195.847515  62.688630  3.060
 55     1.610 54124.32590657 13.63 195.844945  62.691770  3.060
 55     1.477 54124.32590722 14.12 195.842385  62.694910  3.060
 55     1.295 54124.32590786 14.86 195.839825  62.698050  3.060
 56     2.766 54159.32594317 14.14 195.874371  62.668949  3.694
 56     3.219 54159.32594382 14.19 195.871811  62.672089  3.694
 56     3.207 54159.32594446 14.62 195.869251  62.675229  3.694
 56     2.841 54159.32594511 14.51 195.866701  62.678369  3.694
 56     2.414 54159.32594575 15.50 195.864141  62.681509  3.694
 56     1.707 54159.32594639 16.39 195.861571  62.684649  3.694
 56     1.498 54159.32594704 16.48 195.859018  62.687786  3.954
 56     1.664 54159.32594768 16.38 195.856448  62.690926  3.954
 56     1.917 54159.32594833 15.80 195.853888  62.694066  3.954
 56     1.802 54159.32594897 15.62 195.851328  62.697206  3.954
 57     2.514 54194.32590720 16.33 195.853110  62.682830 12.721
 57     1.540 54194.32590784 17.76 195.850550  62.685970 12.721
 57     1.252 54194.32590849 15.99 195.847990  62.689110 12.721
 57     1.344 54194.32590913 16.12 195.845420  62.692250 12.721
 57     1.274 54194.32590978 16.05 195.842860  62.695390 12.721
 57     1.420 54194.32591042 15.38 195.840290  62.698530 12.721
 58     2.049 54229.32595595 39.53 195.871653  62.670293 29.781
 58     3.343 54229.32595660 33.68 195.869093  62.673433 29.781
 58     2.514 54229.32595724 31.08 195.866533  62.676573 29.781
 58     2.039 54229.32595788 33.29 195.863973  62.679713 29.781
 58     1.969 54229.32595853 39.02 195.861410  62.682851 36.064
 58     1.820 54229.32595917 41.44 195.858850  62.685991 36.064
 58     1.844 54229.32595982 35.97 195.856290  62.689131 36.064
 58     1.769 54229.32596046 32.08 195.853730  62.692271 36.064
 58     1.615 54229.32596111 29.70 195.851160  62.695411 36.064
 59     2.208 54264.32597393 29.67 195.872991  62.669517 34.662
 59     2.259 54264.32597458 25.07 195.870431  62.672657 34.662
 59     2.459 54264.32597522 27.85 195.867881  62.675797 34.662
 59     2.240 54264.32597586 27.55 195.865311  62.678937 34.662
 59     2.257 54264.32597651 24.35 195.862761  62.682077 34.662
 59     2.258 54264.32597715 24.29 195.860200  62.685216 27.616
 59     2.020 54264.32597780 23.89 195.857630  62.688356 27.616
 59     1.878 54264.32597844 24.90 195.855070  62.691496 27.616
 59     1.742 54264.32597909 26.59 195.852510  62.694636 27.616
 59     1.689 54264.32597973 25.14 195.849950  62.697776 27.616
 60     2.123 54299.32597680 23.08 195.877852  62.666753 23.569
 60     2.197 54299.32597744 25.90 195.875302  62.669893 23.569
 60     2.263 54299.32597809 25.22 195.872742  62.673033 23.569
 60     2.415 54299.32597873 24.86 195.870182  62.676173 23.569
 60     2.258 54299.32597937 26.53 195.867622  62.679313 23.569
 60     2.083 54299.32598002 25.93 195.865062  62.682453 23.569
 60     1.860 54299.32598066 26.72 195.862502  62.685593 23.569
 60     1.847 54299.32598131 26.54 195.859942  62.688733 23.569
 60     1.690 54299.32598195 28.14 195.857372  62.691873 23.569
 60     1.657 54299.32598260 25.60 195.854815  62.695008 35.664
 61     2.533 54334.32596549 40.84 195.889223  62.659476 21.801
 61     2.614 54334.32596614 40.34 195.886663  62.662616 21.801
 61     2.493 54334.32596678 45.79 195.884113  62.665756 21.801
 61     2.309 54334.32596742 36.81 195.881553  62.668896 21.801
 61     2.126 54334.32596807 32.02 195.878993  62.672036 21.801
 61     2.440 54334.32596871 31.81 195.876433  62.675176 21.801
 61     2.222 54334.32596936 30.83 195.873873  62.678316 21.801
 61     2.272 54334.32597000 29.68 195.871323  62.681456 21.801
 61     2.313 54334.32597065 27.73 195.868754  62.684596 28.406
 61     2.237 54334.32597129 26.11 195.866194  62.687736 28.406
 61     2.236 54334.32597194 25.49 195.863634  62.690876 28.406
 61     2.348 54334.32597258 24.89 195.861074  62.694016 28.406
 63     1.654 54404.32591017 33.62 195.882541  62.663319 17.850
 63     1.599 54404.32591082 30.53 195.879981  62.666459 17.850
 63     1.689 54404.32591146 31.36 195.877421  62.669599 17.850
 63     1.753 54404.32591211 34.50 195.874861  62.672739 17.850
 63     1.721 54404.32591275 33.20 195.872301  62.675879 17.850
 63     1.680 54404.32591339 46.60 195.869751  62.679019 17.850
 63     1.742 54404.32591404 53.89 195.867183  62.682158 33.056
 63     1.795 54404.32591468 52.38 195.864623  62.685298 33.056
 63     1.789 54404.32591533 51.88 195.862063  62.688438 33.056
 63     1.748 54404.32591597 52.85 195.859503  62.691578 33.056
 63     1.776 54404.32591662 52.13 195.856943  62.694718 33.056
 64     1.777 54439.32587281 24.52 195.844955  62.686798  6.638
 64     1.790 54439.32587345 24.69 195.842395  62.689938  6.638
 64     1.770 54439.32587410 25.42 195.839825  62.693078  6.638
 64     1.448 54439.32587474 25.96 195.837265  62.696218  6.638
 64     1.155 54439.32587538 27.60 195.834705  62.699358  6.638
 65     0.921 54474.32589804 16.13 195.873145  62.669396  2.975
 65     0.958 54474.32589868 16.46 195.870585  62.672536  2.975
 65     1.047 54474.32589933 16.38 195.868025  62.675676  2.975
 65     0.888 54474.32589997 17.45 195.865465  62.678816  2.975
 65     1.209 54474.32590062 16.68 195.862905  62.681956  2.975
 65     1.238 54474.32590126 16.53 195.860345  62.685096  2.975
 65     1.178 54474.32590191 16.39 195.857775  62.688236  2.975
 65     1.027 54474.32590255 16.83 195.855211  62.691371  3.655
 65     0.928 54474.32590320 16.23 195.852651  62.694511  3.655
 65     0.760 54474.32590384 17.50 195.850091  62.697651  3.655
 66     1.784 54509.32588394 10.64 195.854877  62.680254  2.323
 66     1.889 54509.32588458 11.27 195.852309  62.683397  3.180
 66     1.767 54509.32588523 10.94 195.849749  62.686527  3.180
 66     1.761 54509.32588587 11.11 195.847189  62.689667  3.180
 66     1.518 54509.32588652 11.79 195.844619  62.692807  3.180
 66     1.522 54509.32588716 11.24 195.842059  62.695947  3.180
 66     1.345 54509.32588781 11.89 195.839499  62.699087  3.180
 67     3.184 54544.32591105  8.38 195.882207  62.663086  2.492
 67     3.262 54544.32591169  8.77 195.879647  62.666226  2.492
 67     2.768 54544.32591234  8.85 195.877087  62.669366  2.492
 67     1.495 54544.32591298  8.82 195.874527  62.672506  2.492
 67     1.347 54544.32591363  9.38 195.871967  62.675646  2.492
 67     1.537 54544.32591427  9.32 195.869407  62.678786  2.492
 67     1.673 54544.32591492  9.53 195.866847  62.681926  2.492
 67     1.659 54544.32591556  9.72 195.864287  62.685066  2.492
 67     1.533 54544.32591620 10.04 195.861727  62.688206  2.492
 67     1.509 54544.32591685 10.35 195.859167  62.691346  2.492
 67     1.387 54544.32591749 10.19 195.856607  62.694486  2.492
 68     3.454 54579.32588125 28.28 195.870837  62.670831 20.163
 68     2.976 54579.32588189 35.85 195.868277  62.673971 20.163
 68     2.854 54579.32588254 36.57 195.865717  62.677111 20.163
 68     2.713 54579.32588318 23.96 195.863157  62.680251 20.163
 68     2.106 54579.32588383 19.36 195.860597  62.683391 20.163
 68     1.480 54579.32588447 16.67 195.858037  62.686531 20.163
 68     1.177 54579.32588512 19.13 195.855477  62.689671 20.163
 68     1.358 54579.32588576 18.14 195.852907  62.692811 20.163
 68     1.555 54579.32588641 16.14 195.850347  62.695951 20.163
 69     3.248 54614.32590158 42.37 195.879956  62.665489 30.561
 69     3.266 54614.32590223 39.96 195.877396  62.668629 30.561
 69     3.463 54614.32590287 43.90 195.874836  62.671769 30.561
 69     3.390 54614.32590352 39.96 195.872276  62.674909 30.561
 69     3.192 54614.32590416 41.79 195.869716  62.678049 30.561
 69     3.192 54614.32590481 30.47 195.867156  62.681189 30.561
 69     3.012 54614.32590545 25.82 195.864596  62.684329 30.561
 69     2.666 54614.32590609 24.08 195.862036  62.687469 30.561
 69     2.387 54614.32590674 24.74 195.859476  62.690609 30.561
 69     2.164 54614.32590738 25.24 195.856916  62.693749 30.561
 69     3.348 54614.32590803 23.01 195.854356  62.696889 30.561
 70     2.235 54649.32591264 40.74 195.868891  62.671588 39.510
 70     2.340 54649.32591328 32.58 195.866331  62.674728 39.510
 70     2.392 54649.32591393 34.56 195.863771  62.677868 39.510
 70     2.348 54649.32591457 32.90 195.861211  62.681008 39.510
 70     2.233 54649.32591522 27.51 195.858642  62.684145 30.322
 70     2.130 54649.32591586 28.59 195.856082  62.687285 30.322
 70     2.083 54649.32591651 28.94 195.853522  62.690425 30.322
 70     1.907 54649.32591715 28.75 195.850962  62.693565 30.322
 70     1.709 54649.32591780 29.24 195.848392  62.696705 30.322
 71     2.466 54684.32590718 31.49 195.886604  62.661230 18.130
 71     2.603 54684.32590783 31.23 195.884054  62.664370 18.130
 71     2.420 54684.32590847 33.09 195.881494  62.667510 18.130
 71     2.341 54684.32590912 30.11 195.878934  62.670650 18.130
 71     2.469 54684.32590976 26.63 195.876374  62.673790 18.130
 71     2.465 54684.32591041 29.86 195.873814  62.676930 18.130
 71     2.492 54684.32591105 28.46 195.871254  62.680070 18.130
 71     2.461 54684.32591170 25.31 195.868694  62.683210 18.130
 71     2.409 54684.32591234 21.06 195.866134  62.686350 18.130
 71     2.209 54684.32591298 19.17 195.863574  62.689490 18.130
 71     2.090 54684.32591363 19.34 195.861014  62.692630 18.130
 71     2.165 54684.32591427 20.82 195.858454  62.695770 18.130
 72     2.059 54719.32585903 27.95 195.855183  62.680346 21.897
 72     1.942 54719.32585968 28.80 195.852613  62.683486 21.897
 72     2.007 54719.32586032 29.36 195.850053  62.686626 21.897
 72     2.048 54719.32586097 29.50 195.847493  62.689766 21.897
 72     1.916 54719.32586161 30.45 195.844933  62.692906 21.897
 72     1.796 54719.32586226 28.56 195.842361  62.696047 36.160
 72     1.574 54719.32586290 28.85 195.839801  62.699187 36.160
 73     1.389 54754.32588273 40.56 195.871686  62.670499 24.150
 73     1.432 54754.32588337 34.03 195.869126  62.673639 24.150
 73     1.522 54754.32588401 33.66 195.866566  62.676779 24.150
 73     1.562 54754.32588466 36.81 195.864006  62.679919 24.150
 73     1.440 54754.32588530 39.18 195.861446  62.683059 24.150
 73     1.606 54754.32588595 42.42 195.858886  62.686199 24.150
 73     1.456 54754.32588659 46.77 195.856326  62.689339 24.150
 73     1.409 54754.32588724 44.52 195.853766  62.692479 24.150
 73     1.639 54754.32588788 47.39 195.851206  62.695619 24.150
 74     1.473 54789.32585282 19.98 195.851849  62.682180  8.889
 74     1.283 54789.32585346 20.48 195.849289  62.685320  8.889
 74     1.085 54789.32585411 21.85 195.846729  62.688460  8.889
 74     0.922 54789.32585475 23.73 195.844159  62.691600  8.889
 74     1.136 54789.32585540 22.39 195.841599  62.694730  8.889
 74     1.042 54789.32585604 24.08 195.839039  62.697870  8.889
 74     1.045 54789.32585669 25.13 195.836469  62.701010  8.889
 75     1.469 54824.32587918 24.30 195.866386  62.674419 17.938
 75     1.535 54824.32587983 25.58 195.863826  62.677559 17.938
 75     1.627 54824.32588047 29.50 195.861266  62.680699 17.938
 75     1.672 54824.32588112 34.30 195.858706  62.683839 17.938
 75     1.642 54824.32588176 34.89 195.856146  62.686979 17.938
 75     1.515 54824.32588241 31.52 195.853586  62.690119 17.938
 75     1.561 54824.32588305 27.10 195.851026  62.693259 17.938
 75     1.453 54824.32588370 23.55 195.848454  62.696392  8.324
 76     2.110 54859.32584560 12.66 195.854526  62.681033  2.759
 76     2.210 54859.32584625 12.80 195.851966  62.684173  2.759
 76     1.950 54859.32584689 12.77 195.849406  62.687313  2.759
 76     2.159 54859.32584754 12.36 195.846836  62.690453  2.759
 76     1.999 54859.32584818 12.62 195.844276  62.693593  2.759
 76     1.833 54859.32584883 12.67 195.841706  62.696733  2.759
 76     1.585 54859.32584947 13.19 195.839146  62.699873  2.759
 77     3.908 54894.32587847 10.88 195.881004  62.664183  2.185
 77     3.726 54894.32587912 10.93 195.878444  62.667323  2.185
 77     3.312 54894.32587976 11.10 195.875884  62.670463  2.185
 77     2.823 54894.32588041 11.09 195.873334  62.673603  2.185
 77     2.706 54894.32588105 10.83 195.870774  62.676743  2.185
 77     2.579 54894.32588170 10.71 195.868214  62.679883  2.185
 77     2.555 54894.32588234 10.71 195.865654  62.683023  2.185
 77     2.572 54894.32588299 10.77 195.863094  62.686163  2.185
 77     2.388 54894.32588363 11.01 195.860534  62.689303  2.185
 77     2.212 54894.32588428 10.83 195.857964  62.692443  2.185
 77     2.291 54894.32588492 10.90 195.855404  62.695583  2.185
 78     3.558 54929.32584569  9.38 195.852376  62.682769  1.862
 78     3.760 54929.32584633  9.37 195.849814  62.685912  2.009
 78     3.006 54929.32584698  9.32 195.847254  62.689042  2.009
 78     2.847 54929.32584762  9.22 195.844694  62.692182  2.009
 78     2.870 54929.32584827  9.43 195.842134  62.695322  2.009
 78     2.443 54929.32584891  9.77 195.839564  62.698462  2.009
 79     1.927 54964.32587993 42.09 195.872876  62.669555 33.975
 79     2.941 54964.32588058 36.76 195.870316  62.672695 33.975
 79     2.514 54964.32588122 29.94 195.867756  62.675835 33.975
 79     2.378 54964.32588186 29.58 195.865196  62.678975 33.975
 79     2.000 54964.32588251 31.62 195.862636  62.682115 33.975
 79     1.828 54964.32588315 34.43 195.860076  62.685255 33.975
 79     1.868 54964.32588380 31.47 195.857516  62.688395 33.975
 79     1.777 54964.32588444 33.46 195.854956  62.691535 33.975
 79     1.889 54964.32588509 31.71 195.852396  62.694675 33.975
 79     1.738 54964.32588573 29.06 195.849828  62.697812 37.997
 80     3.151 54999.32590028 32.76 195.872113  62.669923 30.690
 80     3.255 54999.32590092 32.65 195.869553  62.673063 30.690
 80     3.136 54999.32590157 32.96 195.866993  62.676203 30.690
 80     3.037 54999.32590221 35.71 195.864433  62.679343 30.690
 80     3.022 54999.32590286 29.24 195.861873  62.682483 30.690
 80     3.300 54999.32590350 21.15 195.859313  62.685623 30.690
 80     2.929 54999.32590415 22.05 195.856753  62.688763 30.690
 80     2.723 54999.32590479 20.48 195.854193  62.691903 30.690
 80     2.456 54999.32590544 19.72 195.851633  62.695043 30.690
 80     2.463 54999.32590608 20.46 195.849068  62.698178 32.130
 81     2.141 55034.32588763 38.32 195.870044  62.671689 36.282
 81     2.687 55034.32588828 32.89 195.867484  62.674829 36.282
 81     2.580 55034.32588892 36.03 195.864924  62.677969 36.282
 81     2.612 55034.32588957 34.59 195.862364  62.681109 36.282
 81     2.125 55034.32589021 27.93 195.859804  62.684249 36.282
 81     2.073 55034.32589086 27.36 195.857244  62.687389 36.282
 81     1.999 55034.32589150 29.97 195.854684  62.690529 36.282
 81     1.877 55034.32589215 32.86 195.852114  62.693669 36.282
 81     1.721 55034.32589279 33.46 195.849554  62.696809 36.282
 82     2.381 55069.32587354 22.55 195.893103  62.656039 12.564
 82     2.597 55069.32587419 21.25 195.890553  62.659179 12.564
 82     1.923 55069.32587483 29.64 195.887993  62.662319 12.564
 82     1.940 55069.32587548 28.67 195.885443  62.665459 12.564
 82     1.832 55069.32587612 25.43 195.882883  62.668599 12.564
 82     2.987 55069.32587677 23.54 195.880323  62.671739 12.564
 82     1.833 55069.32587741 23.43 195.877763  62.674879 12.564
 82     2.178 55069.32587805 24.54 195.875213  62.678019 12.564
 82     2.171 55069.32587870 24.57 195.872653  62.681159 12.564
 82     2.270 55069.32587934 25.08 195.870093  62.684299 12.564
 82     2.193 55069.32587999 24.17 195.867533  62.687439 12.564
 82     1.712 55069.32588063 27.54 195.864973  62.690579 12.564
 82     1.721 55069.32588128 29.16 195.862403  62.693719 12.564
 83     1.804 55104.32581989 37.00 195.850973  62.683529 30.409
 83     1.738 55104.32582054 37.80 195.848415  62.686672 37.757
 83     2.167 55104.32582118 35.17 195.845845  62.689802 37.757
 83     2.091 55104.32582182 35.17 195.843285  62.692942 37.757
 83     2.054 55104.32582247 35.62 195.840725  62.696082 37.757
 83     1.713 55104.32582311 39.89 195.838155  62.699222 37.757
 84     1.284 55139.32582344 36.40 195.876161  62.667916 20.372
 84     1.232 55139.32582408 35.96 195.873601  62.671056 20.372
 84     1.103 55139.32582473 34.37 195.871041  62.674196 20.372
 84     1.227 55139.32582537 36.50 195.868481  62.677336 20.372
 84     1.190 55139.32582602 35.81 195.865921  62.680476 20.372
 84     1.114 55139.32582666 38.83 195.863361  62.683616 20.372
 84     1.342 55139.32582731 40.99 195.860801  62.686756 20.372
 84     1.336 55139.32582795 42.65 195.858241  62.689896 20.372
 84     1.337 55139.32582860 38.32 195.855681  62.693036 20.372
 84     1.162 55139.32582924 38.94 195.853121  62.696176 20.372
 85     1.884 55174.32578727 39.11 195.852615  62.682338 16.004
 85     1.732 55174.32578792 36.15 195.850045  62.685478 16.004
 85     1.841 55174.32578856 34.42 195.847485  62.688618 16.004
 85     1.821 55174.32578921 35.99 195.844925  62.691758 16.004
 85     1.782 55174.32578985 30.87 195.842355  62.694898 16.004
 85     1.722 55174.32579050 29.58 195.839797  62.698037 15.391
 86     1.319 55209.32581931 20.63 195.870780  62.670821  3.402
 86     2.251 55209.32581996 20.83 195.868220  62.673961  3.402
 86     2.381 55209.32582060 20.55 195.865660  62.677101  3.402
 86     1.706 55209.32582125 20.70 195.863100  62.680241  3.402
 86     2.086 55209.32582189 20.67 195.860540  62.683381  3.402
 86     1.794 55209.32582254 20.77 195.857980  62.686521  3.402
 86     1.589 55209.32582318 21.26 195.855420  62.689661  3.402
 86     1.776 55209.32582383 21.16 195.852860  62.692801  3.402
 86     1.591 55209.32582447 22.26 195.850290  62.695941  3.402
 87     2.327 55244.32579237 18.60 195.857246  62.678888  3.015
 87     1.959 55244.32579301 18.38 195.854676  62.682028  3.015
 87     1.947 55244.32579365 18.56 195.852116  62.685168  3.015
 87     1.714 55244.32579430 18.82 195.849559  62.688309  5.327
 87     1.852 55244.32579494 19.41 195.846989  62.691449  5.327
 87     1.734 55244.32579559 19.63 195.844429  62.694589  5.327
 87     1.608 55244.32579623 19.84 195.841869  62.697719  5.327
 88     1.254 55279.32581089 14.86 195.885197  62.660871  2.763
 88     2.625 55279.32581153 14.24 195.882637  62.664011  2.763
 88     1.617 55279.32581218 14.48 195.880077  62.667151  2.763
 88     3.003 55279.32581282 13.90 195.877517  62.670291  2.763
 88     1.757 55279.32581347 13.91 195.874967  62.673431  2.763
 88     2.238 55279.32581411 13.92 195.872407  62.676571  2.763
 88     1.859 55279.32581475 14.10 195.869847  62.679711  2.763
 88     2.186 55279.32581540 13.99 195.867287  62.682851  2.763
 88     2.098 55279.32581604 13.55 195.864727  62.685991  2.763
 88     1.985 55279.32581669 14.04 195.862167  62.689131  2.763
 88     2.073 55279.32581733 13.93 195.859607  62.692271  2.763
 88     1.789 55279.32581798 14.49 195.857037  62.695411  2.763
 89     3.237 55314.32577766  7.60 195.870332  62.671155  3.197
 89     3.213 55314.32577830  7.18 195.867772  62.674295  3.197
 89     3.059 55314.32577895  7.54 195.865212  62.677435  3.197
 89     2.812 55314.32577959  7.23 195.862652  62.680575  3.197
 89     2.510 55314.32578023  7.32 195.860092  62.683715  3.197
 89     2.145 55314.32578088  7.23 195.857535  62.686854  4.634
 89     1.977 55314.32578152  7.10 195.854965  62.689994  4.634
 89     2.061 55314.32578217  7.34 195.852405  62.693134  4.634
 89     2.236 55314.32578281  8.13 195.849845  62.696274  4.634
 90     3.907 55349.32578181 22.99 195.886149  62.660413 13.116
 90     3.616 55349.32578246 22.80 195.883589  62.663553 13.116
 90     3.387 55349.32578310 23.23 195.881029  62.666693 13.116
 90     3.550 55349.32578375 20.62 195.878469  62.669833 13.116
 90     3.722 55349.32578439 23.72 195.875919  62.672973 13.116
 90     3.733 55349.32578503 19.38 195.873359  62.676113 13.116
 90     2.958 55349.32578568 19.71 195.870799  62.679253 13.116
 90     2.276 55349.32578632 22.14 195.868239  62.682393 13.116
 90     2.254 55349.32578697 22.31 195.865679  62.685533 13.116
 90     2.332 55349.32578761 21.69 195.863119  62.688673 13.116
 90     2.109 55349.32578826 23.11 195.860549  62.691813 13.116
 90     1.933 55349.32578890 24.26 195.857989  62.694953 13.116
 91     1.933 55384.32577849 36.90 195.856526  62.679455 35.221
 91     1.700 55384.32577914 38.76 195.853966  62.682589 30.640
 91     1.748 55384.32577978 34.08 195.851406  62.685729 30.640
 91     2.088 55384.32578043 27.55 195.848836  62.688869 30.640
 91     1.950 55384.32578107 29.63 195.846276  62.692009 30.640
 91     1.821 55384.32578172 29.31 195.843716  62.695149 30.640
 91     1.661 55384.32578236 26.83 195.841146  62.698289 30.640
 92     2.473 55419.32580252 45.39 195.873406  62.669131 36.000
 92     2.378 55419.32580317 37.30 195.870846  62.672271 36.000
 92     2.928 55419.32580381 31.99 195.868286  62.675411 36.000
 92     2.896 55419.32580446 31.56 195.865726  62.678551 36.000
 92     2.428 55419.32580510 37.82 195.863166  62.681691 36.000
 92     2.379 55419.32580575 33.03 195.860606  62.684831 36.000
 92     2.276 55419.32580639 30.02 195.858046  62.687971 36.000
 92     2.163 55419.32580703 27.75 195.855486  62.691111 36.000
 92     2.008 55419.32580768 27.07 195.852916  62.694251 36.000
 92     1.799 55419.32580832 26.70 195.850356  62.697391 36.000
 93     2.858 55454.32577768 24.12 195.895422  62.654751 14.312
 93     2.694 55454.32577832 23.80 195.892862  62.657891 14.312
 93     2.417 55454.32577897 25.48 195.890312  62.661031 14.312
 93     2.479 55454.32577961 27.24 195.887752  62.664171 14.312
 93     2.467 55454.32578026 26.14 195.885202  62.667311 14.312
 93     2.378 55454.32578090 23.99 195.882642  62.670451 14.312
 93     2.280 55454.32578155 23.03 195.880082  62.673591 14.312
 93     2.373 55454.32578219 24.09 195.877522  62.676731 14.312
 93     2.258 55454.32578284 23.39 195.874962  62.679871 14.312
 93     2.267 55454.32578348 22.47 195.872402  62.683011 14.312
 93     2.373 55454.32578413 23.93 195.869842  62.686151 14.312
 93     2.410 55454.32578477 29.83 195.867282  62.689291 14.312
 93     2.476 55454.32578542 31.43 195.864722  62.692431 14.312
 93     2.280 55454.32578606 24.13 195.862162  62.695571 14.312
 94     1.216 55489.32569447 52.83 195.913682  62.642142 25.595
 94     1.303 55489.32569511 52.31 195.911132  62.645282 25.595
 94     1.246 55489.32569576 52.46 195.908583  62.648425 50.627
 94     1.139 55489.32569640 53.33 195.906023  62.651565 50.627
 94     1.289 55489.32569705 52.04 195.903473  62.654705 50.627
 94     1.278 55489.32569769 52.08 195.900923  62.657845 50.627
 94     1.227 55489.32569834 52.06 195.898363  62.660985 50.627
 94     1.184 55489.32569898 52.23 195.895803  62.664125 50.627
 94     1.151 55489.32569962 52.82 195.893253  62.667265 50.627
 94     1.121 55489.32570027 51.99 195.890693  62.670405 50.627
 94     1.103 55489.32570091 44.28 195.888143  62.673545 50.627
 94     1.063 55489.32570156 35.85 195.885583  62.676685 50.627
 94     1.038 55489.32570220 45.13 195.883023  62.679825 50.627
 94     1.043 55489.32570285 43.67 195.880463  62.682965 50.627
 94     1.016 55489.32570349 40.37 195.877903  62.686105 50.627
 94     1.025 55489.32570414 40.14 195.875343  62.689245 50.627
 94     1.034 55489.32570478 47.64 195.872783  62.692385 50.627
