-255539.918   267.652     0.00    3.57
-255168.786   264.361    -8.87    3.44
-254797.588   261.705    -7.15    3.61
-254426.325   258.527    -8.56    3.67
-254054.995   255.771    -7.42    3.59
-253683.599   252.168    -9.70    3.63
-253312.137   249.022    -8.47    3.65
-252940.609   245.709    -8.92    3.62
-252569.015   242.857    -7.67    3.47
-252197.354   239.425    -9.23    3.10
-251825.627   236.632    -7.51    3.15
-251453.834   233.684    -7.93    3.26
-251081.975   230.949    -7.35    3.38
-250710.049   227.659    -8.84    3.31
-250338.057   224.742    -7.84    3.25
-249965.998   221.807    -7.88    3.12
-249593.873   219.246    -6.88    3.16
-249221.682   216.120    -8.40    3.24
-248849.424   213.292    -7.59    3.30
-248477.099   210.278    -8.09    2.88
-248104.708   208.388    -5.07    2.35
-247732.250   206.647    -4.67    2.28
-247359.726   205.083    -4.20    2.89
-246987.134   202.536    -6.84    3.85
-246614.476   199.766    -7.43    4.05
-246241.751   197.240    -6.78    3.72
-245868.960   195.807    -3.84    4.12
-245496.101   193.993    -4.87    4.50
-245123.176   191.668    -6.23    4.22
-244750.184   188.693    -7.98    4.15
-244377.124   185.998    -7.22    3.81
-244003.998   182.662    -8.94    3.04
-243630.805   179.986    -7.17    3.00
-243257.544   176.998    -8.00    3.42
-242884.217   174.242    -7.38    3.94
-242510.822   170.620    -9.70    4.03
-242137.360   167.754    -7.67    3.59
-241763.831   164.766    -8.00    2.85
-241390.235   162.400    -6.33    2.57
-241016.571   159.684    -7.27    2.70
-240642.840   157.473    -5.91    2.75
-240269.042   154.925    -6.82    2.69
-239895.176   152.656    -6.07    2.62
-239521.243   150.095    -6.85    2.57
-239147.242   147.733    -6.31    2.72
-238773.174   144.900    -7.57    3.27
-238399.038   141.906    -8.00    3.65
-238024.835   138.437    -9.27    3.50
-237650.564   135.949    -6.65    2.70
-237276.226   134.150    -4.80    1.58
-236901.819   133.096    -2.82    0.91
-236527.345   132.461    -1.70    0.75
-236152.803   132.130    -0.88    0.90
-235778.194   131.937    -0.52    1.09
-235403.516   131.754    -0.49    1.29
-235028.771   131.722    -0.09    1.41
-234653.958   131.602    -0.32    1.46
-234279.077   131.717     0.31    1.52
-233904.128   131.672    -0.12    1.60
-233529.110   131.579    -0.25    1.60
-233154.025   131.374    -0.55    1.60
-232778.872   131.111    -0.70    1.53
-232403.650   130.711    -1.07    1.73
-232028.360   130.177    -1.42    1.93
-231653.003   129.323    -2.28    2.04
-231277.576   128.244    -2.87    2.01
-230902.082   127.092    -3.07    2.11
-230526.519   126.036    -2.81    2.02
-230150.888   124.925    -2.96    1.79
-229775.188   123.912    -2.69    1.59
-229399.420   122.844    -2.84    1.45
-229023.584   121.930    -2.43    1.40
-228647.679   120.993    -2.49    1.40
-228271.706   120.128    -2.30    1.36
-227895.663   119.034    -2.91    1.46
-227519.553   117.998    -2.76    1.59
-227143.373   116.790    -3.21    1.73
-226767.125   115.665    -2.99    1.77
-226390.808   114.193    -3.91    1.85
-226014.423   113.022    -3.11    1.91
-225637.968   111.754    -3.37    1.97
-225261.445   110.620    -3.01    1.97
-224884.853   109.264    -3.60    1.84
-224508.192   108.178    -2.88    1.85
-224131.462   107.118    -2.81    1.81
-223754.663   106.165    -2.53    1.78
-223377.795   105.141    -2.72    1.64
-223000.857   104.300    -2.23    1.64
-222623.851   103.506    -2.10    1.62
-222246.776   102.704    -2.13    1.58
-221869.631   101.900    -2.13    1.50
-221492.417   101.079    -2.18    1.57
-221115.134   100.154    -2.45    1.59
-220737.782    99.220    -2.47    1.64
-220360.360    98.254    -2.56    1.61
-219982.869    97.237    -2.69    1.64
-219605.308    96.354    -2.34    1.56
-219227.678    95.425    -2.46    1.54
-218849.978    94.498    -2.45    1.37
-218472.209    93.595    -2.39    1.24
-218094.371    92.834    -2.01    1.11
-217716.462    92.083    -1.99    1.04
-217338.484    91.388    -1.84    0.98
-216960.437    90.686    -1.86    0.95
-216582.320    90.165    -1.38    0.89
-216204.132    89.615    -1.46    0.89
-215825.875    89.095    -1.37    0.97
-215447.549    88.400    -1.84    0.99
-215069.152    87.656    -1.97    1.15
-214690.686    86.765    -2.35    1.33
-214312.149    85.823    -2.49    1.45
-213933.542    84.894    -2.45    1.36
-213554.866    84.105    -2.08    1.04
-213176.119    83.730    -0.99    0.71
-212797.303    83.635    -0.25    0.59
-212418.416    83.647     0.03    0.51
-212039.459    83.612    -0.09    0.51
-211660.431    83.460    -0.40    0.60
-211281.334    83.424    -0.09    0.71
-210902.166    83.436     0.03    0.78
-210522.927    83.717     0.74    0.91
-210143.619    83.900     0.48    0.97
-209764.240    84.059     0.42    1.01
-209384.790    84.015    -0.12    1.00
-209005.270    83.784    -0.61    1.05
-208625.680    83.514    -0.71    0.97
-208246.018    83.095    -1.10    0.83
-207866.287    82.861    -0.62    0.66
-207486.484    82.906     0.12    0.65
-207106.611    83.117     0.56    0.56
-206726.667    83.400     0.74    0.66
-206346.652    83.864     1.22    1.15
-205966.567    84.342     1.26    1.43
-205594.799    84.950     1.64    1.61
-205228.208    85.511     1.53    1.43
-204861.551    85.585     0.20    1.23
-204494.830    85.306    -0.76    1.17
-204128.043    84.938    -1.00    1.05
-203761.190    84.424    -1.40    1.18
-203394.273    83.669    -2.06    1.46
-203027.290    82.824    -2.30    1.67
-202660.241    82.185    -1.74    1.76
-202293.127    81.607    -1.57    2.03
-201925.947    81.315    -0.80    2.05
-201558.702    80.889    -1.16    1.83
-201191.391    80.668    -0.60    1.55
-200824.015    81.063     1.07    1.90
-200456.573    81.746     1.86    2.15
-200089.065    82.545     2.17    2.58
-199721.492    83.449     2.46    2.62
-199353.853    83.924     1.29    2.83
-198986.147    82.996    -2.52    3.55
-198618.377    81.277    -4.67    4.18
-198250.540    78.521    -7.49    4.72
-197882.637    75.412    -8.45    4.02
-197514.668    73.150    -6.15    2.51
-197146.634    71.982    -3.17    1.28
-196778.533    71.930    -0.14    0.87
-196410.366    72.194     0.72    0.66
-196042.134    72.317     0.33    0.43
-195673.835    72.451     0.36    0.19
-195305.470    72.461     0.03    0.22
-194937.038    72.451    -0.03    0.19
-194568.541    72.412    -0.10    0.00
-194199.977    72.412     0.00    0.00
-193831.347    72.412     0.00    0.00
-193462.650    72.412     0.00    0.00
-193093.888    72.412     0.00    0.00
-192725.058    72.412     0.00    0.00
-192356.163    72.412     0.00    0.00
-191987.200    72.412     0.00    0.00
-191618.172    72.436     0.07    0.15
-191249.076    72.778     0.93    0.82
-190879.915    73.801     2.77    1.94
-190510.686    75.424     4.40    2.93
-190141.391    78.183     7.47    3.96
-189772.029    81.174     8.10    4.08
-189402.600    84.281     8.41    3.21
-189033.105    86.377     5.67    2.01
-188663.543    87.700     3.58    1.12
-188293.914    88.412     1.93    1.62
-187924.218    89.509     2.97    2.42
-187554.455    91.201     4.57    3.56
-187184.625    94.141     7.95    4.80
-186814.729    97.099     8.00    4.92
-186444.765   100.301     8.65    3.22
-186074.734   102.283     5.35    1.99
-185704.636   103.704     3.84    2.21
-185334.471   105.924     6.00    3.72
-184964.239   109.259     9.00    4.49
-184593.939   113.954    12.68    5.73
-184223.572   119.000    13.62    6.82
-183853.138   123.270    11.52    7.52
-183482.637   128.071    12.96    8.99
-183112.068   135.612    20.35   15.96
-182741.432   144.387    23.67   18.82
-182370.729   155.328    29.51   24.29
-181999.958   169.754    38.90   32.33
-181629.119   183.250    36.39   31.12
-181258.213   199.388    43.50   30.77
-180887.239   220.510    56.93   38.47
-180516.198   236.141    42.12   38.42
-180145.089   234.866    -3.43   42.51
-179773.913   222.099   -34.39   48.94
-179402.668   203.750   -49.42   42.10
-179031.356   195.600   -21.95   25.51
-178659.976   209.055    36.23   34.49
-178288.529   239.284    81.37   49.29
-177917.013   279.460   108.12   60.12
-177545.429   316.412    99.43   61.83
-177173.778   360.079   117.48   65.57
-176802.058   410.636   135.99   86.95
-176430.271   506.506   257.83  132.18
-176058.415   560.857   146.14  115.81
-175686.492   559.601    -3.38  115.04
-175314.500   508.244  -138.04  142.99
-174942.440   421.208  -233.90  109.95
-174570.312   372.425  -131.07   58.00
-174198.115   374.624     5.91   53.23
-173825.851   397.242    60.75   63.04
-173453.518   423.099    69.44   57.31
-173081.116   440.150    45.78   59.61
-172708.646   465.989    69.36   62.28
-172336.108   481.937    42.80   54.06
-171963.502   484.906     7.97   53.94
-171590.826   469.059   -42.52   61.37
-171218.083   425.762  -116.14   62.80
-170845.270   391.304   -92.41   45.84
-170472.389   374.798   -44.26   39.84
-170099.440   363.212   -31.06   50.21
-169726.421   353.473   -26.11   53.34
-169353.334   342.702   -28.87   45.21
-168980.178   326.805   -42.59   32.80
-168606.954   317.824   -24.06   27.34
-168233.660   313.521   -11.53   27.99
-167860.298   312.388    -3.03   33.63
-167486.866   307.826   -12.21   37.22
-167113.366   309.027     3.21   41.96
-166739.797   312.894    10.35   47.45
-166366.158   313.087     0.52   59.95
-165992.451   295.831   -46.17   68.45
-165618.674   276.400   -51.98   58.00
-165244.828   266.377   -26.81   42.77
-164870.913   282.483    43.07   57.49
-164496.929   318.877    97.30   59.46
-164122.876   332.991    37.73   44.57
-163748.753   312.281   -55.35   61.89
-163374.561   267.530  -119.58   71.58
-163000.299   216.083  -137.45   51.30
-162625.968   189.087   -72.11   30.03
-162251.568   179.777   -24.86   16.18
-161877.098   191.436    31.13   28.84
-161502.559   217.601    69.85   38.13
-161127.950   244.668    72.25   37.88
-160753.271   272.083    73.16   37.46
-160378.523   294.709    60.37   37.98
-160003.705   314.901    53.86   42.04
-159628.817   326.894    31.99   53.54
-159253.859   334.472    20.21   63.26
-158878.832   318.807   -41.76   70.69
-158503.735   297.318   -57.28   58.51
-158128.568   285.520   -31.45   42.26
-157753.331   282.224    -8.78   39.75
-157378.024   287.100    12.99   39.72
-157002.647   278.130   -23.89   34.37
-156627.200   273.437   -12.50   34.38
-156251.683   279.389    15.85   45.53
-155876.095   281.817     6.46   48.57
-155500.438   275.615   -16.51   38.43
-155124.710   267.575   -21.40   20.38
-154748.912   268.589     2.70   18.01
-154373.044   275.502    18.39   21.84
-153997.106   284.224    23.20   26.54
-153621.097   299.349    40.22   34.60
-153245.017   308.706    24.88   36.43
-152868.868   311.550     7.56   34.24
-152492.648   306.554   -13.28   27.37
-152116.357   299.449   -18.88   17.32
-151739.996   296.612    -7.54   14.85
-151363.564   295.436    -3.12   12.64
-150987.061   298.527     8.21   12.80
-150610.488   306.827    22.04   18.48
-150233.844   320.979    37.57   23.11
-149857.129   341.181    53.62   26.79
-149480.344   358.965    47.20   26.99
-149103.488   370.695    31.12   20.48
-148726.560   369.436    -3.34   17.66
-148349.562   362.111   -19.43   16.22
-147972.493   353.220   -23.58   13.36
-147595.353   346.550   -17.68   13.62
-147218.142   341.979   -12.12   16.30
-146840.860   334.730   -19.21   20.12
-146463.507   328.142   -17.46   24.27
-146086.082   322.722   -14.36   27.87
-145708.586   315.400   -19.39   29.86
-145331.020   307.293   -21.47   31.08
-144953.381   300.364   -18.35   30.12
-144575.672   289.889   -27.73   23.82
-144197.891   282.210   -20.33   16.61
-143820.039   275.900   -16.70    8.68
-143442.115   273.912    -5.26    7.14
-143064.120   271.601    -6.12    6.28
-142686.053   272.968     3.62    9.98
-142307.915   276.412     9.11   13.82
-141929.705   280.350    10.41   15.35
-141551.424   282.942     6.85   13.83
-141173.070   282.448    -1.30   10.87
-140794.646   281.157    -3.41    7.78
-140416.149   276.583   -12.08    7.48
-140037.580   271.703   -12.89    8.01
-139658.940   265.485   -16.42    8.56
-139280.228   258.316   -18.93   10.88
-138901.444   252.043   -16.56   10.77
-138522.588   252.942     2.37   17.24
-138143.660   258.400    14.40   25.42
-137764.659   265.071    17.60   27.76
-137385.587   273.484    22.19   24.42
-137006.443   276.693     8.46   17.96
-136627.226   277.723     2.72   15.35
-136247.938   279.522     4.74   15.01
-135868.577   283.145     9.55   18.53
-135489.143   283.105    -0.11   22.73
-135109.638   281.148    -5.16   26.46
-134730.060   276.548   -12.12   29.03
-134350.409   272.619   -10.35   29.79
-133970.686   268.339   -11.27   33.15
-133590.891   263.329   -13.19   35.11
-133211.023   258.607   -12.43   36.71
-132831.082   244.695   -36.61   34.81
-132451.069   232.157   -32.99   30.58
-132070.984   225.829   -16.65   27.84
-131690.825   227.810     5.21   35.18
-131310.594   229.001     3.13   39.37
-130934.664   236.212    19.18   44.27
-130568.282   234.183    -5.54   45.84
-130201.834   232.195    -5.42   44.29
-129835.318   225.492   -18.29   44.45
-129468.736   215.022   -28.56   41.73
-129102.086   204.883   -27.65   38.87
-128735.370   193.982   -29.72   34.18
-128368.587   182.236   -32.02   23.69
-128001.736   174.950   -19.86   15.88
-127634.819   169.715   -14.27   12.12
-127267.834   165.511   -11.45    8.17
-126900.782   161.412   -11.17    4.38
-126533.663   158.944    -6.72    3.83
-126166.476   156.248    -7.34    4.04
-125799.223   154.034    -6.03    3.62
-125431.902   152.106    -5.25    3.06
-125064.513   150.854    -3.41    2.73
-124697.057   149.036    -4.95    3.28
-124329.534   145.810    -8.78    5.28
-123961.944   140.148   -15.40    7.32
-123594.285   135.575   -12.44    6.80
-123226.560   134.111    -3.98    8.37
-122858.766   140.554    17.51   17.59
-122490.905   156.497    43.34   28.43
-122122.977   178.033    58.53   37.02
-121754.980   203.144    68.23   37.93
-121386.916   222.389    52.28   37.56
-121018.784   228.175    15.72   34.48
-120650.585   221.185   -18.98   30.72
-120282.317   218.887    -6.24   29.50
-119913.982   220.343     3.95   26.90
-119545.579   223.104     7.49   26.13
-119177.107   228.281    14.05   23.19
-118808.568   229.912     4.43   21.45
-118439.961   232.273     6.40   18.95
-118071.285   233.029     2.05   17.71
-117702.542   231.017    -5.45   18.01
-117333.730   226.135   -13.24   20.08
-116964.850   211.331   -40.13   22.57
-116595.902   196.552   -40.05   23.19
-116226.886   182.316   -38.57   23.23
-115857.801   170.761   -31.30   16.43
-115488.649   161.273   -25.70   13.63
-115119.427   154.447   -18.48   16.12
-114750.137   147.010   -20.14   16.11
-114380.779   141.900   -13.83   10.77
-114011.353   141.595    -0.83   10.08
-113641.857   144.436     7.69   12.31
-113272.294   148.857    11.96   13.65
-112902.661   152.226     9.12   14.13
-112532.960   153.687     3.95   13.86
-112163.190   150.668    -8.16   14.00
-111793.352   146.687   -10.76   13.80
-111423.445   142.226   -12.06   10.59
-111053.469   137.672   -12.31    4.64
-110683.424   136.726    -2.55    4.25
-110313.310   134.894    -4.95    3.50
-109943.128   132.924    -5.32    2.37
-109572.876   131.889    -2.80    1.68
-109202.556   131.711    -0.48    1.37
-108832.166   131.965     0.69    2.12
-108461.707   134.098     5.76    6.29
-108091.180   140.376    16.94   17.15
-107720.583   159.354    51.21   44.79
-107349.917   177.296    48.40   64.93
-106979.182   187.329    27.06   76.09
-106608.377   185.186    -5.78   76.52
-106237.503   168.481   -45.04   61.21
-105866.560   150.341   -48.90   34.06
-105495.548   143.389   -18.74   15.04
-105124.466   147.765    11.79   23.58
-104753.314   153.015    14.14   28.76
-104382.093   156.765    10.10   29.63
-104010.803   160.029     8.79   26.67
-103639.443   162.691     7.17   25.64
-103268.013   166.327     9.79   24.26
-102896.514   163.841    -6.69   13.24
-102524.945   164.123     0.76    6.56
-102153.306   165.010     2.39    7.16
-101781.598   168.615     9.70   10.47
-101409.820   176.319    20.72   17.83
-101037.972   188.178    31.89   23.44
-100666.054   201.122    34.80   27.20
-100294.066   216.022    40.05   30.54
 -99922.008   224.079    21.65   32.17
 -99549.880   233.326    24.85   35.69
 -99177.683   229.516   -10.24   30.89
 -98805.415   218.681   -29.10   26.79
 -98433.077   215.128    -9.54   21.90
 -98060.668   217.980     7.66   24.08
 -97688.190   239.871    58.77   40.44
 -97315.641   270.534    82.30   40.19
 -96943.022   289.884    51.92   32.41
 -96570.333   301.054    29.97   28.29
 -96197.574   291.742   -24.98   36.81
 -95824.744   273.684   -48.43   37.96
 -95451.843   254.668   -50.99   37.24
 -95078.872   238.266   -43.97   28.87
 -94705.831   242.711    11.92   38.04
 -94332.719   251.548    23.68   43.19
 -93959.536   247.297   -11.39   41.64
 -93586.283   239.178   -21.75   36.16
 -93212.959   237.017    -5.79   37.06
 -92839.565   242.301    14.15   46.61
 -92466.099   259.320    45.57   51.10
 -92092.563   257.827    -4.00   53.43
 -91718.956   243.320   -38.83   46.22
 -91345.278   243.681     0.96   41.44
 -90971.530   255.401    31.36   50.49
 -90597.710   269.017    36.42   47.65
 -90223.819   264.296   -12.63   46.99
 -89849.858   244.583   -52.71   51.20
 -89475.825   230.815   -36.81   40.35
 -89101.721   224.641   -16.50   35.60
 -88727.546   228.550    10.45   36.75
 -88353.300   234.205    15.11   39.04
 -87978.982   227.412   -18.15   42.44
 -87604.593   213.717   -36.58   43.36
 -87230.133   198.010   -41.94   46.41
 -86855.602   177.659   -54.33   44.88
 -86480.999   155.971   -57.89   33.38
 -86106.325   139.128   -44.95   17.03
 -85731.579   131.068   -21.51    6.90
 -85356.762   130.573    -1.32    8.60
 -84981.873   134.596    10.73   15.40
 -84606.912   139.536    13.17   16.88
 -84231.880   144.866    14.21   16.50
 -83856.776   152.327    19.89   24.41
 -83481.601   159.711    19.68   27.94
 -83106.353   164.993    14.07   31.09
 -82731.034   170.140    13.71   29.79
 -82355.643   178.622    22.60   28.41
 -81980.181   188.177    25.45   28.14
 -81604.646   211.705    62.65   33.63
 -81229.039   238.958    72.55   45.36
 -80853.360   260.412    57.11   39.82
 -80477.610   265.219    12.79   33.11
 -80101.787   256.153   -24.12   35.00
 -79725.892   251.273   -12.98   38.13
 -79349.925   250.956    -0.84   44.53
 -78973.885   263.412    33.12   48.14
 -78597.773   284.930    57.21   56.72
 -78221.589   306.459    57.23   57.12
 -77845.333   325.220    49.86   41.95
 -77469.004   312.803   -32.99   48.64
 -77092.603   278.448   -91.27   55.09
 -76716.130   238.750  -105.44   46.58
 -76339.584   202.641   -95.89   35.81
 -75962.965   176.677   -68.94   33.23
 -75586.274   155.236   -56.92   20.70
 -75209.510   149.458   -15.33   13.40
 -74832.673   159.436    26.47   21.62
 -74455.764   167.819    22.24   18.78
 -74078.782   168.115     0.78   19.22
 -73701.727   159.446   -22.99   22.72
 -73324.599   145.079   -38.09   20.41
 -72947.399   136.459   -22.85   19.89
 -72570.125   129.810   -17.62   23.08
 -72192.779   123.059   -17.89   23.82
 -71815.359   108.895   -37.53   25.63
 -71437.867    91.366   -46.43   27.35
 -71060.301    71.796   -51.83   25.51
 -70682.662    57.796   -37.07   18.34
 -70304.950    50.022   -20.58    9.38
 -69927.165    58.858    23.39   28.59
 -69549.307   101.273   112.24   77.50
 -69171.375   143.518   111.77   88.27
 -68793.370   169.401    68.47   80.68
 -68415.291   170.497     2.90   72.70
 -68037.139   143.877   -70.39   63.58
 -67658.914   117.547   -69.61   51.53
 -67280.615    97.549   -52.86   34.15
 -66902.243    83.681   -36.65   16.95
 -66523.797    79.106   -12.09   12.25
 -66145.277    78.277    -2.19   10.91
 -65766.683    82.355    10.77   13.81
 -65388.016    93.059    28.27   20.85
 -65009.275   111.049    47.50   25.32
 -64630.460   128.781    46.81   23.08
 -64251.572   139.356    27.91   22.29
 -63872.609   150.296    28.87   23.43
 -63493.573   164.959    38.68   30.18
 -63114.462   184.691    52.05   33.38
 -62735.278   197.424    33.58   24.78
 -62356.019   195.793    -4.30   25.98
 -61976.687   181.757   -37.00   29.68
 -61597.280   165.300   -43.37   25.53
 -61217.799   152.412   -33.96   26.87
 -60838.243   137.799   -38.50   29.96
 -60458.614   124.924   -33.91   24.65
 -60078.910   118.401   -17.18   17.40
 -59699.132   122.460    10.69   21.23
 -59319.279   140.792    48.26   27.90
 -58939.352   161.770    55.22   23.33
 -58559.350   176.188    37.94   20.81
 -58179.274   183.010    17.95   19.78
 -57799.123   171.182   -31.11   27.18
 -57418.897   150.766   -53.69   32.39
 -57038.597   127.367   -61.53   28.26
 -56658.222   111.506   -41.70   16.33
 -56277.773   112.079     1.50   19.05
 -55911.599   120.031    21.72   21.27
 -55545.362   130.286    28.00   21.02
 -55179.057   140.351    27.48   21.55
 -54812.684   150.083    26.56   21.51
 -54446.242   160.375    28.09   23.08
 -54079.731   171.608    30.65   22.87
 -53713.152   181.948    28.21   23.87
 -53346.504   194.253    33.56   25.95
 -52979.787   208.447    38.70   23.27
 -52613.001   222.754    39.00   16.49
 -52246.147   227.378    12.61   15.67
 -51879.223   225.389    -5.42   19.29
 -51512.231   223.505    -5.13   20.93
 -51145.170   226.271     7.53   22.00
 -50778.040   235.251    24.46   23.92
 -50410.840   246.290    30.06   22.11
 -50043.572   250.492    11.44   23.15
 -49676.235   246.973    -9.58   29.86
 -49308.828   236.776   -27.75   30.16
 -48941.352   231.765   -13.63   27.54
 -48573.808   240.401    23.49   31.66
 -48206.193   254.238    37.64   34.27
 -47838.510   271.447    46.80   34.28
 -47470.757   273.299     5.04   36.55
 -47102.935   271.424    -5.10   37.28
 -46735.043   261.436   -27.15   34.97
 -46367.082   248.263   -35.80   34.11
 -45999.052   232.333   -43.28   30.40
 -45630.952   213.079   -52.30   26.31
 -45262.782   197.344   -42.74   21.91
 -44894.543   184.900   -33.79   17.59
 -44526.234   174.343   -28.66   19.06
 -44157.855   160.264   -38.22   19.84
 -43789.407   146.033   -38.62   18.25
 -43420.889   133.839   -33.09   13.18
 -43052.301   130.585    -8.83    9.00
 -42683.643   136.306    15.52   16.01
 -42314.916   152.890    44.97   25.82
 -41946.118   173.504    55.90   28.36
 -41577.250   194.068    55.75   22.35
 -41208.313   201.750    20.82   19.23
 -40839.305   202.610     2.33   23.32
 -40470.228   198.982    -9.83   26.06
 -40101.080   199.005     0.06   27.10
 -39731.862   198.079    -2.51   27.43
 -39362.574   198.240     0.44   26.85
 -38993.215   200.606     6.40   23.70
 -38623.787   205.591    13.49   22.79
 -38254.288   217.708    32.79   22.69
 -37884.718   231.781    38.08   17.17
 -37515.079   243.159    30.78   17.74
 -37145.368   255.881    34.41   16.54
 -36775.588   264.068    22.14   19.82
 -36405.737   271.864    21.08   27.80
 -36035.815   271.963     0.27   33.13
 -35665.822   277.786    15.74   35.27
 -35295.759   293.594    42.72   36.57
 -34925.626   312.989    52.40   36.37
 -34555.421   331.071    48.84   28.54
 -34185.146   335.912    13.07   22.95
 -33814.800   329.642   -16.93   33.89
 -33444.383   313.867   -42.59   42.51
 -33073.895   300.087   -37.19   37.60
 -32703.337   290.671   -25.41   26.29
 -32332.707   286.094   -12.35   17.27
 -31962.006   277.617   -22.87   20.03
 -31591.235   261.435   -43.64   33.95
 -31220.392   234.356   -73.02   44.68
 -30849.478   204.718   -79.90   43.61
 -30478.493   174.162   -82.36   38.81
 -30107.436   148.542   -69.05   34.79
 -29736.309   127.367   -57.05   25.51
 -29365.110   112.043   -41.28   14.72
 -28993.840   105.606   -17.34    7.25
 -28622.498   107.043     3.87    9.67
 -28251.085   116.090    24.36   16.57
 -27879.601   128.280    32.81   19.87
 -27508.045   144.253    42.99   25.23
 -27136.417   155.144    29.31   27.09
 -26764.718   163.987    23.79   28.35
 -26392.948   166.290     6.20   25.40
 -26021.105   148.493   -47.86   33.52
 -25649.191   125.270   -62.44   42.08
 -25277.205   102.412   -61.45   32.23
 -24905.148    96.459   -16.00   24.49
 -24533.018   115.255    50.51   41.13
 -24160.817   148.889    90.36   55.72
 -23788.544   185.094    97.25   54.05
 -23416.199   199.901    39.76   41.54
 -23043.782   192.935   -18.70   38.20
 -22671.292   175.987   -45.50   38.79
 -22298.731   163.685   -33.02   36.61
 -21926.098   165.145     3.92   50.23
 -21553.392   170.896    15.43   58.88
 -21180.614   166.901   -10.72   62.04
 -20807.764   141.435   -68.30   59.51
 -20434.842   112.953   -76.38   45.77
 -20061.848    86.738   -70.28   28.66
 -19688.781    74.219   -33.56   15.44
 -19315.641    75.492     3.41   19.97
 -18942.429    78.742     8.71   26.76
 -18569.145    78.253    -1.31   30.33
 -18195.788    68.808   -25.30   31.71
 -17822.359    49.719   -51.12   24.27
 -17448.857    37.940   -31.54   15.42
 -17075.282    29.683   -22.10    6.02
 -16701.634    26.558    -8.36    2.26
 -16327.914    24.719    -4.92    2.66
 -15954.121    22.946    -4.74    3.58
 -15580.255    19.808    -8.40    4.49
 -15206.317    16.606    -8.56    4.64
 -14832.305    13.228    -9.03    2.94
 -14458.221    11.969    -3.37    1.90
 -14084.063    13.481     4.04    6.42
 -13709.832    17.635    11.10   11.88
 -13335.529    29.589    31.94   24.77
 -12961.152    53.946    65.06   39.45
 -12586.702    80.470    70.83   38.32
 -12212.179    96.310    42.29   24.13
 -11837.582    99.040     7.29   19.26
 -11462.912    88.901   -27.06   22.02
 -11088.169    68.203   -55.23   20.17
 -10713.353    51.856   -43.61   23.07
 -10338.463    35.017   -44.92   20.34
  -9963.500    20.907   -37.63   13.95
  -9588.463    12.355   -22.80    6.95
  -9213.352     8.896    -9.22    3.71
  -8838.168     6.137    -7.35    3.28
  -8462.910     4.300    -4.89    3.27
  -8087.579     3.226    -2.86    2.85
  -7712.174     2.401    -2.20    2.00
  -7336.695     2.645     0.65    1.73
  -6961.142     2.626    -0.05    1.03
  -6585.516     2.447    -0.48    0.99
  -6209.815     2.901     1.21    2.60
  -5834.041     3.309     1.09    3.53
  -5458.193     2.946    -0.96    3.98
  -5082.270     1.250    -4.51    3.96
  -4706.274    -0.408    -4.41    3.14
  -4330.203    -2.174    -4.70    1.72
  -3954.058    -2.790    -1.64    1.24
  -3577.839    -2.932    -0.38    0.93
  -3201.546    -2.888     0.12    0.94
  -2825.178    -2.906    -0.05    0.86
  -2448.737    -2.951    -0.12    0.75
  -2072.220    -3.185    -0.62    0.64
  -1695.630    -3.701    -1.37    1.17
  -1318.965    -5.047    -3.57    2.32
   -942.225    -6.495    -3.84    2.39
   -565.411    -7.940    -3.84    1.38
   -188.522    -6.633     3.47    5.20
    188.442    10.106    44.40   32.95
    565.480    40.131    79.64   51.54
    942.593    91.412   135.98   64.84
   1319.780   144.083   139.64   69.22
   1697.043   195.446   136.15   63.95
   2074.380   228.481    87.55   47.53
   2451.792   240.873    32.84   33.64
   2829.279   233.469   -19.61   32.24
   3206.842   208.851   -65.20   24.90
   3584.479   199.953   -23.56   23.82
   3962.191   200.131     0.47   29.65
   4339.978   207.217    18.76   45.90
   4717.841   225.345    47.98   64.25
   5095.779   228.815     9.18   71.49
   5473.792   220.491   -22.02   69.61
   5851.880   195.470   -66.18   62.45
   6230.044   159.723   -94.53   55.07
   6608.283   127.648   -84.80   38.21
   6986.598   106.456   -56.02   20.30
   7364.988    94.984   -30.32    8.27
   7743.453    91.446    -9.35    3.11
   8121.995    90.754    -1.83    0.96
   8500.611    94.071     8.76    5.96
   8879.304   102.424    22.06   13.45
   9258.072   119.174    44.22   26.11
   9636.916   144.280    66.27   37.26
  10015.836   175.279    81.81   50.47
  10394.831   212.318    97.73   56.76
  10773.903   262.579   132.59   72.61
  11153.050   320.194   151.96   81.43
  11532.273   363.501   114.20   74.62
  11911.573   385.228    57.28   53.45
  12290.948   368.265   -44.72   68.42
  12670.400   322.378  -120.93   70.99
  13049.928   277.799  -117.46   62.09
  13429.532   237.446  -106.30   45.33
  13809.212   207.289   -79.43   33.70
  14188.968   176.992   -79.78   30.30
  14568.801   158.390   -48.98   30.85
  14948.710   143.125   -40.18   20.02
  15328.696   143.941     2.15   19.24
  15708.758   160.723    44.16   29.65
  16088.897   189.493    75.68   42.04
  16469.112   244.401   144.42   72.72
  16849.404   294.205   130.96   75.88
  17229.773   332.412   100.45   60.15
  17610.218   366.543    89.71   52.97
  17990.740   393.401    70.58   66.74
  18371.339   412.198    49.39   68.89
  18742.011   417.079    13.17   68.90
  19108.029   420.650     9.76   58.82
  19474.118   438.401    48.49   65.60
  19840.276   479.608   112.54   88.92
  20206.505   547.143   184.41  107.03
  20572.805   582.708    97.09   92.81
  20939.174   574.924   -21.25   90.94
  21305.614   543.963   -84.49   80.24
  21672.125   495.668  -131.77   57.45
  22038.706   466.806   -78.74   42.68
  22405.357   450.912   -43.35   40.88
  22772.079   428.557   -60.96   42.33
  23138.872   405.174   -63.75   37.89
  23505.735   386.984   -49.58   36.29
  23872.669   377.654   -25.43   32.49
  24239.674   386.835    25.02   36.12
  24606.749   396.242    25.63   33.66
  24973.895   398.128     5.14   42.41
  25341.112   404.828    18.25   46.69
  25708.400   405.560     1.99   42.52
  26075.759   403.157    -6.54   40.48
  26443.189   386.742   -44.68   44.51
  26810.690   360.039   -72.66   38.00
  27178.261   341.222   -51.19   30.80
  27545.904   334.924   -17.13   29.54
  27913.618   322.555   -33.64   29.79
  28281.404   317.929   -12.58   34.37
  28649.260   304.812   -35.66   39.00
  29017.188   290.233   -39.63   37.02
  29385.186   282.838   -20.10   34.20
  29753.257   281.952    -2.41   37.69
  30121.398   276.412   -15.05   41.76
  30489.611   271.665   -12.89   42.66
  30857.896   254.469   -46.70   39.21
  31226.252   231.734   -61.72   29.85
  31594.679   223.626   -22.01   21.70
  31963.178   231.389    21.07   31.07
  32331.749   246.179    40.13   35.19
  32700.391   255.222    24.53   32.46
  33069.106   244.204   -29.88   40.13
  33437.891   218.114   -70.75   47.38
  33806.749   197.610   -55.59   40.00
  34175.678   181.594   -43.41   33.21
  34544.680   170.817   -29.21   30.58
  34913.753   163.148   -20.78   32.16
  35282.898   148.446   -39.83   28.84
  35652.115   136.890   -31.30   24.14
  36021.404   125.735   -30.21   19.28
  36390.765   116.390   -25.30   15.57
  36760.199   113.064    -9.00   15.15
  37129.704   116.248     8.62   19.10
  37499.282   123.941    20.82   23.89
  37868.932   135.401    31.00   23.61
  38238.654   141.750    17.17   17.63
  38608.449   137.221   -12.25   16.30
  38978.316   129.079   -22.01   16.77
  39348.255   116.806   -33.18   14.79
  39718.267   108.730   -21.83   12.97
  40088.351   101.801   -18.72   11.92
  40458.508    94.571   -19.53   10.84
  40828.738    91.490    -8.32    9.98
  41199.040    93.579     5.64   13.05
  41569.414    99.323    15.51   14.46
  41939.862   102.995     9.91   11.60
  42310.382   101.345    -4.45   10.74
  42680.975    94.801   -17.66   13.43
  43051.641    84.833   -26.89   11.69
  43422.380    80.357   -12.07    9.90
  43793.191    78.235    -5.72    9.14
  44164.076    77.957    -0.75    8.95
  44535.033    78.603     1.74    8.26
  44906.064    80.687     5.62    7.17
  45277.168    80.965     0.75    5.97
  45648.345    81.368     1.09    5.61
  46019.595    81.817     1.21    4.86
  46390.918    79.379    -6.57    5.89
  46762.315    75.208   -11.23    8.01
  47133.785    69.570   -15.18    7.94
  47505.328    63.729   -15.72    6.82
  47876.944    58.255   -14.73    7.58
  48248.634    52.424   -15.69    8.07
  48620.398    46.557   -15.78    7.25
  48992.235    42.458   -11.02    5.30
  49364.146    40.012    -6.58    3.45
  49736.130    39.968    -0.12    5.44
  50108.188    41.012     2.81    7.96
  50480.319    42.552     4.14    9.08
  50852.525    45.379     7.60    7.87
  51224.804    49.079     9.94    7.31
  51597.157    52.253     8.53    5.70
  51969.584    53.223     2.61    4.32
  52342.084    51.049    -5.84    7.47
  52714.659    47.490    -9.55    9.85
  53087.308    42.852   -12.45   10.87
  53460.031    39.212    -9.77   10.26
  53832.827    37.390    -4.89    8.66
  54205.698    37.312    -0.21    7.82
  54578.644    37.974     1.77    7.31
  54951.663    38.929     2.56    5.86
  55324.757    39.205     0.74    4.53
  55697.925    39.248     0.11    3.18
  56071.167    39.389     0.38    2.49
  56444.484    38.502    -2.37    2.89
  56817.875    36.579    -5.15    4.46
  57191.340    32.974    -9.65    5.44
  57564.881    29.496    -9.31    4.27
  57938.495    26.042    -9.25    5.85
  58312.185    21.342   -12.58    7.35
  58685.949    16.346   -13.37    7.06
  59059.787    11.889   -11.93    3.33
  59433.701    10.808    -2.89    1.00
  59807.689    11.236     1.14    2.04
  60181.752    11.313     0.21    2.30
  60555.890    11.148    -0.44    1.98
  60930.103    10.869    -0.75    0.83
  61304.391    10.929     0.16    0.55
  61678.754    11.160     0.62    0.57
  62053.192    11.424     0.71    0.44
  62427.705    11.522     0.26    0.31
  62802.294    11.481    -0.11    0.25
  63176.957    11.423    -0.15    0.10
  63551.696    11.412    -0.03    0.00
  63926.510    11.412     0.00    0.00
  64301.399    11.412     0.00    0.00
  64676.364    11.300    -0.30    0.41
  65051.404    11.128    -0.46    0.61
  65426.520    10.962    -0.44    0.69
  65801.711    10.849    -0.30    0.73
  66176.978    10.731    -0.31    0.71
  66552.320    10.734     0.01    0.67
  66927.738    10.523    -0.56    0.64
  67303.232    10.379    -0.39    0.53
  67678.801    10.346    -0.09    0.49
  68054.446    10.195    -0.40    0.61
  68430.167     9.835    -0.96    0.78
  68805.964     9.348    -1.30    1.03
  69181.837     8.979    -0.98    1.25
  69557.786     8.901    -0.21    1.43
  69933.810     9.057     0.41    1.38
  70309.911     9.423     0.97    1.00
  70686.088     9.918     1.31    0.86
  71062.341    10.253     0.89    0.92
  71438.671    11.379     2.99    3.32
  71815.076    13.242     4.95    6.07
  72191.558    16.012     7.36    8.07
  72568.116    20.049    10.72    9.82
  72944.751    25.555    14.62   12.00
  73321.462    32.128    17.45   11.70
  73698.249    42.863    28.49   10.41
  74075.113    43.049     0.49   15.27
  74452.054    30.742   -32.65   25.56
  74829.071    16.861   -36.82   24.78
  75206.165     1.957   -39.53   11.19
  75583.335    -1.714    -9.73    3.43
  75960.583    -0.043     4.43    4.53
  76337.907     0.768     2.15    5.26
  76715.308     3.368     6.89    7.07
  77092.785     6.735     8.92    8.27
  77470.340    10.885    10.99    8.82
  77847.972    15.612    12.52    8.73
  78225.681    14.193    -3.76   10.12
  78603.466    11.501    -7.12   13.15
  78981.329     6.412   -13.47   13.89
  79359.270    -1.377   -20.61    7.20
  79737.287    -3.873    -6.61    0.65
  80115.381    -3.654     0.58    0.25
  80493.553    -3.247     1.08    1.75
  80871.803    -2.815     1.14    2.14
  81250.129    -2.588     0.60    2.18
  81628.533    -2.669    -0.22    1.75
  82007.015    -2.816    -0.39    1.18
  82385.574    -2.517     0.79    1.37
  82764.211    -2.044     1.25    1.72
  83142.925    -1.564     1.27    1.80
  83521.717    -1.566    -0.00    1.67
  83900.587    -1.752    -0.49    1.51
  84279.535    -2.005    -0.67    1.22
  84658.560    -3.314    -3.45    3.13
  85037.664    -7.329   -10.59    7.09
  85416.845    -9.541    -5.83    7.10
  85796.104    -8.499     2.75    9.66
  86175.441    -3.227    13.90   17.22
  86554.856    11.684    39.30   26.55
  86934.350    33.182    56.65   29.35
  87313.921    55.151    57.88   27.56
  87693.571    71.628    43.40   19.54
  88073.299    75.532    10.28   16.53
  88453.105    71.012   -11.90   19.61
  88832.990    63.050   -20.96   20.20
  89212.953    56.984   -15.97   17.52
  89592.995    55.940    -2.75   15.76
  89973.115    58.978     7.99   16.59
  90353.313    61.201     5.85   16.80
  90733.590    57.651    -9.34   21.20
  91113.946    51.857   -15.24   25.30
  91494.381    44.171   -20.21   24.81
  91874.894    39.810   -11.46   22.61
  92255.486    47.651    20.60   25.40
  92636.157    58.765    29.20   25.76
  93016.906    67.489    22.92   20.19
  93392.464    66.492    -2.66   18.66
  93758.259    55.279   -30.66   22.09
  94124.125    41.535   -37.57   15.70
  94490.064    34.050   -20.46    7.02
  94856.075    33.522    -1.44    6.86
  95222.157    39.997    17.69   12.17
  95588.312    48.810    24.07   14.48
  95954.539    54.162    14.62   11.83
  96320.838    53.692    -1.28   11.80
  96687.209    49.504   -11.43   11.71
  97053.652    43.315   -16.89    7.47
  97420.167    42.310    -2.74    6.13
  97786.755    44.654     6.39    6.17
  98153.415    47.768     8.49    7.13
  98520.148    51.133     9.18    6.90
  98886.953    52.336     3.28    5.41
  99253.830    52.087    -0.68    4.67
  99620.780    53.032     2.58    5.14
  99987.803    51.924    -3.02    6.92
 100354.898    44.271   -20.85   14.07
 100722.066    34.896   -25.54   15.49
 101089.306    27.173   -21.03    9.61
 101456.620    24.219    -8.04    4.47
 101824.006    24.579     0.98    2.89
 102191.464    25.423     2.30    1.89
 102558.996    27.390     5.35    4.75
 102926.601    31.434    11.00    8.46
 103294.278    38.171    18.32   10.87
 103662.029    44.072    16.05   10.31
 104029.852    48.750    12.72    8.39
 104397.749    49.738     2.69    6.46
 104765.719    48.459    -3.48    5.66
 105133.761    45.999    -6.68    4.81
 105501.878    43.688    -6.28    3.33
 105870.067    41.775    -5.20    1.43
 106238.330    41.120    -1.78    0.94
 106606.665    41.072    -0.13    1.10
 106975.075    41.184     0.31    1.17
 107343.558    40.746    -1.19    1.43
 107712.114    39.728    -2.76    2.12
 108080.744    38.276    -3.94    2.34
 108449.447    36.197    -5.64    3.07
 108818.224    33.633    -6.95    3.57
 109187.074    30.836    -7.58    3.51
 109555.999    28.159    -7.26    2.42
 109924.997    26.608    -4.20    1.47
 110294.068    26.112    -1.34    0.83
 110663.214    26.130     0.05    0.52
 111032.433    26.290     0.43    0.39
 111401.726    26.412     0.33    0.00
 111771.094    26.075    -0.91    0.98
 112140.535    25.532    -1.47    1.44
 112510.050    24.565    -2.62    1.76
 112879.640    23.712    -2.31    1.43
 113249.303    23.853     0.38    1.46
 113619.041    24.516     1.79    1.69
 113988.853    25.520     2.72    1.38
 114358.739    26.168     1.75    0.83
 114728.699    26.412     0.66    0.00
 115098.734    26.412     0.00    0.00
 115468.843    26.412     0.00    0.00
 115839.027    26.412     0.00    0.00
 116209.285    26.412     0.00    0.00
 116579.617    26.412     0.00    0.00
 116950.025    26.412     0.00    0.00
 117320.506    26.445     0.09    0.18
 117691.063    26.515     0.19    0.30
 118061.694    26.586     0.19    0.38
 118432.400    26.626     0.11    0.44
 118803.181    26.630     0.01    0.49
 119174.036    26.516    -0.31    0.48
 119544.967    26.065    -1.22    0.75
 119915.972    25.377    -1.85    1.13
 120287.052    24.072    -3.52    1.97
 120658.208    22.703    -3.69    2.02
 121029.438    22.032    -1.81    1.64
 121400.743    21.964    -0.18    1.40
 121772.124    22.923     2.58    1.63
 122143.580    24.157     3.32    1.61
 122515.111    25.369     3.26    1.12
 122886.718    26.042     1.81    0.59
 123258.399    26.125     0.22    0.65
 123630.156    25.819    -0.82    1.01
 124001.989    25.684    -0.36    1.08
 124373.897    26.054     0.99    1.24
 124745.880    26.638     1.57    1.43
 125117.940    27.510     2.34    1.39
 125490.074    28.237     1.95    1.64
 125862.285    28.228    -0.02    1.90
 126234.571    27.557    -1.80    2.84
 126606.932    26.649    -2.44    3.65
 126979.370    25.332    -3.54    3.53
 127351.883    24.283    -2.82    4.23
 127724.473    22.320    -5.27    5.56
 128097.138    18.864    -9.28    5.96
 128469.879    16.171    -7.23    4.31
 128842.696    16.488     0.85    3.64
 129215.590    18.594     5.65    4.19
 129588.559    21.923     8.93    4.38
 129961.605    25.570     9.78    4.86
 130334.726    30.162    12.31    6.08
 130707.924    34.072    10.48    5.79
 131081.199    37.891    10.23    3.97
 131454.549    39.679     4.79    2.36
 131827.976    39.774     0.25    1.41
 132201.480    39.290    -1.30    1.20
 132575.060    38.885    -1.08    0.90
 132948.716    39.061     0.47    1.05
 133322.450    39.804     1.99    1.35
 133696.259    40.544     1.98    1.13
 134070.146    41.154     1.63    0.53
 134444.109    41.270     0.31    0.35
 134818.149    41.262    -0.02    0.39
 135192.265    41.162    -0.27    0.60
 135566.459    40.599    -1.51    1.67
 135940.729    39.928    -1.79    1.97
 136315.077    38.907    -2.73    2.06
 136689.501    37.987    -2.46    1.73
 137064.002    37.379    -1.62    1.38
 137438.581    36.703    -1.81    1.47
 137813.236    35.719    -2.63    1.53
 138187.969    34.767    -2.54    1.74
 138562.779    33.596    -3.12    1.76
 138937.667    32.337    -3.36    1.80
 139312.631    31.075    -3.37    1.60
 139687.673    29.713    -3.63    2.03
 140062.793    28.215    -4.00    2.50
 140437.990    26.584    -4.35    2.72
 140813.264    24.562    -5.39    2.93
 141188.616    21.561    -7.99    3.81
 141564.046    18.297    -8.69    3.90
 141939.553    15.262    -8.08    3.36
 142315.138    13.068    -5.84    2.06
 142690.801    11.649    -3.78    1.47
 143066.542    10.907    -1.98    1.25
 143442.360    10.597    -0.82    1.23
 143818.256    10.583    -0.04    1.22
 144194.231    10.670     0.23    1.05
 144570.283    10.833     0.43    0.81
 144946.413    10.891     0.15    0.81
 145322.622    11.091     0.53    0.67
 145698.908    11.240     0.40    0.50
 146075.273    11.424     0.49    0.44
 146451.716    12.253     2.20    1.60
 146828.237    13.823     4.17    2.84
 147204.837    16.101     6.05    4.01
 147581.515    18.962     7.60    4.97
 147958.271    21.907     7.82    5.05
 148335.106    24.434     6.71    4.10
 148712.019    26.325     5.02    1.81
 149089.011    26.499     0.46    0.64
 149466.082    26.423    -0.20    0.31
 149843.231    26.379    -0.12    0.18
 150220.459    26.380     0.00    0.18
 150597.766    26.412     0.09    0.00
 150975.151    26.380    -0.09    0.18
 151352.616    26.499     0.32    0.48
 151730.159    26.700     0.53    0.74
