-145074.019    90.822     0.00    1.24
-144706.788    89.930    -2.43    1.31
-144339.487    88.713    -3.31    1.35
-143972.117    87.694    -2.77    1.34
-143604.677    86.534    -3.16    1.27
-143237.169    85.404    -3.08    1.33
-142869.592    84.269    -3.09    1.34
-142501.945    83.063    -3.28    1.45
-142134.229    81.767    -3.52    1.44
-141766.443    80.484    -3.49    1.48
-141398.588    79.255    -3.34    1.33
-141030.664    78.142    -3.02    1.24
-140662.670    77.191    -2.59    1.13
-140294.607    76.208    -2.67    1.13
-139926.474    75.308    -2.44    1.07
-139558.272    74.288    -2.77    1.08
-139190.000    73.438    -2.31    1.07
-138821.658    72.462    -2.65    1.03
-138453.246    71.597    -2.35    1.12
-138084.765    70.610    -2.68    1.13
-137716.215    69.665    -2.56    1.21
-137347.594    68.602    -2.88    1.09
-136978.903    67.711    -2.42    1.13
-136610.143    66.783    -2.51    1.02
-136241.312    65.827    -2.59    1.19
-135872.412    64.913    -2.48    1.09
-135503.442    64.040    -2.37    1.08
-135134.401    63.304    -2.00    0.83
-134765.291    62.725    -1.57    0.87
-134396.110    62.200    -1.42    0.69
-134026.859    61.563    -1.72    0.76
-133657.538    61.093    -1.27    0.72
-133288.147    60.460    -1.71    0.72
-132918.685    59.863    -1.62    0.77
-132549.153    59.173    -1.87    0.84
-132179.551    58.563    -1.65    0.80
-131809.878    57.926    -1.72    0.78
-131440.135    57.325    -1.62    0.71
-131070.322    56.668    -1.78    0.74
-130700.437    56.108    -1.51    0.88
-130330.483    55.345    -2.06    0.86
-129960.457    54.688    -1.78    0.93
-129590.361    53.880    -2.18    0.92
-129220.194    53.142    -1.99    0.91
-128849.957    52.426    -1.94    0.80
-128479.649    51.836    -1.59    0.80
-128109.270    51.218    -1.67    0.67
-127738.820    50.519    -1.89    0.79
-127368.299    49.816    -1.90    0.84
-126997.707    49.116    -1.89    0.84
-126627.044    48.341    -2.09    1.04
-126256.311    47.404    -2.53    1.66
-125885.506    46.567    -2.26    1.65
-125514.630    45.574    -2.68    1.66
-125143.683    44.682    -2.40    1.47
-124772.665    44.029    -1.76    1.34
-124401.575    43.438    -1.59    1.17
-124030.415    42.507    -2.51    1.00
-123659.183    41.892    -1.65    1.06
-123287.879    40.932    -2.59    1.11
-122916.504    40.085    -2.28    1.13
-122545.058    39.233    -2.29    0.85
-122173.541    38.722    -1.38    0.62
-121801.952    38.182    -1.45    0.81
-121430.291    37.988    -0.52    1.02
-121058.559    37.955    -0.09    1.03
-120686.755    37.949    -0.02    1.02
-120314.879    38.182     0.63    0.80
-119942.932    38.438     0.69    0.00
-119570.913    38.438     0.00    0.00
-119198.822    38.438     0.00    0.00
-118826.659    38.438     0.00    0.00
-118454.425    38.438     0.00    0.00
-118082.118    38.390    -0.13    0.21
-117709.740    38.196    -0.52    0.43
-117337.289    38.028    -0.45    0.49
-116964.767    37.870    -0.43    0.50
-116592.172    37.743    -0.34    0.51
-116219.505    37.829     0.23    0.75
-115846.766    38.185     0.96    1.40
-115473.955    38.627     1.19    1.77
-115101.072    39.169     1.46    2.00
-114728.116    39.649     1.29    2.09
-114355.088    40.084     1.17    2.12
-113981.988    40.875     2.12    2.21
-113608.815    42.048     3.14    2.62
-113235.570    43.794     4.68    2.64
-112862.252    45.329     4.11    1.99
-112488.862    46.516     3.18    1.00
-112115.399    47.040     1.40    0.49
-111741.863    47.204     0.44    0.43
-111368.255    47.297     0.25    0.35
-110994.574    47.404     0.29    0.18
-110620.821    47.438     0.09    0.00
-110246.994    47.426    -0.03    0.11
-109873.095    47.271    -0.42    0.37
-109499.123    47.134    -0.37    0.46
-109125.078    47.054    -0.21    0.56
-108750.960    46.972    -0.22    0.62
-108376.768    47.019     0.13    0.64
-108002.504    47.249     0.61    0.47
-107628.167    47.391     0.38    0.21
-107253.757    47.438     0.12    0.00
-106879.273    47.438     0.00    0.00
-106504.716    47.438     0.00    0.00
-106130.086    47.322    -0.31    0.32
-105755.383    46.961    -0.96    0.68
-105380.606    46.380    -1.55    0.86
-105005.756    45.809    -1.52    0.76
-104630.832    45.531    -0.74    0.88
-104255.835    45.745     0.57    1.24
-103880.765    46.135     1.04    1.41
-103505.621    46.741     1.61    1.16
-103130.403    47.182     1.17    0.64
-102755.112    47.348     0.44    0.36
-102379.747    47.403     0.15    0.18
-102004.308    47.303    -0.27    0.34
-101628.795    46.996    -0.82    0.76
-101253.209    46.222    -2.06    1.47
-100877.548    44.810    -3.76    2.29
-100501.814    42.472    -6.22    3.05
-100126.006    40.322    -5.72    2.81
 -99750.124    38.233    -5.56    2.13
 -99374.168    36.845    -3.69    1.31
 -98998.137    35.820    -2.73    1.23
 -98622.033    34.938    -2.34    1.34
 -98245.854    34.112    -2.20    1.28
 -97869.602    33.415    -1.85    1.12
 -97493.275    32.876    -1.43    1.00
 -97116.873    32.473    -1.07    0.94
 -96740.397    32.165    -0.82    0.80
 -96363.847    31.973    -0.51    0.68
 -95987.223    31.938    -0.09    0.57
 -95610.524    31.873    -0.17    0.81
 -95233.750    31.764    -0.29    1.11
 -94856.902    31.426    -0.90    1.59
 -94479.980    31.086    -0.90    1.85
 -94102.982    30.712    -0.99    2.00
 -93725.910    30.271    -1.17    1.96
 -93348.763    29.889    -1.01    1.72
 -92971.542    29.472    -1.11    1.22
 -92594.245    29.223    -0.66    0.76
 -92216.874    28.944    -0.74    0.50
 -91839.428    28.706    -0.63    0.45
 -91461.907    28.438    -0.71    0.40
 -91084.311    28.200    -0.63    0.43
 -90706.639    27.899    -0.80    0.50
 -90328.893    27.461    -1.16    0.60
 -89951.072    26.949    -1.36    0.74
 -89573.175    26.531    -1.11    0.68
 -89195.203    26.074    -1.21    0.57
 -88817.156    25.685    -1.03    0.67
 -88439.034    25.213    -1.25    0.90
 -88060.836    24.507    -1.87    0.90
 -87682.563    24.045    -1.22    0.87
 -87304.214    23.656    -1.03    0.54
 -86925.790    23.560    -0.25    0.60
 -86547.290    23.404    -0.41    0.71
 -86168.715    23.179    -0.59    0.89
 -85790.064    22.983    -0.52    0.93
 -85411.337    22.711    -0.72    0.84
 -85032.535    22.719     0.02    0.83
 -84653.657    22.926     0.55    0.80
 -84274.703    22.977     0.13    0.72
 -83895.673    22.995     0.05    0.81
 -83516.568    23.471     1.26    0.82
 -83137.386    23.737     0.70    0.73
 -82758.128    23.977     0.63    0.66
 -82378.795    23.614    -0.96    1.38
 -81999.385    22.426    -3.13    2.01
 -81619.899    21.182    -3.28    1.92
 -81240.337    20.082    -2.90    1.55
 -80860.699    19.450    -1.67    1.84
 -80480.985    19.275    -0.46    2.14
 -80101.194    18.866    -1.08    2.25
 -79721.327    18.138    -1.92    1.93
 -79341.383    17.735    -1.06    1.50
 -78961.363    17.267    -1.23    0.93
 -78581.267    17.140    -0.33    0.79
 -78201.094    17.213     0.19    0.77
 -77820.844    17.219     0.02    0.69
 -77440.518    17.516     0.78    0.78
 -77060.115    17.794     0.73    0.70
 -76679.635    17.910     0.30    0.68
 -76299.079    17.921     0.03    0.74
 -75925.721    17.827    -0.25    0.77
 -75559.740    17.745    -0.22    0.84
 -75193.688    17.604    -0.38    0.86
 -74827.566    17.508    -0.26    0.94
 -74461.373    17.564     0.15    1.10
 -74095.111    17.787     0.61    1.27
 -73728.778    18.089     0.83    1.51
 -73362.375    18.214     0.34    1.62
 -72995.901    18.127    -0.24    1.67
 -72629.357    17.978    -0.41    1.68
 -72262.742    18.943     2.63    3.10
 -71896.057    20.097     3.15    3.94
 -71529.302    21.668     4.28    3.81
 -71162.475    22.011     0.94    3.03
 -70795.579    21.763    -0.67    2.13
 -70428.611    20.904    -2.34    1.77
 -70061.573    20.223    -1.86    1.76
 -69694.464    19.536    -1.87    1.62
 -69327.284    18.845    -1.88    1.22
 -68960.033    18.262    -1.59    0.91
 -68592.712    17.881    -1.04    0.74
 -68225.319    17.595    -0.78    0.52
 -67857.856    17.898     0.82    1.58
 -67490.321    18.955     2.88    3.41
 -67122.715    19.627     1.83    3.81
 -66755.039    20.240     1.67    3.82
 -66387.291    19.674    -1.54    3.45
 -66019.472    18.622    -2.86    1.97
 -65651.582    18.101    -1.42    1.18
 -65283.621    17.890    -0.57    1.19
 -64915.588    17.836    -0.15    1.24
 -64547.484    17.950     0.31    1.35
 -64179.308    18.101     0.41    1.42
 -63811.062    18.298     0.54    1.46
 -63442.743    18.471     0.47    1.74
 -63074.353    18.185    -0.78    2.25
 -62705.892    17.916    -0.73    3.07
 -62337.359    18.316     1.09    3.45
 -61968.755    19.549     3.35    4.26
 -61600.078    21.238     4.58    4.68
 -61231.330    23.438     5.97    4.49
 -60862.511    26.316     7.80    4.70
 -60493.619    31.040    12.81    6.70
 -60124.656    36.559    14.96    7.88
 -59755.621    43.856    19.77    9.22
 -59386.513    55.362    31.17   14.87
 -59017.334    67.235    32.16   17.53
 -58648.083    80.394    35.63   19.63
 -58278.760    88.779    22.70   17.82
 -57909.365    86.573    -5.97   15.98
 -57539.898    82.564   -10.85   11.90
 -57170.358    79.280    -8.89    5.46
 -56800.746    81.162     5.09    4.94
 -56431.062    84.416     8.80    5.75
 -56061.306    86.381     5.32    6.04
 -55691.477    89.347     8.02    6.31
 -55321.576    91.685     6.32    6.23
 -54951.603    94.783     8.37    5.96
 -54581.557    97.236     6.63    6.21
 -54211.439   101.978    12.81    8.09
 -53841.248   108.382    17.30   11.99
 -53470.984   120.484    32.69   16.56
 -53100.648   136.427    43.05   22.72
 -52730.239   158.009    58.26   24.78
 -52359.758   176.840    50.83   22.87
 -51989.203   187.880    29.79   12.93
 -51618.576   184.514    -9.08   12.26
 -51247.876   174.880   -25.99   12.75
 -50877.103   163.031   -31.95   12.86
 -50506.257   152.256   -29.05   12.06
 -50135.339   142.260   -26.95    9.42
 -49764.347   136.265   -16.16    5.63
 -49393.282   133.993    -6.12    2.52
 -49022.144   135.529     4.14    4.24
 -48650.933   140.134    12.41    6.32
 -48279.649   145.693    14.97    7.30
 -47908.291   153.349    20.61    8.70
 -47536.860   161.696    22.47   10.81
 -47165.356   173.196    30.95   14.30
 -46793.779   187.093    37.40   18.58
 -46422.128   206.944    53.41   22.52
 -46050.403   227.584    55.52   26.89
 -45678.605   252.271    66.40   26.01
 -45306.734   269.033    45.07   20.95
 -44934.789   280.061    29.65   16.64
 -44562.770   286.093    16.21   18.69
 -44190.678   292.462    17.11   20.12
 -43818.512   298.016    14.92   18.96
 -43446.272   288.283   -26.15   34.97
 -43073.959   265.981   -59.90   47.43
 -42701.572   239.856   -70.15   43.77
 -42329.110   224.492   -41.25   28.48
 -41956.575   221.310    -8.54   20.82
 -41583.966   225.207    10.46   15.98
 -41211.283   238.211    34.89   22.28
 -40838.526   261.682    62.97   34.26
 -40465.694   289.127    73.61   40.45
 -40092.789   319.976    82.72   42.96
 -39719.809   349.323    78.68   49.91
 -39346.755   386.528    99.73   58.98
 -38973.627   415.256    76.99   54.86
 -38600.425   407.449   -20.92   57.42
 -38227.148   378.074   -78.69   67.56
 -37853.797   353.838   -64.91   61.76
 -37480.371   350.824    -8.07   60.04
 -37106.871   381.528    82.20   78.99
 -36733.296   418.382    98.65   67.53
 -36359.647   426.236    21.02   56.83
 -35985.923   408.224   -48.19   54.27
 -35612.124   395.756   -33.35   45.63
 -35238.251   406.382    28.42   49.92
 -34864.303   449.484   115.26   58.70
 -34490.280   492.671   115.46   63.42
 -34116.182   525.518    87.80   60.72
 -33742.009   536.771    30.07   56.27
 -33367.762   537.293     1.40   56.48
 -32993.439   548.160    29.03   55.61
 -32619.041   550.582     6.47   45.24
 -32244.569   542.921   -20.46   56.07
 -31870.021   521.202   -57.99   67.54
 -31495.398   488.141   -88.25   72.15
 -31120.700   465.258   -61.07   76.54
 -30745.926   441.405   -63.65   78.36
 -30371.078   411.576   -79.57   75.64
 -29996.153   377.592   -90.64   68.72
 -29621.154   349.182   -75.76   54.49
 -29246.079   342.471   -17.89   42.58
 -28870.929   353.996    30.72   45.12
 -28495.703   386.842    87.54   61.24
 -28120.401   432.645   122.04   73.96
 -27745.024   456.471    63.47   72.77
 -27369.571   465.497    24.04   69.43
 -26994.043   468.104     6.94   60.83
 -26618.438   466.226    -5.00   45.06
 -26242.758   510.395   117.57   78.09
 -25867.003   589.791   211.29  114.38
 -25491.171   700.734   295.19  147.78
 -25115.263   794.920   250.55  110.64
 -24739.279   828.427    89.12   79.84
 -24363.220   809.054   -51.51  104.65
 -23987.084   741.981  -178.32  107.63
 -23610.872   687.008  -146.12   82.61
 -23234.584   650.992   -95.71   70.43
 -22858.220   628.194   -60.57   61.48
 -22481.779   618.669   -25.30   55.36
 -22105.262   604.521   -37.57   63.14
 -21728.669   577.800   -70.95   68.89
 -21352.000   559.379   -48.91   66.25
 -20975.254   550.394   -23.85   65.42
 -20598.431   555.944    14.73   67.96
 -20221.532   554.416    -4.05   67.09
 -19844.556   555.485     2.84   70.07
 -19467.504   536.269   -50.96   79.95
 -19090.375   509.908   -69.90   83.42
 -18713.170   462.651  -125.28   84.61
 -18335.887   405.926  -150.35   66.14
 -17958.528   374.816   -82.44   57.01
 -17581.092   362.601   -32.36   58.92
 -17203.579   382.383    52.40   90.40
 -16825.989   414.610    85.35  111.79
 -16448.323   432.174    46.51  121.54
 -16070.579   408.303   -63.19  119.65
 -15692.758   366.075  -111.77   95.46
 -15314.860   351.660   -38.15   90.59
 -14936.884   331.888   -52.31   90.09
 -14558.832   338.849    18.41   96.77
 -14180.702   331.971   -18.19   98.59
 -13802.495   327.833   -10.94   98.80
 -13424.210   307.171   -54.62   93.73
 -13045.848   286.427   -54.83   85.90
 -12667.409   254.207   -85.14   77.06
 -12288.892   230.273   -63.23   62.24
 -11910.298   234.350    10.77   68.43
 -11531.626   255.033    54.62   89.51
 -11152.876   271.438    43.31   92.73
 -10774.049   276.813    14.19   96.48
 -10395.144   277.749     2.47   98.26
 -10016.161   248.516   -77.14   96.18
  -9637.100   229.042   -51.37   93.11
  -9257.961   207.260   -57.45   78.99
  -8878.745   195.825   -30.15   73.96
  -8499.450   184.316   -30.34   67.86
  -8120.078   176.169   -21.47   65.36
  -7740.627   156.438   -52.00   58.96
  -7361.098   134.636   -57.45   50.27
  -6981.491   115.614   -50.11   46.62
  -6601.806   101.516   -37.13   45.35
  -6222.043    89.680   -31.17   38.77
  -5842.201    83.204   -17.05   39.16
  -5462.281    74.579   -22.70   37.81
  -5082.282    81.127    17.23   54.15
  -4702.205   104.949    62.67   87.91
  -4322.050   141.285    95.58  113.21
  -3941.816   172.855    83.03  117.32
  -3561.503   184.050    29.43  109.98
  -3181.112   160.229   -62.62  107.92
  -2800.642   123.379   -96.85   90.01
  -2420.093    83.372  -105.13   70.79
  -2039.465    49.287   -89.55   47.78
  -1658.759    33.306   -41.98   36.91
  -1280.478    16.042   -45.64   16.79
   -914.719     8.749   -19.94   10.87
   -548.889     3.378   -14.68    5.52
   -182.987     1.719    -4.54    4.24
    182.987     3.159     3.93    7.15
    549.033     9.152    16.37   14.26
    915.151    17.267    22.17   18.21
   1281.341    24.905    20.86   19.14
   1647.604    31.504    18.02   17.50
   2013.938    35.152     9.96   15.65
   2380.344    37.789     7.20   12.92
   2746.823    37.245    -1.49   11.22
   3113.374    36.309    -2.55    9.40
   3479.998    35.240    -2.91    8.07
   3846.693    34.889    -0.96    8.60
   4213.462    37.078     5.97    8.90
   4580.302    39.025     5.31    7.56
   4947.215    40.618     4.34    6.67
   5314.201    43.127     6.84    8.25
   5681.259    47.943    13.12   11.78
   6048.390    52.119    11.37   12.55
   6415.593    54.152     5.54   11.27
   6782.869    56.495     6.38   11.96
   7150.218    60.927    12.07   13.71
   7517.640    68.054    19.40   14.16
   7885.134    72.688    12.61   11.02
   8252.701    73.093     1.10   12.34
   8620.342    71.141    -5.31   13.60
   8988.055    71.115    -0.07   13.46
   9355.841    76.804    15.47   14.25
   9723.700    88.526    31.86   15.94
  10091.633   103.790    41.49   20.25
  10459.638   121.502    48.13   27.61
  10827.717   144.519    62.53   34.94
  11195.869   170.160    69.65   45.86
  11564.094   204.740    93.91   62.29
  11932.392   246.688   113.90   68.62
  12300.764   295.542   132.62   73.90
  12669.209   335.691   108.97   60.47
  13037.728   358.040    60.65   46.64
  13406.320   377.196    51.97   42.23
  13774.986   400.415    62.98   45.17
  14143.725   433.231    89.00   58.70
  14512.537   482.207   132.79   69.88
  14881.424   551.330   187.39   93.54
  15250.384   631.427   217.09  116.84
  15619.418   701.782   190.65   97.40
  15988.525   709.610    21.21   86.37
  16357.707   666.576  -116.57  112.78
  16726.962   589.395  -209.02  111.58
  17096.292   520.679  -186.06   70.77
  17465.695   482.363  -103.73   59.27
  17835.172   449.327   -89.41   66.23
  18204.723   417.981   -84.82   66.65
  18574.349   418.660     1.84   71.32
  18944.048   443.383    66.88   81.41
  19313.822   455.293    32.21   79.22
  19683.670   456.075     2.11   66.04
  20053.592   439.046   -46.03   55.27
  20423.588   430.071   -24.26   34.79
  20793.659   447.123    46.08   37.54
  21163.804   476.370    79.02   43.53
  21534.024   503.631    73.64   61.38
  21904.318   533.426    80.46   66.18
  22274.687   555.180    58.74   62.89
  22645.130   583.196    75.63   74.12
  23015.648   625.406   113.92   98.07
  23386.241   690.730   176.27  110.75
  23756.908   733.601   115.66  103.58
  24127.650   755.493    59.05   99.10
  24498.467   753.330    -5.83   87.35
  24869.359   756.560     8.71   73.41
  25240.325   800.514   118.49   89.09
  25611.367   869.141   184.96  104.15
  25982.483   923.910   147.58   80.85
  26353.675   913.253   -28.71   91.96
  26724.942   844.838  -184.28  131.60
  27096.283   759.525  -229.75  131.61
  27467.700   668.988  -243.76   98.74
  27839.193   599.992  -185.73   90.30
  28210.760   541.892  -156.37   84.05
  28582.403   509.948   -85.96   69.37
  28954.121   506.863    -8.30   66.96
  29325.914   525.008    48.80   65.23
  29697.783   546.208    57.01   49.59
  30069.727   519.793   -71.02   65.31
  30441.747   481.966  -101.68   51.66
  30813.843   479.742    -5.98   51.76
  31186.014   498.504    50.41   62.62
  31558.260   531.123    87.63   55.13
  31930.583   546.537    41.40   43.79
  32302.981   526.416   -54.03   56.72
  32675.455   491.840   -92.83   51.20
  33048.005   457.460   -92.29   38.23
  33420.631   435.927   -57.79   32.54
  33793.332   430.504   -14.55   37.12
  34166.110   442.204    31.38   46.33
  34538.964   455.022    34.38   48.31
  34911.894   456.320     3.48   43.43
  35284.900   462.227    15.84   47.79
  35657.982   471.707    25.41   61.49
  36031.140   482.089    27.83   66.07
  36404.375   496.653    39.02   55.78
  36777.685   515.688    50.99   57.72
  37151.073   518.190     6.70   65.93
  37524.536   509.909   -22.18   76.54
  37898.076   466.696  -115.69   91.72
  38271.693   411.767  -147.02   73.68
  38645.386   379.638   -85.98   51.81
  39019.156   364.767   -39.79   39.98
  39393.002   370.825    16.20   50.40
  39766.925   394.334    62.87   51.39
  40140.925   403.927    25.65   43.51
  40515.001   404.256     0.88   31.46
  40889.155   386.900   -46.39   42.85
  41263.385   349.574   -99.74   54.97
  41637.692   295.029  -145.73   61.98
  42012.076   256.529  -102.84   54.20
  42386.537   226.087   -81.30   29.33
  42761.076   218.337   -20.69   16.96
  43135.691   237.353    50.76   31.34
  43510.383   263.793    70.57   36.41
  43885.153   299.980    96.56   41.51
  44260.000   334.216    91.33   41.63
  44634.924   360.034    68.86   30.10
  45009.925   369.614    25.55   22.98
  45385.004   364.438   -13.80   30.76
  45760.161   356.707   -20.61   37.11
  46135.394   347.829   -23.66   42.60
  46510.706   336.842   -29.28   43.57
  46886.095   310.082   -71.29   47.32
  47261.561   275.948   -90.91   48.78
  47637.105   240.505   -94.38   37.17
  48012.727   224.417   -42.83   23.37
  48388.427   223.495    -2.45   20.27
  48764.204   239.980    43.87   27.02
  49140.060   266.688    71.06   28.30
  49515.993   282.739    42.70   24.93
  49892.004   278.347   -11.68   34.35
  50268.094   253.169   -66.95   49.22
  50644.261   220.756   -86.17   42.25
  51020.506   200.821   -52.99   20.34
  51396.830   191.716   -24.20    9.93
  51773.232   185.255   -17.16   16.49
  52149.712   172.004   -35.20   21.43
  52526.270   159.728   -32.60   17.81
  52902.906   151.093   -22.93   10.18
  53279.621   150.199    -2.38    9.04
  53656.415   156.482    16.68   10.52
  54033.287   162.264    15.34    8.37
  54410.237   165.471     8.51    4.37
  54787.266   161.889    -9.50    8.41
  55164.374   154.371   -19.94   10.64
  55541.561   147.597   -17.96   10.13
  55918.826   140.871   -17.83    6.24
  56296.170   137.970    -7.69    2.98
  56673.592   137.009    -2.54    1.05
  57051.094   137.502     1.30    1.21
  57428.675   139.240     4.60    3.17
  57806.334   142.917     9.74    6.81
  58184.073   150.238    19.38   11.64
  58561.890   159.363    24.15   14.43
  58939.787   169.960    28.04   14.07
  59317.763   178.449    22.46   13.50
  59695.818   186.027    20.05   10.72
  60073.952   190.427    11.64    9.45
  60452.166   194.888    11.80    7.97
  60830.459   198.362     9.18    8.53
  61208.832   203.855    14.52    9.43
  61587.284   210.846    18.47    7.88
  61965.815   216.702    15.47    7.79
  62344.426   219.714     7.96    7.54
  62723.117   224.222    11.90    7.58
  63101.887   230.980    17.84   10.76
  63480.737   240.381    24.81   14.37
  63859.667   251.842    30.25   18.93
  64238.677   267.227    40.59   22.19
  64617.766   283.746    43.58   23.92
  64996.936   300.993    45.49   24.60
  65376.185   309.491    22.41   29.94
  65755.515   313.353    10.18   36.38
  66134.924   314.623     3.35   34.81
  66514.414   321.236    17.43   32.93
  66893.983   334.199    34.15   34.79
  67273.633   365.793    83.22   46.95
  67653.364   407.710   110.39   54.60
  68033.174   450.395   112.39   50.05
  68413.065   476.216    67.97   39.16
  68793.036   490.373    37.26   38.47
  69173.088   500.760    27.33   47.60
  69553.221   523.682    60.30   57.96
  69933.433   552.559    75.95   50.49
  70313.727   564.817    32.23   37.62
  70694.101   560.341   -11.77   39.60
  71074.556   546.965   -35.16   40.26
  71455.092   544.720    -5.90   34.95
  71835.708   556.406    30.70   28.40
  72216.405   567.031    27.91   22.57
  72597.184   573.764    17.68   26.03
  72978.043   579.899    16.11   34.16
  73358.983   605.417    66.99   51.31
  73727.167   635.767    82.44   59.38
  74092.770   677.753   114.85   70.35
  74458.448   712.578    95.24   73.69
  74824.199   744.943    88.50   66.47
  75190.023   754.492    26.10   53.02
  75555.922   741.938   -34.31   50.86
  75921.894   710.917   -84.77   56.04
  76287.940   674.880   -98.45   53.89
  76654.060   657.309   -47.99   48.89
  77020.254   647.789   -26.00   53.33
  77386.521   650.190     6.56   52.90
  77752.863   646.948    -8.85   49.16
  78119.279   626.623   -55.48   50.52
  78485.769   591.427   -96.04   62.00
  78852.333   540.899  -137.85   68.22
  79218.971   488.874  -141.91   69.11
  79585.684   432.254  -154.41   57.59
  79952.471   387.363  -122.40   57.33
  80319.332   344.680  -116.35   55.73
  80686.267   300.289  -120.98   53.79
  81053.277   262.900  -101.88   45.03
  81420.361   246.036   -45.94   34.07
  81787.520   263.757    48.27   57.67
  82154.754   304.862   111.94   69.00
  82522.062   343.112   104.14   57.23
  82889.444   381.029   103.21   43.94
  83256.901   405.298    66.05   58.03
  83624.433   441.323    98.02   70.04
  83992.040   486.302   122.37   62.61
  84359.722   516.680    82.62   47.34
  84727.478   520.750    11.07   38.45
  85095.310   503.502   -46.89   45.21
  85463.216   471.276   -87.60   44.51
  85831.197   447.119   -65.65   34.69
  86199.254   433.123   -38.03   26.74
  86567.385   435.661     6.90   28.72
  86935.592   444.208    23.21   24.98
  87303.873   446.002     4.87   27.18
  87672.230   449.323     9.02   38.17
  88040.663   457.427    22.00   52.07
  88409.170   464.053    17.98   63.68
  88777.753   454.932   -24.75   78.67
  89146.412   424.169   -83.45   85.88
  89515.145   385.417  -105.10   66.76
  89883.955   367.655   -48.16   50.15
  90252.840   364.460    -8.66   48.37
  90621.800   365.240     2.11   46.70
  90990.836   365.256     0.04   37.44
  91359.948   354.545   -29.02   27.48
  91729.135   336.392   -49.17   21.09
  92098.399   313.746   -61.33   31.87
  92467.738   289.833   -64.75   34.90
  92837.153   266.799   -62.36   29.26
  93206.644   253.971   -34.72   24.63
  93576.211   246.407   -20.47   24.44
  93945.853   238.329   -21.85   21.17
  94315.572   226.778   -31.24   19.96
  94685.367   214.621   -32.88   17.75
  95055.239   214.888     0.72   22.36
  95425.186   226.266    30.76   34.78
  95795.210   241.182    40.31   41.27
  96165.310   257.572    44.29   38.64
  96535.486   264.074    17.57   33.95
  96905.738   262.185    -5.10   32.37
  97276.067   255.549   -17.92   30.08
  97646.473   254.631    -2.48   26.52
  98016.955   255.330     1.89   23.93
  98387.514   259.677    11.73   22.85
  98758.149   269.651    26.91   25.55
  99128.861   281.720    32.56   28.93
  99499.649   283.746     5.46   29.58
  99870.515   291.362    20.54   26.88
 100241.457   295.341    10.73   25.59
 100612.476   295.849     1.37   28.48
 100983.572   290.108   -15.47   29.33
 101354.745   277.334   -34.42   28.18
 101725.995   268.087   -24.91   22.64
 102097.322   266.852    -3.33   22.16
 102468.726   277.597    28.93   33.88
 102840.207   302.471    66.96   49.23
 103211.765   342.065   106.57   56.05
 103583.401   372.840    82.81   41.71
 103955.114   383.343    28.26   33.40
 104326.904   378.557   -12.87   33.84
 104698.771   376.225    -6.27   31.55
 105070.716   389.427    35.50   37.82
 105442.739   419.576    81.05   39.65
 105814.839   442.722    62.21   25.34
 106187.016   446.003     8.82   22.48
 106559.271   427.364   -50.07   35.14
 106931.604   397.394   -80.50   35.20
 107304.015   376.533   -56.02   28.13
 107676.503   363.193   -35.81   27.39
 108049.069   354.417   -23.56   27.02
 108421.713   348.336   -16.32   25.74
 108794.435   341.576   -18.14   24.04
 109167.235   327.273   -38.37   30.02
 109540.113   301.459   -69.24   35.84
 109913.069   284.046   -46.69   26.89
 110286.103   285.863     4.87   34.40
 110659.215   290.055    11.23   39.82
 111032.405   289.736    -0.86   37.82
 111405.674   289.320    -1.11   32.51
 111779.020   298.895    25.65   37.00
 112152.446   318.975    53.78   39.06
 112525.949   333.799    39.69   24.17
 112899.531   327.122   -17.88   29.51
 113273.192   305.742   -57.22   34.53
 113646.931   279.322   -70.70   32.44
 114020.748   253.796   -68.29   30.61
 114394.645   228.690   -67.15   30.27
 114768.620   204.251   -65.36   25.72
 115142.673   184.311   -53.31   18.76
 115516.806   170.836   -36.02   10.72
 115891.017   164.885   -15.90    5.79
 116265.307   164.333    -1.47    5.53
 116639.676   179.193    39.70   27.54
 117014.124   211.983    87.58   52.43
 117388.651   258.859   125.17   60.37
 117763.258   289.614    82.11   36.16
 118137.943   290.280     1.78   31.56
 118512.707   268.869   -57.14   43.08
 118887.551   234.217   -92.45   47.50
 119262.474   198.932   -94.12   44.36
 119637.477   171.964   -71.92   32.40
 120012.558   154.417   -46.79   14.92
 120387.719   149.204   -13.90    5.08
 120762.960   150.906     4.54    6.38
 121138.280   155.119    11.23    9.50
 121513.680   157.970     7.60    9.94
 121889.159   160.576     6.94    9.84
 122264.718   159.659    -2.44    8.86
 122640.357   154.880   -12.72    9.15
 123016.075   149.480   -14.37    8.26
 123391.874   144.065   -14.41    5.46
 123767.752   141.122    -7.83    4.81
 124143.710   137.807    -8.82    4.74
 124519.748   134.985    -7.51    5.96
 124895.866   130.227   -12.65    9.43
 125272.065   124.669   -14.78   11.08
 125648.343   120.141   -12.04   11.47
 126024.701   116.059   -10.85   10.40
 126401.140   111.548   -11.98    6.59
 126777.659   109.157    -6.35    3.64
 127154.259   107.258    -5.04    1.39
 127530.938   106.227    -2.74    1.76
 127907.699   105.016    -3.22    2.34
 128284.539   103.768    -3.31    2.73
 128661.461   102.318    -3.85    3.06
 129038.462   100.213    -5.58    3.23
 129415.545    98.038    -5.77    2.96
 129792.708    95.933    -5.58    2.00
 130169.952    94.711    -3.24    1.41
 130547.276    94.012    -1.85    0.91
 130924.682    93.597    -1.10    0.43
 131302.168    93.449    -0.39    0.10
 131679.736    93.504     0.15    0.25
 132057.384    93.665     0.42    0.62
 132435.113    93.742     0.21    0.78
 132812.924    93.621    -0.32    0.54
 133190.815    93.493    -0.34    0.27
 133568.788    93.575     0.22    0.56
 133946.842    94.392     2.16    2.13
 134324.978    96.310     5.07    3.76
 134703.194    98.817     6.63    4.40
 135081.492   101.943     8.26    4.20
 135459.872   104.049     5.57    3.29
 135838.333   105.448     3.70    2.03
 136216.876   105.840     1.04    1.75
 136595.500   105.613    -0.60    1.73
 136974.206   105.704     0.24    1.83
 137352.994   106.573     2.29    2.20
 137731.863   107.654     2.85    2.16
 138110.814   109.080     3.76    1.58
 138489.848   109.961     2.32    1.58
 138868.963   110.646     1.81    1.81
 139248.160   111.149     1.33    1.84
 139627.439   111.489     0.90    1.92
 140006.800   111.677     0.50    2.15
 140386.243   111.188    -1.29    2.38
 140765.769   110.348    -2.21    2.88
 141145.376   109.044    -3.43    3.38
 141525.067   107.051    -5.25    3.67
 141904.839   103.640    -8.98    5.48
 142284.694    99.827   -10.04    6.27
 142664.631    96.366    -9.11    4.62
 143044.651    94.036    -6.13    2.05
 143424.753    93.781    -0.67    0.96
 143804.938    94.404     1.64    1.09
 144185.206    95.511     2.91    1.63
 144565.556    96.847     3.51    1.98
 144945.989    98.321     3.87    1.88
 145326.505    99.573     3.29    1.18
 145707.104   100.167     1.56    0.66
 146087.785   100.360     0.51    0.31
 146468.550   100.314    -0.12    0.39
 146849.398   100.287    -0.07    0.42
 147230.329   100.273    -0.04    0.37
 147611.343   100.163    -0.29    0.45
 147992.440   100.094    -0.18    0.52
 148365.942   100.247     0.41    0.69
 148731.312   100.396     0.41    0.65
 149096.758   100.816     1.15    0.70
 149462.279   101.427     1.67    0.98
 149827.875   102.172     2.04    1.30
 150193.547   103.354     3.23    1.92
 150559.294   104.490     3.11    2.13
 150925.117   105.617     3.08    2.20
 151291.016   106.806     3.25    1.86
 151656.990   107.688     2.41    1.31
 152023.040   108.115     1.17    1.17
 152389.166   108.470     0.97    1.15
 152755.367   108.470    -0.00    0.82
 153121.645   108.596     0.34    0.76
 153487.998   109.055     1.25    1.32
 153854.428   109.634     1.58    2.11
 154220.933   110.328     1.89    2.93
 154587.514   111.012     1.87    3.45
 154954.172   112.127     3.04    4.04
 155320.905   113.293     3.18    4.50
 155687.715   115.667     6.47    5.33
 156054.601   118.819     8.59    5.63
 156421.563   122.101     8.94    4.40
 156788.602   124.608     6.83    3.34
 157155.717   126.406     4.90    2.82
 157522.908   127.385     2.66    3.16
 157890.176   128.469     2.95    3.70
 158257.521   129.191     1.97    4.00
 158624.942   128.375    -2.22    4.21
 158992.439   127.018    -3.69    4.10
 159360.013   125.196    -4.96    2.53
 159727.664   124.427    -2.09    1.73
 160095.392   124.711     0.77    1.86
 160463.197   124.345    -1.00    2.51
 160831.078   122.710    -4.45    3.32
 161199.036   120.356    -6.40    4.02
 161567.071   118.090    -6.16    5.08
 161935.184   117.077    -2.75    6.24
 162303.373   115.793    -3.49    6.85
 162671.639   114.552    -3.37    6.43
 163039.983   112.701    -5.03    4.27
 163408.403   111.827    -2.37    2.72
 163776.901   111.830     0.01    2.16
 164145.476   112.166     0.91    1.68
 164514.129   112.469     0.82    1.36
 164882.859   112.882     1.12    1.03
 165251.666   113.490     1.65    0.97
 165620.551   114.257     2.08    0.97
 165989.513   115.101     2.29    1.05
 166358.553   115.704     1.63    0.83
 166727.671   116.115     1.11    0.47
 167096.866   116.221     0.29    0.44
 167466.139   116.069    -0.41    0.64
 167835.489   115.407    -1.79    1.45
 168204.918   114.079    -3.60    2.24
 168574.424   112.480    -4.33    2.45
 168944.008   110.982    -4.05    2.37
 169313.671   116.314    14.43   13.65
 169683.411   124.151    21.20   17.73
 170053.229   132.122    21.56   17.33
 170423.126   135.006     7.80   15.73
 170793.100   129.604   -14.60   16.83
 171163.153   121.716   -21.32   13.20
 171533.284   115.792   -16.01    6.61
 171903.493   115.632    -0.43    4.36
 172273.781   118.590     7.99    4.16
 172644.147   122.273     9.95    5.42
 173014.592   127.360    13.73    8.17
 173385.115   132.142    12.91   10.13
 173755.716   134.151     5.42   11.10
 174126.396   132.292    -5.01   12.48
 174497.155   128.631    -9.87   11.50
 174867.993   127.427    -3.25   10.49
 175238.909   128.122     1.87   11.17
 175609.904   132.792    12.59   12.48
 175980.978   134.375     4.27   13.13
 176352.131   136.933     6.89   15.19
 176723.363   140.644    10.00   16.85
 177094.673   146.287    15.20   17.82
 177466.063   152.660    17.16   18.74
 177837.532   158.862    16.70   16.75
 178209.080   160.009     3.09   14.25
 178580.707   159.816    -0.52   12.04
 178952.414   160.036     0.59   10.70
 179324.200   159.352    -1.84    8.86
 179696.065   157.980    -3.69    7.56
