-298924.693   153.788     0.00   15.80
-298553.277   155.311     4.10   17.66
-298181.803   158.156     7.66   19.73
-297810.270   163.451    14.25   19.13
-297438.680   167.610    11.19   20.05
-297067.031   169.161     4.17   17.93
-296695.325   170.065     2.43   16.43
-296323.560   174.249    11.25   16.90
-295951.737   183.029    23.61   23.20
-295579.856   192.046    24.24   31.27
-295207.917   203.810    31.62   38.94
-294835.919   210.028    16.71   43.27
-294463.864   224.431    38.70   60.74
-294091.750   242.521    48.60   80.99
-293719.577   254.481    32.13   86.75
-293347.346   254.108    -1.00   87.84
-292975.057   259.343    14.06   96.22
-292602.710   249.068   -27.59  100.74
-292230.304   245.348    -9.99  100.97
-291857.840   231.037   -38.41   81.42
-291485.317   215.339   -42.13   59.11
-291112.735   206.273   -24.33   44.65
-290740.096   197.376   -23.87   30.71
-290367.397   192.879   -12.06   21.30
-289994.640   186.641   -16.73   12.40
-289621.824   184.905    -4.65    9.36
-289248.950   188.925    10.78   15.99
-288876.017   204.506    41.77   34.38
-288503.025   238.762    91.82   59.91
-288129.975   277.722   104.41   69.49
-287756.865   296.641    50.69   58.57
-287383.697   301.092    11.92   48.74
-287010.470   298.721    -6.35   39.22
-286637.185   310.366    31.19   50.64
-286263.840   362.188   138.77   92.07
-285890.436   405.417   115.74   97.06
-285516.974   435.749    81.20  100.32
-285143.452   437.724     5.29  108.89
-284769.872   399.868  -101.31   89.71
-284396.233   372.928   -72.08   54.47
-284022.534   378.068    13.75   44.93
-283648.776   384.367    16.85   43.28
-283274.960   371.148   -35.35   51.61
-282901.084   344.118   -72.28   67.68
-282527.149   300.195  -117.43   54.65
-282153.155   274.084   -69.80   22.32
-281779.101   281.065    18.66   31.35
-281404.988   297.339    43.49   33.73
-281030.816   317.249    53.20   34.92
-280656.585   338.558    56.93   33.39
-280282.294   341.127     6.86   30.74
-279907.944   348.695    20.21   35.41
-279533.535   350.060     3.64   36.63
-279159.066   342.735   -19.56   37.56
-278784.538   334.490   -22.01   47.38
-278409.950   308.240   -70.06   45.31
-278035.303   288.051   -53.87   25.36
-277660.596   305.655    46.97   59.27
-277285.829   346.765   109.67   81.46
-276911.003   383.628    98.32   80.08
-276536.118   430.626   125.34   74.22
-276161.173   470.526   106.39   77.08
-275786.168   513.202   113.77  103.04
-275411.103   566.050   140.87  103.74
-275035.978   590.079    64.04   82.73
-274660.794   587.181    -7.72   72.21
-274285.550   562.816   -64.92   78.41
-273910.246   527.561   -93.92   70.63
-273534.882   488.411  -104.27   67.78
-273159.459   452.722   -95.04   81.22
-272783.975   407.287  -120.98   79.57
-272408.432   369.394  -100.88   63.46
-272032.828   348.722   -55.02   55.97
-271657.165   336.154   -33.45   52.73
-271281.441   327.055   -24.21   50.92
-270905.658   314.024   -34.67   52.58
-270529.814   285.428   -76.07   58.98
-270153.910   251.210   -91.01   57.43
-269777.946   218.335   -87.42   47.91
-269401.922   187.442   -82.14   21.37
-269025.838   174.871   -33.42   10.45
-268649.693   170.133   -12.59    6.50
-268273.488   170.295     0.43    6.21
-267897.223   170.411     0.31    6.33
-267520.898   169.006    -3.73    7.18
-267144.512   167.215    -4.76    7.09
-266768.065   167.519     0.81    7.02
-266391.559   171.181     9.72    8.22
-266014.992   175.407    11.22    7.24
-265638.364   179.028     9.61    5.59
-265261.676   180.904     4.98    4.33
-264884.927   179.143    -4.67    5.90
-264508.118   175.959    -8.45    8.27
-264131.248   169.912   -16.04    8.60
-263754.317   164.613   -14.06    7.38
-263377.326   160.287   -11.47    6.81
-263000.274   155.428   -12.88    5.77
-262623.162   151.241   -11.10    5.03
-262245.989   147.308   -10.43    5.12
-261868.755   143.561    -9.93    4.86
-261491.460   139.722   -10.17    4.38
-261114.104   136.284    -9.11    3.92
-260736.687   132.979    -8.76    4.24
-260359.210   129.681    -8.73    3.99
-259981.671   126.841    -7.52    3.58
-259604.072   124.724    -5.61    2.89
-259226.412   122.921    -4.77    3.25
-258848.690   121.901    -2.70    3.84
-258470.908   121.133    -2.03    4.48
-258093.064   119.938    -3.16    4.81
-257715.160   118.348    -4.21    4.93
-257337.194   115.468    -7.62    5.11
-256959.167   112.201    -8.64    5.82
-256581.079   107.616   -12.12    6.26
-256202.930   102.764   -12.83    6.53
-255824.719    96.892   -15.52    9.53
-255446.447    92.431   -11.79   10.58
-255068.114    87.938   -11.87   10.76
-254689.719    83.073   -12.85    8.95
-254311.263    79.668    -8.99    6.18
-253932.746    77.195    -6.53    1.38
-253554.167    76.918    -0.73    1.19
-253175.527    76.519    -1.05    1.18
-252796.825    76.100    -1.11    1.15
-252418.062    75.839    -0.69    1.80
-252039.237    76.969     2.98    5.61
-251660.350    78.641     4.41    7.18
-251281.402    79.853     3.20    7.32
-250902.392    81.988     5.63    7.31
-250523.321    85.259     8.63    7.17
-250144.188    88.777     9.28    5.78
-249764.993    90.859     5.49    2.82
-249385.736    89.276    -4.17    4.64
-249006.417    85.281   -10.53    5.88
-248627.037    80.921   -11.49    5.16
-248247.595    76.997   -10.34    3.71
-247878.115    74.135    -7.75    2.86
-247510.530    72.123    -5.47    2.14
-247142.887    70.681    -3.92    1.78
-246775.187    69.551    -3.07    1.49
-246407.428    68.614    -2.55    1.55
-246039.612    67.445    -3.18    1.50
-245671.739    66.479    -2.62    1.48
-245303.807    65.418    -2.88    1.52
-244935.818    64.668    -2.04    1.32
-244567.770    63.852    -2.22    1.14
-244199.665    63.127    -1.97    1.05
-243831.502    62.089    -2.82    1.51
-243463.281    61.228    -2.34    1.61
-243095.002    60.188    -2.82    1.61
-242726.665    59.484    -1.91    1.46
-242358.271    58.748    -2.00    1.41
-241989.818    58.228    -1.41    1.48
-241621.306    57.561    -1.81    1.43
-241252.737    57.023    -1.46    1.55
-240884.110    56.295    -1.98    1.44
-240515.425    55.734    -1.52    1.51
-240146.681    55.295    -1.19    1.53
-239777.879    54.911    -1.04    1.63
-239409.019    54.641    -0.73    1.61
-239040.101    54.348    -0.79    1.47
-238671.124    53.425    -2.50    1.70
-238302.089    52.573    -2.31    1.77
-237932.996    51.587    -2.67    1.72
-237563.844    50.438    -3.11    1.85
-237194.634    49.495    -2.55    1.84
-236825.365    48.481    -2.74    1.97
-236456.038    47.308    -3.18    2.29
-236086.652    46.046    -3.42    2.23
-235717.208    44.668    -3.73    1.91
-235347.706    43.798    -2.35    1.80
-234978.145    42.695    -2.99    1.79
-234608.525    41.935    -2.06    1.74
-234238.846    41.041    -2.42    1.49
-233869.109    40.550    -1.33    1.45
-233499.313    40.521    -0.08    1.54
-233129.459    40.352    -0.46    1.57
-232759.545    39.971    -1.03    1.60
-232389.573    39.452    -1.40    1.64
-232019.542    38.760    -1.87    1.38
-231649.453    38.055    -1.91    1.32
-231279.304    37.023    -2.79    1.41
-230909.096    35.938    -2.93    1.44
-230538.830    34.576    -3.68    1.87
-230168.505    33.208    -3.69    2.43
-229798.120    31.409    -4.86    2.69
-229427.677    29.839    -4.24    2.07
-229057.174    28.260    -4.26    1.30
-228686.613    27.087    -3.17    2.23
-228315.992    25.295    -4.83    2.92
-227945.313    23.531    -4.76    2.86
-227574.574    22.024    -4.06    2.07
-227203.776    21.455    -1.53    1.19
-226832.918    21.257    -0.53    1.01
-226462.002    21.325     0.18    1.06
-226091.026    21.455     0.35    1.06
-225719.991    21.284    -0.46    0.91
-225348.897    21.168    -0.31    0.79
-224977.743    20.928    -0.65    0.62
-224606.530    20.707    -0.60    0.36
-224235.257    20.560    -0.40    0.33
-223863.925    20.494    -0.18    0.39
-223492.534    20.237    -0.69    0.82
-223121.083    19.915    -0.87    1.15
-222749.572    19.765    -0.40    1.21
-222378.002    19.787     0.06    1.14
-222006.372    19.977     0.51    0.88
-221634.683    19.576    -1.08    1.00
-221262.934    18.738    -2.25    1.27
-220891.126    17.735    -2.70    1.28
-220519.257    16.796    -2.52    0.88
-220147.329    16.295    -1.35    0.61
-219775.341    15.991    -0.82    0.58
-219403.294    15.881    -0.30    0.72
-219031.186    15.911     0.08    0.88
-218659.019    16.116     0.55    1.01
-218286.792    16.330     0.58    0.99
-217914.505    16.438     0.29    0.96
-217542.158    16.353    -0.23    0.99
-217169.751    16.117    -0.63    1.00
-216797.284    15.762    -0.95    0.86
-216424.757    15.448    -0.85    0.72
-216052.170    15.201    -0.66    0.60
-215679.522    14.967    -0.63    0.56
-215306.815    14.789    -0.48    0.56
-214934.048    14.931     0.38    0.85
-214561.220    16.523     4.27    2.89
-214188.332    19.129     6.99    4.57
-213815.384    22.215     8.27    4.34
-213442.376    24.114     5.09    3.12
-213069.307    24.708     1.59    2.65
-212696.178    24.181    -1.41    2.83
-212322.989    22.993    -3.18    2.66
-211949.739    22.154    -2.25    2.33
-211576.429    22.233     0.21    2.47
-211203.058    23.073     2.25    2.69
-210829.627    23.719     1.73    2.77
-210456.136    23.973     0.68    2.39
-210082.584    23.629    -0.92    2.59
-209708.971    23.529    -0.27    2.70
-209335.298    22.839    -1.84    2.73
-208961.564    21.695    -3.06    2.29
-208587.769    20.892    -2.15    1.52
-208213.914    20.146    -1.99    0.89
-207839.998    18.855    -3.45    2.47
-207466.022    18.019    -2.23    3.19
-207091.984    18.384     0.98    4.46
-206717.886    20.181     4.80    5.46
-206343.727    23.300     8.33    4.55
-205969.507    26.015     7.25    1.65
-205595.226    26.655     1.71    1.11
-205220.884    27.095     1.17    0.79
-204846.482    27.384     0.77    0.68
-204472.018    27.616     0.62    0.38
-204097.493    27.788     0.46    0.42
-203722.907    28.233     1.19    1.48
-203348.260    28.655     1.13    2.02
-202973.553    28.575    -0.21    1.69
-202598.783    28.279    -0.79    1.26
-202223.953    28.001    -0.74    0.87
-201849.062    27.781    -0.59    0.42
-201474.109    27.734    -0.13    0.22
-201099.095    27.751     0.04    0.35
-200724.020    27.642    -0.29    0.60
-200348.883    27.257    -1.03    1.32
-199973.685    25.874    -3.69    2.64
-199598.426    25.079    -2.12    2.74
-199223.105    24.989    -0.24    2.99
-198847.723    25.411     1.12    3.50
-198472.279    26.852     3.84    3.74
-198096.774    26.935     0.22    3.58
-197721.208    25.876    -2.82    3.86
-197345.579    24.076    -4.79    3.79
-196969.890    22.616    -3.89    2.94
-196594.138    21.544    -2.85    1.97
-196218.325    20.948    -1.59    0.88
-195842.450    20.681    -0.71    0.00
-195466.514    20.695     0.04    0.12
-195090.515    20.668    -0.07    0.20
-194714.455    20.598    -0.19    0.33
-194338.333    20.352    -0.65    0.75
-193962.150    20.265    -0.23    2.11
-193585.904    20.681     1.11    4.58
-193209.597    21.969     3.42    6.14
-192833.227    24.451     6.59    7.36
-192456.796    27.221     7.36    6.51
-192080.302    28.958     4.61    3.86
-191703.747    28.967     0.02    2.38
-191327.129    27.405    -4.15    1.98
-190950.450    25.415    -5.28    2.69
-190573.708    23.576    -4.88    2.91
-190196.904    21.708    -4.96    2.67
-189820.038    20.398    -3.48    2.24
-189443.110    19.116    -3.40    1.75
-189066.120    18.029    -2.88    1.45
-188689.067    16.976    -2.79    1.55
-188311.952    15.806    -3.10    1.47
-187934.774    14.542    -3.35    1.42
-187557.534    13.560    -2.60    1.01
-187180.232    12.989    -1.51    0.65
-186802.868    12.471    -1.37    0.44
-186425.440    12.089    -1.01    0.68
-186047.951    11.422    -1.77    1.17
-185670.399    10.642    -2.06    1.60
-185292.784     9.852    -2.09    1.65
-184915.107     9.561    -0.77    1.54
-184537.367     9.863     0.80    1.44
-184159.564    10.613     1.98    1.34
-183781.699    11.441     2.19    1.41
-183403.771    11.959     1.37    1.19
-183025.780    11.794    -0.44    1.25
-182647.727    11.188    -1.60    1.09
-182269.610    10.553    -1.68    1.09
-181891.431     9.868    -1.81    1.01
-181513.189     9.287    -1.54    0.92
-181134.884     8.642    -1.70    0.87
-180756.516     8.214    -1.13    0.77
-180378.085     7.628    -1.55    0.70
-179999.591     7.095    -1.41    0.72
-179621.034     6.523    -1.51    0.73
-179242.414     6.029    -1.31    0.48
-178863.731     5.769    -0.69    0.28
-178484.985     5.681    -0.23    0.00
-178106.176     5.681     0.00    0.00
-177727.303     5.681     0.00    0.00
-177348.367     5.681     0.00    0.00
-176969.368     5.563    -0.31    0.40
-176590.306     5.149    -1.09    0.97
-176211.180     4.175    -2.57    1.80
-175831.991     3.308    -2.29    1.96
-175452.739     2.135    -3.09    1.83
-175073.423     1.215    -2.43    1.17
-174694.043     0.879    -0.89    0.63
-174314.601     0.737    -0.37    0.37
-173935.094     0.681    -0.15    0.00
-173555.524     0.681     0.00    0.00
-173183.006     0.681     0.00    0.00
-172815.604     0.681     0.00    0.00
-172448.142     0.681     0.00    0.00
-172080.622     0.681     0.00    0.00
-171713.043     0.681     0.00    0.00
-171345.404     0.681     0.00    0.00
-170977.706     0.681     0.00    0.00
-170609.949     0.681     0.00    0.00
-170242.133     0.681     0.00    0.00
-169874.257     0.681     0.00    0.00
-169506.322     0.681     0.00    0.00
-169138.328     0.681     0.00    0.00
-168770.274     0.681     0.00    0.00
-168402.161     0.806     0.34    0.56
-168033.988     1.719     2.48    1.59
-167665.756     2.777     2.87    1.83
-167297.464     3.852     2.92    1.55
-166929.113     4.596     2.02    0.85
-166560.702     4.866     0.73    0.58
-166192.232     4.942     0.21    0.44
-165823.702     4.971     0.08    0.46
-165455.113     5.029     0.16    0.48
-165086.463     5.238     0.57    0.50
-164717.754     5.462     0.61    0.42
-164348.986     5.519     0.15    0.49
-163980.157     5.627     0.29    0.70
-163611.269     6.386     2.06    2.13
-163242.321     7.441     2.86    2.83
-162873.313     7.588     0.40    2.70
-162504.245     7.087    -1.36    2.23
-162135.117     6.471    -1.67    2.09
-161765.930     6.095    -1.02    2.60
-161396.682     6.313     0.59    3.38
-161027.374     5.979    -0.91    2.60
-160658.006     5.580    -1.08    0.99
-160288.579     5.425    -0.42    0.47
-159919.091     5.169    -0.69    0.67
-159549.543     4.722    -1.21    0.87
-159179.934     4.207    -1.39    0.95
-158810.266     3.800    -1.10    0.86
-158440.537     3.655    -0.39    0.87
-158070.749     3.641    -0.04    0.91
-157700.900     3.935     0.79    0.93
-157330.990     4.247     0.84    0.87
-156961.020     4.604     0.97    0.72
-156590.990     4.884     0.76    0.60
-156220.900     5.074     0.51    0.49
-155850.749     5.114     0.11    0.50
-155480.537     4.884    -0.62    0.67
-155110.266     4.411    -1.28    0.75
-154739.933     3.813    -1.61    0.74
-154369.540     3.335    -1.29    0.65
-153999.087     2.984    -0.95    0.46
-153628.573     2.816    -0.45    0.34
-153257.998     2.668    -0.40    0.31
-152887.362     2.455    -0.58    0.45
-152516.666     2.143    -0.84    0.55
-152145.909     1.695    -1.21    0.67
-151775.092     1.094    -1.62    0.84
-151404.213     0.394    -1.89    1.06
-151033.274    -0.396    -2.13    1.21
-150662.274    -1.099    -1.90    1.12
-150291.213    -1.582    -1.30    0.94
-149920.091    -2.051    -1.26    0.56
-149548.909    -2.266    -0.58    0.22
-149177.665    -2.278    -0.03    0.20
-148806.360    -2.279    -0.00    0.20
-148434.994    -2.236     0.12    0.28
-148063.568    -1.952     0.77    0.77
-147692.080    -1.208     2.00    1.74
-147320.531     1.856     8.25    6.79
-146948.920     6.816    13.35   10.46
-146577.249    15.629    23.71   13.87
-146205.516    26.120    28.22   13.85
-145833.723    34.175    21.66    6.78
-145461.867    36.531     6.33    4.51
-145089.951    36.892     0.97    4.18
-144717.973    36.019    -2.35    4.32
-144345.934    35.529    -1.32    5.96
-143973.834    35.627     0.26    6.58
-143601.672    35.431    -0.53    6.26
-143229.448    33.627    -4.85    6.40
-142857.163    31.669    -5.26    5.80
-142484.817    29.747    -5.16    4.29
-142112.409    28.303    -3.88    3.16
-141739.939    27.510    -2.13    3.59
-141367.408    26.089    -3.81    3.80
-140994.815    25.055    -2.78    3.15
-140622.161    25.181     0.34    3.73
-140249.445    24.615    -1.52    4.17
-139876.667    22.951    -4.46    5.16
-139503.827    20.308    -7.09    5.02
-139130.926    20.188    -0.32    5.62
-138757.962    22.092     5.10    6.72
-138384.937    25.655     9.55    6.80
-138011.850    27.643     5.33    4.89
-137638.701    25.592    -5.50    5.32
-137265.490    23.214    -6.37    5.69
-136892.217    20.905    -6.18    4.42
-136518.882    18.985    -5.14    2.33
-136145.485    17.984    -2.68    2.50
-135772.026    16.884    -2.95    3.12
-135398.505    14.921    -5.25    3.42
-135024.921    12.194    -7.30    3.85
-134651.276    10.161    -5.44    3.09
-134277.568     9.006    -3.09    2.80
-133903.798     9.654     1.73    3.85
-133529.966    11.839     5.84    4.58
-133156.071    13.533     4.53    4.30
-132782.114    14.831     3.47    3.93
-132408.095    15.695     2.31    3.24
-132034.013    14.956    -1.97    2.90
-131659.869    14.243    -1.91    2.51
-131285.663    13.175    -2.85    1.45
-130911.393    12.588    -1.57    0.37
-130537.062    12.577    -0.03    0.38
-130162.668    12.551    -0.07    0.38
-129788.211    12.566     0.04    0.32
-129413.692    12.431    -0.36    0.52
-129039.110    12.378    -0.14    0.59
-128664.465    12.379     0.00    0.65
-128289.758    12.461     0.22    0.55
-127914.988    12.590     0.35    0.37
-127540.155    12.655     0.17    0.16
-127165.259    12.461    -0.52    0.45
-126790.301    12.071    -1.04    0.69
-126415.279    11.668    -1.07    0.77
-126040.195    11.510    -0.42    0.70
-125665.048    11.378    -0.35    0.85
-125289.837    10.975    -1.07    1.16
-124914.564    10.031    -2.51    1.70
-124539.228     8.764    -3.38    1.45
-124163.829     7.833    -2.48    1.05
-123788.366     7.195    -1.70    0.73
-123412.841     6.720    -1.26    0.95
-123037.252     6.357    -0.97    1.10
-122661.600     6.234    -0.33    1.16
-122285.885     6.195    -0.10    1.17
-121910.106     6.124    -0.19    1.22
-121534.265     6.097    -0.07    0.99
-121158.360     5.998    -0.26    0.71
-120782.391     5.866    -0.35    0.65
-120406.360     5.694    -0.46    0.52
-120030.265     5.655    -0.10    0.16
-119654.106     5.681     0.07    0.00
-119277.884     5.681     0.00    0.00
-118901.598     5.681     0.00    0.00
-118525.249     5.681     0.00    0.00
-118148.836     5.601    -0.21    0.27
-117772.360     5.431    -0.45    0.44
-117395.820     5.249    -0.48    0.50
-117019.216     5.226    -0.06    0.50
-116642.549     5.270     0.12    0.50
-116265.818     5.487     0.57    0.40
-115889.023     5.492     0.01    0.57
-115512.164     4.938    -1.47    1.53
-115135.241     4.375    -1.49    1.77
-114758.255     4.162    -0.56    1.76
-114381.205     4.379     0.57    2.01
-114004.090     5.279     2.39    1.93
-113626.912     5.629     0.93    1.51
-113249.670     4.707    -2.44    2.27
-112872.363     3.540    -3.09    2.25
-112494.993     3.266    -0.73    1.83
-112117.558     3.822     1.47    1.97
-111740.060     4.708     2.35    1.61
-111362.497     3.906    -2.12    2.64
-110984.870     2.667    -3.28    2.72
-110607.179     1.969    -1.85    2.18
-110229.423     1.600    -0.98    1.52
-109851.603     1.997     1.05    1.41
-109473.719     2.655     1.74    1.95
-109095.770     3.227     1.51    2.10
-108717.758     3.811     1.55    1.88
-108339.680     4.357     1.44    1.41
-107961.538     4.513     0.41    1.41
-107583.332     4.616     0.27    1.46
-107205.061     4.048    -1.50    2.03
-106826.725     3.273    -2.05    2.27
-106448.325     2.066    -3.19    1.98
-106069.861     1.681    -1.02    1.84
-105691.331     2.155     1.25    2.04
-105312.737     2.735     1.53    2.29
-104934.078     3.031     0.78    2.42
-104555.355     3.095     0.17    2.50
-104176.566     2.972    -0.32    2.58
-103797.713     2.629    -0.91    2.61
-103418.795     2.412    -0.57    2.62
-103039.812     2.806     1.04    2.62
-102660.764     3.074     0.71    2.63
-102281.651     3.810     1.94    2.42
-101902.473     5.081     3.35    1.45
-101523.230     5.569     1.29    0.50
-101143.922     4.945    -1.64    1.78
-100764.549     3.681    -3.33    2.67
-100385.110     2.168    -3.99    2.70
-100005.607     0.745    -3.75    2.08
 -99626.038     0.871     0.33    2.26
 -99246.404     1.694     2.17    2.75
 -98866.705     2.928     3.25    2.98
 -98490.868     3.590     1.76    2.81
 -98123.653     4.445     2.33    2.23
 -97756.378     4.874     1.17    1.77
 -97389.042     4.928     0.15    1.70
 -97021.645     5.097     0.46    1.47
 -96654.188     5.310     0.58    1.11
 -96286.670     5.474     0.45    0.75
 -95919.091     5.227    -0.67    1.34
 -95551.452     4.656    -1.55    2.05
 -95183.752     3.948    -1.93    2.58
 -94815.991     3.156    -2.15    2.86
 -94448.169     2.401    -2.05    2.90
 -94080.286     2.630     0.62    2.84
 -93712.342     3.533     2.45    2.71
 -93344.338     4.383     2.31    2.34
 -92976.272     5.106     1.97    1.53
 -92608.146     5.131     0.07    1.59
 -92239.958     5.229     0.27    1.43
 -91871.709     5.056    -0.47    1.33
 -91503.400     4.222    -2.27    1.92
 -91135.029     3.306    -2.49    1.97
 -90766.597     2.911    -1.07    1.68
 -90398.103     3.097     0.50    1.69
 -90029.549     3.311     0.58    1.70
 -89660.933     3.644     0.90    1.72
 -89292.256     3.992     0.94    1.78
 -88923.518     4.644     1.77    1.55
 -88554.719     5.087     1.20    1.27
 -88185.858     5.061    -0.07    1.37
 -87816.935     5.006    -0.15    1.47
 -87447.951     5.603     1.62    1.92
 -87078.906     6.108     1.37    1.76
 -86709.799     6.314     0.56    1.39
 -86340.631     6.948     1.72    2.00
 -85971.401     7.806     2.32    2.62
 -85602.110     8.308     1.36    2.83
 -85232.757     7.871    -1.18    2.71
 -84863.342     7.253    -1.67    2.37
 -84493.866     7.874     1.68    2.89
 -84124.328     9.344     3.98    3.11
 -83754.728    11.112     4.78    2.44
 -83385.066    12.361     3.38    1.00
 -83015.343    12.669     0.83    0.19
 -82645.558    12.468    -0.54    0.64
 -82275.711    12.284    -0.50    0.78
 -81905.802    12.169    -0.31    0.94
 -81535.831    12.233     0.17    0.77
 -81165.798    12.526     0.79    0.46
 -80795.703    12.681     0.42    0.00
 -80425.546    12.551    -0.35    0.34
 -80055.327    12.356    -0.53    0.47
 -79685.046    12.181    -0.47    0.50
 -79314.703    12.117    -0.17    0.50
 -78944.298    12.156     0.10    0.50
 -78573.830    12.281     0.34    0.49
 -78203.301    12.435     0.41    0.43
 -77832.709    12.580     0.39    0.30
 -77462.054    12.655     0.20    0.16
 -77091.338    12.531    -0.33    0.36
 -76720.559    12.497    -0.09    0.39
 -76349.718    12.515     0.05    0.38
 -75978.814    12.542     0.07    0.35
 -75607.848    12.976     1.17    1.16
 -75236.819    13.954     2.64    2.43
 -74865.728    16.023     5.58    3.45
 -74494.575    18.348     6.26    3.46
 -74123.359    20.631     6.15    2.24
 -73752.080    21.510     2.37    1.51
 -73380.738    21.960     1.21    1.51
 -73009.334    22.745     2.11    2.37
 -72637.868    23.694     2.56    2.92
 -72266.338    24.826     3.05    2.81
 -71894.746    26.156     3.58    2.07
 -71523.091    27.089     2.51    1.54
 -71151.373    27.821     1.97    1.17
 -70779.593    28.826     2.70    1.95
 -70407.749    29.348     1.40    1.83
 -70035.842    29.425     0.21    1.79
 -69663.873    29.226    -0.54    1.83
 -69291.841    28.734    -1.32    1.34
 -68919.745    28.556    -0.48    1.35
 -68547.587    28.760     0.55    1.51
 -68175.365    29.419     1.77    1.93
 -67803.081    29.908     1.31    1.85
 -67430.733    30.590     1.83    1.74
 -67058.322    31.803     3.26    2.06
 -66685.848    33.006     3.23    2.14
 -66313.310    34.073     2.86    1.51
 -65940.709    34.459     1.04    1.61
 -65568.045    34.492     0.09    2.00
 -65195.318    35.669     3.16    2.86
 -64822.527    37.452     4.78    3.21
 -64449.673    38.188     1.97    2.97
 -64076.756    37.249    -2.52    4.49
 -63703.775    34.894    -6.31    4.64
 -63330.730    33.627    -3.40    3.85
 -62957.622    34.919     3.46    5.13
 -62584.451    36.803     5.05    5.52
 -62211.215    39.258     6.58    6.14
 -61837.916    42.233     7.97    5.91
 -61464.554    44.264     5.44    5.30
 -61091.128    45.352     2.92    4.60
 -60717.638    45.419     0.18    4.67
 -60344.084    43.721    -4.54    5.79
 -59970.467    41.340    -6.37    5.81
 -59596.785    39.156    -5.84    4.86
 -59223.040    38.094    -2.84    4.39
 -58849.231    38.912     2.19    4.38
 -58475.358    40.207     3.46    4.07
 -58101.421    42.813     6.97    4.09
 -57727.420    44.669     4.96    3.93
 -57353.355    45.630     2.57    2.81
 -56979.226    45.681     0.14    2.54
 -56605.033    44.806    -2.34    2.15
 -56230.775    43.771    -2.77    0.43
 -55856.454    43.669    -0.27    0.11
 -55482.068    43.617    -0.14    0.25
 -55107.618    43.594    -0.06    0.28
 -54733.104    43.431    -0.43    0.44
 -54358.526    42.947    -1.29    0.89
 -53983.883    42.112    -2.23    1.52
 -53609.176    40.533    -4.21    2.29
 -53234.405    38.844    -4.51    2.47
 -52859.569    37.569    -3.40    2.28
 -52484.668    36.371    -3.20    1.43
 -52109.703    35.844    -1.40    0.46
 -51734.674    35.708    -0.36    0.16
 -51359.580    35.681    -0.07    0.00
 -50984.421    35.654    -0.07    0.16
 -50609.198    35.544    -0.29    0.35
 -50233.910    35.326    -0.58    0.51
 -49858.558    34.781    -1.45    1.03
 -49483.140    33.409    -3.66    2.11
 -49107.658    31.972    -3.82    2.37
 -48732.111    30.707    -3.37    1.95
 -48356.500    29.886    -2.18    1.13
 -47980.823    29.463    -1.13    0.66
 -47605.082    29.287    -0.47    0.59
 -47229.275    29.066    -0.59    0.54
 -46853.404    28.884    -0.48    0.49
 -46477.468    28.744    -0.37    0.46
 -46101.466    28.416    -0.87    0.59
 -45725.400    27.555    -2.29    1.44
 -45349.268    26.616    -2.50    1.63
 -44973.071    25.706    -2.42    1.32
 -44596.810    25.481    -0.60    1.16
 -44220.483    25.994     1.36    1.30
 -43844.090    26.388     1.05    1.18
 -43467.633    26.249    -0.37    1.05
 -43091.110    26.073    -0.47    1.00
 -42714.521    25.719    -0.94    0.80
 -42337.868    25.227    -1.31    0.85
 -41961.149    24.340    -2.36    1.37
 -41584.364    23.284    -2.80    1.35
 -41207.514    22.544    -1.96    1.13
 -40830.599    22.010    -1.42    0.75
 -40453.618    21.604    -1.08    0.53
 -40076.571    21.273    -0.88    0.49
 -39699.459    21.040    -0.62    0.48
 -39322.281    20.935    -0.28    0.44
 -38945.038    21.036     0.27    0.48
 -38567.729    21.194     0.42    0.50
 -38190.353    21.168    -0.07    0.50
 -37812.913    21.031    -0.36    0.48
 -37435.406    20.761    -0.72    0.27
 -37057.834    20.719    -0.11    0.19
 -36680.195    20.787     0.18    0.31
 -36302.491    20.772    -0.04    0.29
 -35924.721    20.735    -0.10    0.28
 -35546.884    20.619    -0.31    0.24
 -35168.982    20.540    -0.21    0.35
 -34791.014    20.444    -0.26    0.43
 -34412.979    20.271    -0.46    0.50
 -34034.879    20.131    -0.37    0.53
 -33656.712    20.094    -0.10    0.59
 -33278.479    20.143     0.13    0.66
 -32900.180    20.006    -0.36    0.74
 -32521.814    19.772    -0.62    0.92
 -32143.382    19.744    -0.08    1.27
 -31764.884    19.760     0.04    1.87
 -31386.320    20.603     2.23    2.12
 -31007.689    21.102     1.32    2.70
 -30628.991    21.459     0.94    3.93
 -30250.227    20.589    -2.30    4.94
 -29871.397    18.831    -4.64    5.09
 -29492.500    17.810    -2.70    4.38
 -29113.536    17.706    -0.27    4.33
 -28734.506    18.360     1.73    4.83
 -28355.409    18.531     0.45    5.19
 -27976.246    17.327    -3.18    5.12
 -27597.016    16.835    -1.30    4.81
 -27217.719    16.378    -1.21    4.55
 -26838.355    16.491     0.30    4.14
 -26458.924    16.998     1.33    4.78
 -26079.426    16.776    -0.58    5.14
 -25699.862    17.237     1.21    5.16
 -25320.231    17.908     1.77    5.67
 -24940.532    20.156     5.92    7.16
 -24560.767    22.643     6.55    7.21
 -24180.934    23.768     2.96    6.54
 -23801.494    24.844     2.84    4.83
 -23434.473    24.643    -0.55    3.74
 -23067.391    25.322     1.85    3.60
 -22700.246    26.106     2.14    2.92
 -22333.039    26.797     1.88    1.95
 -21965.771    26.511    -0.78    2.85
 -21598.439    25.517    -2.71    4.11
 -21231.046    22.806    -7.38    5.81
 -20863.591    19.941    -7.80    6.01
 -20496.073    16.856    -8.39    4.99
 -20128.492    14.384    -6.73    2.81
 -19760.850    13.419    -2.63    1.82
 -19393.145    12.984    -1.18    0.99
 -19025.377    13.607     1.69    1.70
 -18657.548    15.561     5.31    3.61
 -18289.655    18.607     8.28    4.70
 -17921.700    20.992     6.48    4.42
 -17553.683    21.094     0.28    4.14
 -17185.603    19.835    -3.42    4.22
 -16817.460    19.422    -1.12    3.70
 -16449.255    19.772     0.95    3.10
 -16080.987    21.169     3.79    3.22
 -15712.656    23.123     5.31    2.89
 -15344.263    24.780     4.50    2.84
 -14975.806    26.302     4.13    2.15
 -14607.287    26.294    -0.02    2.47
 -14238.705    24.771    -4.13    3.72
 -13870.061    19.906   -13.20    7.13
 -13501.353    15.119   -12.98    7.84
 -13132.582    10.397   -12.80    6.52
 -12763.749     7.175    -8.74    4.21
 -12394.852     5.348    -4.95    1.34
 -12025.892     5.169    -0.49    1.05
 -11656.870     5.092    -0.21    0.76
 -11287.784     5.044    -0.13    0.51
 -10918.635     5.138     0.26    0.59
 -10549.423     4.990    -0.40    0.89
 -10180.147     4.491    -1.35    1.37
  -9810.809     3.781    -1.92    1.48
  -9441.407     2.912    -2.35    1.19
  -9071.942     2.781    -0.35    1.41
  -8702.413     3.238     1.24    2.15
  -8332.821     2.925    -0.85    1.98
  -7963.166     2.592    -0.90    1.75
  -7593.447     2.106    -1.31    1.23
  -7223.665     1.681    -1.15    0.00
  -6853.819     1.681     0.00    0.00
  -6483.910     1.605    -0.21    0.27
  -6113.937     1.486    -0.32    0.40
  -5743.901     1.339    -0.40    0.48
  -5373.801     1.169    -0.46    0.50
  -5003.637     0.980    -0.51    0.46
  -4633.410     0.842    -0.37    0.37
  -4263.119     0.707    -0.36    0.16
  -3892.764     0.669    -0.10    0.11
  -3522.345     0.655    -0.04    0.16
  -3151.862     0.519    -0.37    0.60
  -2781.316     0.344    -0.47    0.93
  -2410.706     0.096    -0.67    1.13
  -2040.032    -0.020    -0.31    1.21
  -1669.293    -0.084    -0.17    1.27
  -1298.491    -0.292    -0.56    1.35
   -927.625    -0.631    -0.92    1.45
   -556.695    -0.981    -0.94    1.43
   -185.700    -1.282    -0.81    1.25
    185.358    -1.134     0.40    1.61
    556.481     0.718     4.99    3.90
    927.668     2.921     5.93    4.34
   1298.919     9.069    16.56    9.74
   1670.234    17.398    22.43   14.28
   2041.614    28.594    30.15   18.45
   2413.058    46.168    47.31   20.51
   2784.566    61.218    40.51   23.42
   3156.139    68.535    19.69   19.41
   3527.776    73.481    13.31   17.53
   3899.478    73.905     1.14   17.13
   4271.244    67.256   -17.88   21.52
   4643.075    61.201   -16.29   25.80
   5014.970    53.681   -20.22   24.91
   5386.930    47.076   -17.76   18.34
   5758.954    48.743     4.48   12.30
   6131.043    55.207    17.37   13.72
   6503.197    64.830    25.86   15.82
   6875.416    71.848    18.86   13.79
   7247.699    69.006    -7.63   19.05
   7620.048    58.824   -27.35   25.38
   7992.461    42.990   -42.52   25.11
   8364.939    26.335   -44.71   14.94
   8737.481    18.284   -21.61    8.76
   9110.089    13.361   -13.21    5.27
   9482.762    10.069    -8.83    4.32
   9855.500     7.863    -5.92    3.56
  10228.302     6.844    -2.73    3.10
  10601.170     5.859    -2.64    2.74
  10974.103     4.904    -2.56    2.27
  11347.101     3.947    -2.56    1.53
  11720.165     3.519    -1.15    0.93
  12093.293     3.531     0.03    0.83
  12466.487     3.573     0.11    0.86
  12839.746     3.555    -0.05    0.84
  13213.071     3.356    -0.53    0.76
  13586.460    11.340    21.38   20.72
  13959.915    26.294    40.04   31.93
  14333.436    45.181    50.57   32.34
  14707.022    66.002    55.73   26.12
  15080.674    82.360    43.78   19.82
  15454.391    92.294    26.58   22.29
  15828.173   105.604    35.61   18.99
  16202.021   113.249    20.45   16.32
  16575.935   120.089    18.29   17.28
  16949.915   130.965    29.08   22.15
  17323.960   143.336    33.07   24.30
  17698.071   151.310    21.31   20.24
  18072.248   149.444    -4.99   21.85
  18446.490   134.081   -41.05   31.78
  18820.798   109.990   -64.36   29.17
  19195.173    90.960   -50.83   19.71
  19569.613    78.381   -33.59   13.86
  19944.119    72.822   -14.84   12.29
  20318.691    69.076   -10.00   11.79
  20693.329    68.289    -2.10   12.33
  21068.033    68.486     0.53   12.43
  21442.803    62.576   -15.77   20.76
  21817.640    53.319   -24.70   28.44
  22192.542    39.535   -36.77   30.95
  22567.511    26.632   -34.41   28.27
  22942.546    15.592   -29.44   20.15
  23317.647     7.644   -21.19    5.46
  23692.814     7.063    -1.55    2.33
  24068.048     6.928    -0.36    2.15
  24443.348     7.050     0.32    2.30
  24818.715     7.389     0.90    2.99
  25194.148     8.529     3.04    4.61
  25569.647    11.718     8.49    8.63
  25945.213    19.963    21.95   19.11
  26320.846    37.262    46.05   40.69
  26696.545    61.048    63.31   51.19
  27072.311    67.218    16.42   46.43
  27448.143    67.444     0.60   41.54
  27824.042    65.094    -6.25   34.38
  28200.008    50.805   -38.01   21.92
  28576.040    41.002   -26.07   22.78
  28952.140    30.509   -27.90   24.64
  29328.306    16.731   -36.63   13.16
  29704.539    16.069    -1.76   10.38
  30080.839    26.694    28.24   19.42
  30457.206    48.101    56.88   29.75
  30833.639    72.998    66.14   33.65
  31210.140   104.133    82.70   37.46
  31586.708   130.811    70.85   39.09
  31963.343   159.212    75.41   39.63
  32340.045   169.116    26.29   33.19
  32716.814   154.105   -39.84   44.32
  33093.651   131.773   -59.26   43.54
  33470.554   110.352   -56.84   24.05
  33847.525   102.886   -19.80   17.23
  34224.563    99.311    -9.48   20.24
  34601.669    93.504   -15.40   24.01
  34978.842    92.486    -2.70   25.10
  35356.082    94.027     4.08   22.12
  35733.390    95.419     3.69   17.72
  36110.765    93.444    -5.23   17.19
  36488.208    87.484   -15.79   18.78
  36865.718    76.718   -28.52   16.29
  37243.296    69.231   -19.83   14.92
  37620.941    63.244   -15.86   14.14
  37998.655    60.294    -7.81   12.98
  38376.435    61.452     3.07   16.12
  38754.284    66.271    12.75   19.98
  39132.200    72.925    17.61   18.96
  39510.184    75.826     7.67   19.17
  39888.236    76.385     1.48   17.76
  40266.356    80.279    10.30   15.06
  40644.544    85.151    12.88   12.73
  41022.800    89.112    10.47   11.58
  41401.123    92.181     8.11    9.51
  41779.515    91.881    -0.79   12.24
  42157.975    91.072    -2.14   14.17
  42536.503    84.558   -17.21   14.38
  42915.099    77.150   -19.57   15.24
  43293.763    71.819   -14.08   15.34
  43672.495    65.669   -16.24   15.04
  44051.296    66.272     1.59   19.09
  44430.165    68.998     7.20   20.28
  44809.102    63.743   -13.87   17.74
  45188.108    57.886   -15.45   14.67
  45567.182    53.998   -10.26   11.00
  45946.324    57.331     8.79   16.20
  46325.535    63.206    15.49   20.37
  46704.815    64.297     2.88   18.54
  47084.162    61.619    -7.06   13.10
  47463.579    63.069     3.82   12.07
  47843.064    66.958    10.25   13.78
  48222.618    71.607    12.25   13.60
  48602.240    73.867     5.95   13.60
  48981.932    74.956     2.87   11.79
  49361.692    72.969    -5.23   10.39
  49741.520    76.609     9.58   11.45
  50121.418    79.605     7.89   10.98
  50501.384    80.015     1.08    9.30
  50881.420    81.997     5.22    8.10
  51251.544    84.194     5.93    8.80
  51618.428    90.759    17.90   11.84
  51985.376   103.431    34.54   16.87
  52352.387   118.256    40.40   20.86
  52719.462   137.369    52.07   24.44
  53086.601   148.941    31.52   20.90
  53453.803   153.974    13.71   16.04
  53821.070   152.864    -3.02   17.99
  54188.400   144.791   -21.98   18.08
  54555.794   137.794   -19.05   14.41
  54923.252   132.547   -14.28    8.64
  55290.774   130.496    -5.58    8.55
  55658.360   128.089    -6.55    9.66
  56026.010   123.397   -12.76   10.69
  56393.724   116.101   -19.84   11.90
  56761.502   108.958   -19.42   12.64
  57129.344   102.833   -16.65    9.54
  57497.251   103.486     1.77   12.18
  57865.221   108.451    13.49   16.93
  58233.256   117.657    25.02   17.99
  58601.355   129.448    32.03   17.11
  58969.518   138.955    25.83   17.72
  59337.746   148.195    25.09   19.67
  59706.038   159.413    30.46   21.02
  60074.394   177.642    49.49   28.85
  60442.815   204.884    73.94   35.72
  60811.300   219.079    38.52   32.85
  61179.850   210.632   -22.92   43.51
  61548.464   184.220   -71.66   57.67
  61917.143   148.015   -98.21   53.29
  62285.886   115.985   -86.87   35.96
  62654.695    92.525   -63.61   27.56
  63023.567    77.718   -40.14   24.51
  63392.505    61.076   -45.11   17.74
  63761.507    51.015   -27.27    9.60
  64130.574    45.511   -14.91    4.40
  64499.705    43.397    -5.73    1.79
  64868.902    42.606    -2.14    1.70
  65238.163    41.669    -2.54    2.22
  65607.489    40.181    -4.03    3.02
  65976.881    38.413    -4.79    3.46
  66346.337    36.356    -5.57    3.22
  66715.858    34.544    -4.91    2.57
  67085.444    32.731    -4.91    1.67
  67455.096    31.718    -2.74    1.19
  67824.812    30.891    -2.24    0.93
  68194.594    30.348    -1.47    0.71
  68564.440    29.891    -1.24    0.54
  68934.352    29.609    -0.76    0.49
  69304.329    29.390    -0.59    0.53
  69674.372    29.133    -0.70    0.72
  70044.480    28.797    -0.91    0.81
  70414.653    28.385    -1.11    0.86
  70784.891    27.956    -1.16    0.69
  71155.195    27.729    -0.61    0.77
  71525.565    27.194    -1.44    1.61
  71896.000    25.817    -3.72    3.57
  72266.500    24.188    -4.40    4.63
  72637.066    23.336    -2.30    5.08
  73007.697    22.396    -2.54    5.61
  73378.395    22.596     0.54    6.14
  73749.157    22.451    -0.39    6.30
  74119.986    21.730    -1.94    6.36
  74490.880    19.797    -5.21    6.17
  74861.840    16.791    -8.10    4.84
  75232.866    14.892    -5.12    3.13
  75603.958    13.941    -2.56    2.26
  75975.115    13.861    -0.21    2.65
  76346.339    13.323    -1.45    3.11
  76717.628    13.386     0.17    3.78
  77088.984    13.874     1.31    4.79
  77460.405    14.681     2.17    5.94
  77831.893    16.352     4.50    6.91
  78203.446    17.006     1.76    6.88
  78575.066    16.023    -2.65    6.09
  78946.752    14.963    -2.85    5.11
  79318.504    12.753    -5.95    3.38
  79690.322    10.928    -4.91    3.05
  80062.206     9.340    -4.27    2.83
  80434.157     7.967    -3.69    2.46
  80806.174     7.023    -2.54    1.67
  81178.258     6.515    -1.37    1.10
  81550.408     6.084    -1.16    0.81
  81922.624     5.497    -1.58    1.53
  82294.907     4.559    -2.52    2.16
  82667.256     3.604    -2.56    2.32
  83039.672     2.901    -1.89    2.20
  83412.155     2.733    -0.45    2.19
  83784.704     2.742     0.03    2.25
  84157.319     2.746     0.01    2.30
  84530.002     2.670    -0.21    2.28
  84902.751     2.720     0.13    2.32
  85275.567     3.428     1.90    2.37
  85648.450     4.528     2.95    2.14
  86021.399     5.505     2.62    1.70
  86394.416     6.247     1.99    1.16
  86767.499     6.597     0.94    1.35
  87140.649     6.886     0.78    1.44
  87513.867     7.260     1.00    1.46
  87887.151     7.617     0.96    1.35
  88260.502     7.657     0.11    1.31
  88633.921     7.945     0.77    1.14
  89007.406     8.175     0.62    0.95
  89380.959     8.335     0.43    0.87
  89754.579     8.450     0.31    0.69
  90128.266     8.010    -1.18    1.19
  90502.020     7.498    -1.37    1.39
  90875.842     7.448    -0.14    1.39
  91249.731     7.598     0.40    1.35
  91623.687     7.871     0.73    1.23
  91997.711     8.126     0.68    1.07
  92371.802     8.294     0.45    0.95
  92745.961     8.505     0.56    0.62
  93120.188     8.256    -0.66    0.98
  93494.481     7.509    -2.00    1.47
  93868.843     6.607    -2.41    1.79
  94243.272     5.846    -2.03    1.90
  94617.769     5.052    -2.12    1.95
  94992.333     4.546    -1.35    1.90
  95366.965     4.096    -1.20    1.85
  95741.665     3.886    -0.56    1.67
  96116.433     3.669    -0.58    1.47
  96491.269     3.181    -1.30    1.24
  96866.172     2.706    -1.27    0.88
  97241.144     2.462    -0.65    0.63
  97616.183     2.657     0.52    0.75
  97991.291     3.452     2.12    2.04
  98366.466     5.791     6.23    3.79
  98741.710     7.962     5.79    3.87
  99117.022     8.742     2.08    3.33
  99492.401     7.755    -2.63    3.80
  99867.849     5.633    -5.65    3.28
 100243.366     4.188    -3.85    2.06
 100618.950     3.344    -2.25    1.49
 100994.603     3.031    -0.83    1.42
 101370.324     2.620    -1.10    1.32
 101746.114     2.657     0.10    1.42
 102121.972     3.093     1.16    1.77
 102497.898     3.481     1.03    1.73
 102873.893     3.328    -0.41    1.77
 103249.956     2.451    -2.33    1.77
 103626.088     2.399    -0.14    1.82
 104002.289     2.745     0.92    2.25
 104378.558     3.998     3.33    2.25
 104754.896     5.284     3.42    1.13
 105131.302     4.766    -1.38    1.95
 105507.778     3.976    -2.10    2.37
 105884.322     3.145    -2.21    2.44
 106260.935     2.529    -1.63    2.05
 106637.617     2.110    -1.11    2.04
 107014.367     1.112    -2.65    2.16
 107391.187     0.043    -2.84    1.80
 107768.075    -0.945    -2.62    0.81
 108145.033    -1.176    -0.61    0.35
 108522.060    -1.185    -0.02    0.34
 108899.156    -1.270    -0.23    0.22
 109276.320    -1.306    -0.10    0.11
 109653.555    -1.126     0.48    0.40
 110030.858    -0.928     0.52    0.49
 110408.230    -0.800     0.34    0.50
 110785.672    -0.701     0.26    0.49
 111163.183    -0.672     0.08    0.48
 111540.764    -0.737    -0.17    0.50
 111918.413    -0.689     0.13    0.49
 112296.133    -0.575     0.30    0.44
 112673.922    -0.498     0.20    0.39
 113051.780    -0.390     0.29    0.26
 113429.708    -0.460    -0.18    0.35
 113807.705    -0.624    -0.43    0.46
 114185.772    -0.678    -0.14    0.48
 114563.909    -0.777    -0.26    0.50
 114942.115    -0.756     0.06    0.50
 115320.391    -0.843    -0.23    0.50
 115698.737    -0.941    -0.26    0.49
 116077.153    -0.926     0.04    0.49
 116455.638    -0.806     0.32    0.50
 116834.194    -0.668     0.37    0.48
 117212.819    -0.511     0.41    0.40
 117591.515    -0.355     0.41    0.19
 117970.280    -0.319     0.10    0.00
 118349.115    -0.404    -0.23    0.28
 118728.021    -0.550    -0.39    0.42
 119106.997    -0.631    -0.21    0.47
 119486.042    -0.691    -0.16    0.49
 119865.158    -0.648     0.11    0.47
 120244.345    -0.509     0.37    0.40
 120623.601    -0.483     0.07    0.37
 121002.928    -0.695    -0.56    0.49
 121382.325    -0.994    -0.79    0.47
 121761.793    -1.221    -0.60    0.30
 122141.331    -1.319    -0.26    0.00
 122520.939    -1.174     0.38    0.35
 122900.618    -0.899     0.72    0.50
 123280.368    -0.625     0.72    0.46
 123660.188    -0.355     0.71    0.19
 124040.079    -0.319     0.10    0.00
 124420.041    -0.319     0.00    0.00
