# NaN NaN NaN ;Mean Elev.(m), Avg Gradient(m/km), RMS Gradient(m/km) - SRTM1     
#    7.317  -0.194   1.664 ;Mean Elev.(m), Avg Gradient(m/km), RMS Gradient(m/km) - ASTER GDEM
#    0.218   0.046   0.762 ;Mean Elev.(m), Avg Gradient(m/km), RMS Gradient(m/km) - GMTED2010 
  8 195.218970  62.601013     1.174     1.197  5 52498.32791128 27.507
 10 195.210534  62.598019   317.609   317.497  5 52568.32792469 31.137
 11 195.215418  62.600173     1.358     1.332  6 52603.32791852 32.153
 12 195.202287  62.596644     0.356     0.350  5 52638.32789307 24.244
 13 195.214675  62.600840     1.096     1.090  6 52673.32789287 20.110
 14 195.207154  62.596911     0.621     0.753  5 52708.32790134 19.396
 15 195.212053  62.597966     1.167     1.165  5 52743.32793148 42.656
 17 195.200369  62.596235     1.361     1.402  5 52813.32795165 40.451
 18 195.204272  62.596965     1.538     1.444  5 52848.32800533 23.394
 19 195.210102  62.598830     1.394     1.333  5 52883.32804150 22.567
 20 195.220489  62.600227     1.467     1.431  6 52918.32799808 31.439
 21 195.207573  62.596611     1.713     1.918  5 52953.32796013 24.150
 22 195.218146  62.601296     0.961     0.904  6 52988.32797047 27.963
 23 195.222945  62.600798     0.977     0.940  5 53023.32795787 17.099
 24 195.215364  62.599947     1.050     1.083  6 53058.32795244 17.786
 25 195.214764  62.599206     1.097     1.099  6 53093.32799020 12.350
 26 195.209854  62.597952     0.820     0.845  5 53128.32796153 45.302
 28 195.212809  62.598353     1.459     1.403  5 53198.32802783 22.623
 29 195.222969  62.601377     1.648     1.317  5 53233.32800180 22.491
 30 195.227572  62.599435     1.682     1.408  5 53268.32796912 28.252
 31 195.199297  62.596005     0.792     0.479  5 53303.32802714 28.384
 32 195.214874  62.600336     1.107     0.983  6 53338.32799689 25.631
 33 195.226291  62.601849     2.141     2.144  5 53373.32793025 35.762
 34 195.210530  62.599098     1.059     1.079  6 53408.32797009 14.301
 35 195.225587  62.600469     1.453     1.429  5 53443.32795434 11.839
 37 195.212078  62.598680     1.382     1.155  5 53513.32803903 35.710
 38 195.212235  62.598174     1.709     1.455  5 53548.32805707 23.757
 39 195.216622  62.601172     1.822     1.972  6 53583.32802380 22.932
 40 195.223101  62.600131     1.486     1.605  6 53618.32797962 32.173
 41 195.209287  62.596717     1.838     1.774  5 53653.32800102 25.897
 42 195.210794  62.599162     0.466     0.433  5 53688.32800078 39.722
 43 195.227209  62.601036     0.977     0.853  5 53723.32792564 24.715
 44 195.211482  62.597961     0.539     0.546  6 53758.32786297 18.651
 45 195.219929  62.600772     1.192     1.196  6 53793.32788520 17.857
 46 195.206463  62.596282     1.046     1.016  5 53828.32785514 11.266
 47 195.205097  62.597030     1.137     1.076  5 53863.32793881 24.430
 48 195.210609  62.598333     1.841     1.874  6 53898.32796244 27.780
 49 195.205023  62.597541     1.579     1.518  5 53933.32800870 21.689
 50 195.211805  62.599101     1.749     2.056  5 53968.32798108 21.055
 51 195.203629  62.595482     0.994     1.090  5 54003.32794997 36.700
 52 195.211874  62.597953     2.041     2.028  6 54038.32798542 27.604
 53 195.216122  62.599151     0.449     0.455  6 54073.32797989 28.608
 54 195.225244  62.600975     1.007     1.016  5 54108.32792757 17.785
 55 195.207380  62.597692     0.885     0.794  6 54143.32791621 23.666
 56 195.220881  62.599936     1.032     1.081  5 54178.32791094 25.406
 57 195.207526  62.598262     1.019     0.972  5 54213.32792380 32.533
 58 195.210983  62.597528     1.260     1.623  5 54248.32795214 31.387
 60 195.215204  62.601215     1.772     1.862  6 54318.32795901 23.143
 61 195.221402  62.600853     1.824     1.700  5 54353.32792350 21.649
 62 195.213002  62.598347     1.655     1.442  6 54388.32789843 24.208
 63 195.217550  62.600430     0.846     0.880  6 54423.32787325 33.192
 64 195.205700  62.598138     0.992     0.933  5 54458.32787314 19.045
 65 195.218107  62.600881     1.067     1.078  6 54493.32787693 14.248
 66 195.210598  62.598398     0.870     0.841  6 54528.32788580 10.400
 67 195.221474  62.600155     1.505     1.446  5 54563.32788429  6.508
 68 195.212688  62.598549     1.079     1.003  5 54598.32788160 42.765
 69 195.211880  62.598611     1.994     1.888  5 54633.32789448 22.764
 70 195.212853  62.599744     1.967     1.936  5 54668.32789994 20.356
 71 195.221459  62.600915     2.050     2.175  6 54703.32786516 26.099
 72 195.208042  62.597171     0.588    -0.064  5 54738.32786114 32.135
 73 195.218640  62.600260     1.200     1.154  5 54773.32784592 27.343
 74 195.205894  62.595985     0.670     0.440  5 54808.32785449 18.153
 75 195.215884  62.600356     1.045     1.068  6 54843.32784367 16.860
 76 195.209153  62.598217     1.000     0.885  5 54878.32785745  9.572
 77 195.219163  62.600669     1.549     1.518  6 54913.32784790  9.875
 78 195.209298  62.597025     1.201     1.132  5 54948.32784991 27.300
 79 195.210690  62.599198     2.024     2.147  6 54983.32787557 27.558
 80 195.213666  62.599938     1.705     1.625  6 55018.32787319 24.703
 81 195.216355  62.599957     1.351     1.412  6 55053.32786893 30.457
 82 195.221284  62.600761     2.110     2.331  6 55088.32783084 25.447
 83 195.210389  62.598327     1.174     1.434  6 55123.32780474 30.946
 84 195.217237  62.600120     0.779     0.778  5 55158.32779147 28.294
 85 195.206560  62.595932     0.941     0.937  5 55193.32779439 28.092
 86 195.218056  62.600790     1.160     1.154  6 55228.32779323 21.622
 87 195.211872  62.599532     1.134     1.070  5 55263.32779016 16.030
 88 195.221296  62.599929     1.315     1.312  6 55298.32777683  9.498
 89 195.213826  62.599156     1.533     1.512  6 55333.32776882 42.664
 90 195.216161  62.600001     2.050     1.952  5 55368.32776044 23.776
 91 195.208621  62.597429     1.185     1.071  5 55403.32777595 27.531
 92 195.217545  62.600713     1.385     1.341  6 55438.32777865 39.727
 93 195.223692  62.600750     2.232     2.244  5 55473.32772636 22.545
