-202701.345   559.327     0.00   29.58
-202326.521   546.192   -35.04   30.27
-201951.629   522.073   -64.32   38.36
-201576.670   491.059   -82.70   47.50
-201201.642   454.366   -97.82   55.54
-200826.546   419.265   -93.56   40.13
-200451.383   404.782   -38.60   31.77
-200076.151   408.745    10.56   46.32
-199700.851   427.891    51.01   60.12
-199325.483   452.944    66.73   66.22
-198950.047   465.041    32.22   60.30
-198574.542   457.979   -18.80   57.66
-198198.969   430.045   -74.36   68.35
-197823.328   388.765  -109.88   61.40
-197447.619   357.018   -84.49   46.36
-197071.841   338.127   -50.26   21.75
-196695.995   345.882    20.63   31.45
-196320.080   371.301    67.61   43.62
-195944.097   392.431    56.19   36.86
-195568.045   395.302     7.63   34.82
-195191.925   388.562   -17.92   36.14
-194815.736   388.626     0.17   43.16
-194439.478   406.911    48.59   52.85
-194063.152   444.072    98.73   42.28
-193686.757   462.143    48.00   27.90
-193310.293   449.704   -33.04   33.62
-192933.761   425.092   -65.35   39.79
-192557.159   398.409   -70.84   33.44
-192180.489   379.215   -50.95   23.30
-191803.750   373.437   -15.33   20.52
-191426.942   383.425    26.50   30.78
-191050.065   421.265   100.39   57.48
-190673.119   459.352   101.03   56.01
-190296.103   474.057    39.00   43.64
-189919.019   462.226   -31.37   51.92
-189541.866   420.657  -110.20   55.23
-189164.643   389.393   -82.87   37.11
-188787.351   407.448    47.85   71.60
-188409.990   439.598    85.19   95.82
-188032.560   474.888    93.49   96.62
-187655.060   505.115    80.06   93.82
-187277.491   523.923    49.81  110.54
-186899.853   539.582    41.46  124.97
-186522.145   549.848    27.18  129.65
-186144.367   542.594   -19.20  119.71
-185766.520   526.361   -42.96  119.34
-185388.604   496.686   -78.51  118.43
-185010.618   463.935   -86.63   96.94
-184632.562   439.819   -63.78   69.76
-184254.437   423.931   -42.01   52.59
-183876.242   407.411   -43.68   47.40
-183497.977   384.820   -59.71   45.87
-183119.642   363.088   -57.43   43.65
-182741.238   344.502   -49.11   41.22
-182362.763   324.554   -52.70   36.81
-181984.219   308.585   -42.18   33.52
-181605.605   290.935   -46.61   28.41
-181226.921   274.847   -42.48   23.13
-180848.167   262.740   -31.96   18.92
-180469.342   254.590   -21.51   18.70
-180090.448   250.776   -10.06   19.42
-179711.483   246.079   -12.39   19.03
-179332.449   240.935   -13.57   17.49
-178953.344   235.672   -13.88   18.15
-178574.169   228.024   -20.17   19.80
-178194.923   217.740   -27.11   19.59
-177815.608   207.939   -25.83   17.94
-177436.221   197.753   -26.85   15.24
-177056.765   190.740   -18.48   12.51
-176677.238   184.824   -15.58    9.32
-176297.640   180.452   -11.52    5.84
-175917.972   181.021     1.50    7.28
-175538.234   186.854    15.36   11.98
-175158.425   199.900    34.34   18.69
-174778.545   213.175    34.94   21.59
-174398.594   233.657    53.90   29.64
-174018.573   262.202    75.10   43.85
-173638.481   293.479    82.28   65.24
-173266.945   332.915   106.13   75.27
-172900.339   353.855    57.11   75.27
-172533.667   356.265     6.57   79.04
-172166.930   340.171   -43.88   82.07
-171800.128   307.957   -87.81   76.08
-171433.261   271.130  -100.37   45.39
-171066.328   261.290   -26.81   31.13
-170699.330   271.853    28.78   36.83
-170332.267   288.008    44.01   37.22
-169965.138   297.181    24.98   37.67
-169597.943   286.543   -28.97   47.76
-169230.684   255.903   -83.42   51.29
-168863.358   233.003   -62.34   32.74
-168495.967   230.884    -5.77   30.48
-168128.510   254.554    64.41   46.27
-167760.988   279.795    68.67   38.77
-167393.400   283.776    10.83   35.23
-167025.746   273.606   -27.66   38.39
-166658.027   256.457   -46.63   32.40
-166290.242   243.752   -34.54   22.86
-165922.391   236.130   -20.72   22.59
-165554.474   226.783   -25.40   23.59
-165186.491   210.660   -43.81   29.74
-164818.442   188.252   -60.87   37.05
-164450.327   167.843   -55.44   35.39
-164082.146   156.163   -31.72   24.45
-163713.900   155.347    -2.22   24.69
-163345.587   155.201    -0.40   27.23
-162977.208   142.753   -33.79   29.64
-162608.762   121.790   -56.89   21.63
-162240.251   106.823   -40.61   14.85
-161871.674    96.968   -26.73   11.55
-161503.030    88.972   -21.69    8.41
-161134.320    83.339   -15.28    5.92
-160765.543    79.288   -10.98    4.61
-160396.700    76.457    -7.67    4.08
-160027.791    73.891    -6.96    3.86
-159658.815    71.874    -5.47    4.39
-159289.773    69.855    -5.47    4.97
-158920.665    67.806    -5.55    5.79
-158551.489    65.241    -6.95    6.23
-158182.248    63.168    -5.61    6.85
-157812.939    66.204     8.22   16.11
-157443.564    71.421    14.12   24.77
-157074.122    80.521    24.63   30.54
-156704.614    89.722    24.90   30.13
-156335.039    94.009    11.60   25.45
-155965.397    88.813   -14.05   20.11
-155595.688    78.487   -27.93   18.60
-155225.912    68.497   -27.01   17.92
-154856.069    58.215   -27.80   10.56
-154486.160    54.228   -10.78    6.61
-154116.183    53.240    -2.67    7.43
-153746.140    52.927    -0.84    8.94
-153376.029    52.594    -0.90    9.97
-153005.851    50.313    -6.16    9.08
-152635.607    47.151    -8.54    7.81
-152265.295    44.171    -8.05    6.58
-151894.915    41.354    -7.60    5.22
-151524.469    38.566    -7.53    2.97
-151153.955    36.662    -5.14    2.52
-150783.374    35.265    -3.77    2.59
-150412.726    33.640    -4.38    2.65
-150042.010    32.053    -4.28    2.45
-149671.227    30.606    -3.90    2.14
-149300.376    29.217    -3.75    1.81
-148929.458    27.944    -3.43    1.39
-148558.473    27.194    -2.02    1.49
-148187.419    26.857    -0.91    2.07
-147816.299    27.180     0.87    3.72
-147445.110    29.623     6.58    7.53
-147073.854    32.323     7.27    9.97
-146702.530    36.067    10.08   12.29
-146331.138    41.094    13.53   14.10
-145959.679    46.643    14.94   16.79
-145588.152    52.486    15.72   17.28
-145216.557    56.265    10.17   15.16
-144844.894    58.435     5.84   10.15
-144473.163    59.143     1.90    5.34
-144101.364    58.217    -2.49    5.48
-143729.497    56.606    -4.33    6.49
-143357.562    53.741    -7.70    7.59
-142985.559    53.820     0.21    8.12
-142613.488    60.657    18.37   16.35
-142241.349    72.465    31.72   22.12
-141869.141    84.610    32.63   17.80
-141496.865    89.951    14.35   14.94
-141124.521    89.741    -0.57   15.96
-140752.109    87.912    -4.91   15.55
-140379.628    87.566    -0.93   14.60
-140007.079    91.216     9.80   14.64
-139634.462    99.360    21.85   15.38
-139261.776   106.912    20.26   15.88
-138889.021   113.550    17.81   15.28
-138516.198   113.691     0.38   18.87
-138143.307   105.347   -22.38   23.46
-137770.347    99.669   -15.22   19.59
-137397.318    96.325    -8.96   13.82
-137024.220    96.448     0.33   12.68
-136651.054    93.474    -7.97   14.66
-136277.819    84.082   -25.16   16.40
-135904.515    70.783   -35.62   13.72
-135531.143    62.602   -21.91    9.89
-135157.701    60.547    -5.50   10.00
-134784.191    69.789    24.74   21.85
-134410.611    89.134    51.78   29.88
-134036.963   104.241    40.43   24.83
-133663.245   107.872     9.71   21.71
-133289.459    97.747   -27.09   25.14
-132915.603    78.288   -52.04   21.02
-132541.679    66.759   -30.83    9.65
-132167.685    64.700    -5.50    6.18
-131793.621    66.826     5.68    7.29
-131419.489    72.382    14.85    8.82
-131045.287    80.253    21.03   12.55
-130671.016    90.653    27.78   16.04
-130296.676    97.143    17.33   15.45
-129922.266    97.850     1.89   14.34
-129547.787    96.960    -2.38   14.22
-129173.238    95.904    -2.82   16.66
-128798.620    97.072     3.12   17.91
-128423.932    96.741    -0.88   16.29
-128049.174    94.265    -6.61   10.96
-127674.347    95.567     3.47    9.23
-127299.450    98.610     8.12   11.08
-126924.484    98.723     0.30   14.42
-126549.447    95.216    -9.35   17.41
-126174.341    83.907   -30.14   19.54
-125799.165    71.033   -34.31   15.52
-125423.920    61.811   -24.57   13.73
-125048.604    59.177    -7.02   13.52
-124673.218    59.217     0.11   15.91
-124297.762    60.151     2.49   17.77
-123922.237    58.323    -4.87   18.45
-123546.641    50.100   -21.89   19.87
-123170.975    41.538   -22.79   17.97
-122795.239    36.377   -13.74   12.48
-122419.433    38.771     6.37   15.34
-122043.556    41.915     8.36   16.49
-121667.609    43.888     5.25   14.10
-121291.592    46.726     7.55   14.38
-120915.505    49.135     6.40   16.03
-120539.347    48.409    -1.93   17.60
-120163.119    41.853   -17.42   17.16
-119786.820    32.450   -24.99    9.92
-119410.451    30.384    -5.49    6.14
-119034.011    33.106     7.23    8.29
-118657.501    36.598     9.27   10.30
-118280.920    42.180    14.82   10.80
-117904.268    48.488    16.75   12.52
-117527.546    57.096    22.85   14.92
-117150.753    65.086    21.20   15.20
-116773.889    70.288    13.80   11.81
-116396.954    65.903   -11.63   15.23
-116019.949    54.421   -30.45   19.58
-115642.872    41.846   -33.35   18.60
-115265.725    29.994   -31.42    8.32
-114888.507    26.048   -10.46    3.86
-114511.217    24.547    -3.98    2.23
-114133.857    22.974    -4.17    3.42
-113756.425    19.912    -8.11    5.55
-113378.922    16.499    -9.04    5.58
-113001.349    13.371    -8.29    4.11
-112623.703    11.399    -5.22    2.64
-112245.987    10.218    -3.13    1.03
-111868.199     9.758    -1.22    0.50
-111490.340     9.419    -0.90    0.59
-111112.410     9.040    -1.00    0.57
-110734.408     8.683    -0.94    0.68
-110356.335     8.376    -0.81    0.72
-109978.190     8.137    -0.63    0.68
-109599.974     8.072    -0.17    0.61
-109221.686     8.088     0.04    0.64
-108843.326     8.195     0.28    0.73
-108464.895     8.300     0.28    0.75
-108086.392     8.277    -0.06    0.79
-107707.817     8.276    -0.00    0.80
-107329.171     8.241    -0.09    0.87
-106950.453     8.228    -0.03    0.86
-106571.662     8.229     0.00    0.73
-106192.800     8.312     0.22    0.60
-105813.866     8.606     0.78    0.61
-105434.860     8.911     0.81    0.67
-105055.782     9.265     0.93    0.60
-104676.632     9.437     0.46    0.44
-104297.410     9.416    -0.06    0.47
-103918.115     9.302    -0.30    0.60
-103538.749     9.174    -0.34    0.77
-103159.310     8.657    -1.36    1.78
-102779.799     7.148    -3.98    3.39
-102400.215     4.722    -6.39    4.58
-102020.560     3.046    -4.41    4.48
-101640.831     1.691    -3.57    4.02
-101261.031     0.629    -2.80    3.45
-100881.158    -0.711    -3.53    2.54
-100501.212    -2.116    -3.70    2.08
-100121.194    -3.503    -3.65    1.71
 -99741.103    -4.438    -2.46    1.42
 -99360.940    -5.200    -2.00    0.88
 -98980.703    -5.582    -1.01    0.48
 -98605.056    -5.735    -0.41    0.00
 -98238.657    -5.820    -0.23    0.28
 -97872.192    -5.854    -0.09    0.33
 -97505.659    -5.747     0.29    0.78
 -97139.060    -3.531     6.04    7.84
 -96772.394     0.441    10.83   13.78
 -96405.661     5.311    13.28   17.91
 -96038.861     4.943    -1.00   16.13
 -95671.994     2.024    -7.96   10.68
 -95305.060     0.997    -2.80    7.86
 -94938.059     1.635     1.74    9.93
 -94570.991     2.312     1.84    9.58
 -94203.855     2.480     0.46    7.99
 -93836.652     2.169    -0.85    5.39
 -93469.382     2.388     0.60    4.28
 -93102.045     3.009     1.69    3.63
 -92734.641     3.555     1.49    3.01
 -92367.169     3.806     0.68    2.36
 -91999.630     3.228    -1.57    2.28
 -91632.023     2.207    -2.78    2.52
 -91264.349     1.491    -1.95    2.50
 -90896.607     0.807    -1.86    2.32
 -90528.798     0.735    -0.19    2.14
 -90160.921     0.782     0.13    1.77
 -89792.977     1.069     0.78    1.38
 -89424.965     1.033    -0.10    1.07
 -89056.885     0.888    -0.39    0.96
 -88688.737     0.734    -0.42    0.88
 -88320.522     0.753     0.05    0.81
 -87952.239     0.990     0.64    0.86
 -87583.888     1.532     1.47    0.95
 -87215.470     2.127     1.62    1.04
 -86846.983     2.735     1.65    1.02
 -86478.428     3.425     1.87    1.07
 -86109.806     4.092     1.81    1.09
 -85741.115     4.771     1.84    1.06
 -85372.356     5.429     1.79    1.04
 -85003.530     5.891     1.25    0.96
 -84634.635     5.962     0.19    1.01
 -84265.672     5.846    -0.32    1.05
 -83896.640     5.578    -0.73    0.96
 -83527.541     5.300    -0.75    0.83
 -83158.373     5.148    -0.41    0.85
 -82789.137     5.041    -0.29    0.85
 -82419.832     4.795    -0.67    0.87
 -82050.459     4.602    -0.52    0.89
 -81681.018     4.313    -0.78    0.82
 -81311.508     4.046    -0.72    0.87
 -80941.930     3.819    -0.62    0.86
 -80572.283     3.625    -0.52    0.82
 -80202.567     3.440    -0.50    0.85
 -79832.783     3.518     0.21    0.77
 -79462.930     3.734     0.58    0.85
 -79093.009     4.159     1.15    0.77
 -78723.018     4.561     1.09    0.73
 -78352.959     4.931     1.00    0.84
 -77982.831     4.944     0.03    1.21
 -77612.635     4.753    -0.51    1.47
 -77242.369     4.705    -0.13    1.58
 -76872.035     4.518    -0.51    1.60
 -76501.631     4.435    -0.22    1.70
 -76131.158     4.800     0.98    1.89
 -75760.617     5.385     1.58    2.06
 -75390.006     6.441     2.85    1.77
 -75019.326     7.206     2.06    1.08
 -74648.577     7.683     1.29    0.54
 -74277.759     7.855     0.46    0.56
 -73906.871     7.890     0.09    0.63
 -73535.915     7.904     0.04    0.67
 -73164.889     7.783    -0.33    0.61
 -72793.793     7.621    -0.44    0.48
 -72422.628     7.567    -0.15    0.46
 -72051.394     7.626     0.16    0.48
 -71680.090     7.700     0.20    0.50
 -71308.717     7.853     0.41    0.50
 -70937.274     7.975     0.33    0.48
 -70565.762     7.974    -0.00    0.76
 -70194.180     7.939    -0.09    0.98
 -69822.528     7.816    -0.33    1.23
 -69450.807     7.650    -0.45    1.46
 -69079.015     7.586    -0.17    1.50
 -68707.154     7.570    -0.04    1.48
 -68335.224     7.540    -0.08    1.45
 -67963.223     7.503    -0.10    1.42
 -67591.152     7.311    -0.52    1.38
 -67219.012     7.178    -0.36    1.49
 -66846.801     7.079    -0.27    1.57
 -66474.521     7.092     0.04    1.67
 -66102.170     7.242     0.40    1.89
 -65729.749     7.472     0.62    2.10
 -65357.258     7.741     0.72    2.36
 -64984.697     8.215     1.27    2.78
 -64612.066     9.712     4.02    3.78
 -64239.365    11.765     5.51    4.87
 -63866.593    17.137    14.41    9.94
 -63493.750    25.515    22.47   14.81
 -63120.838    40.208    39.40   21.10
 -62747.855    51.102    29.21   16.53
 -62374.801    51.253     0.40   14.56
 -62001.677    45.777   -14.68   16.45
 -61628.483    36.076   -25.99   13.65
 -61255.218    27.827   -22.10    7.09
 -60881.882    25.674    -5.77    5.42
 -60508.476    24.677    -2.67    2.69
 -60134.999    24.713     0.10    1.22
 -59761.451    24.350    -0.97    1.48
 -59387.832    23.347    -2.68    1.27
 -59014.143    22.129    -3.26    1.89
 -58640.383    20.810    -3.53    2.55
 -58266.552    19.400    -3.77    2.93
 -57892.649    18.230    -3.13    3.10
 -57518.676    16.643    -4.24    3.43
 -57144.632    15.371    -3.40    3.32
 -56770.517    14.363    -2.69    3.29
 -56396.331    13.617    -1.99    2.75
 -56022.073    13.413    -0.55    2.28
 -55647.745    13.609     0.53    1.89
 -55273.345    14.070     1.23    1.64
 -54898.874    14.888     2.19    1.81
 -54524.331    15.561     1.80    1.85
 -54149.718    16.299     1.97    1.90
 -53775.032    17.167     2.32    1.76
 -53400.276    18.185     2.72    1.80
 -53025.448    19.313     3.01    1.60
 -52650.548    20.547     3.29    1.67
 -52275.577    21.911     3.64    1.56
 -51900.535    23.117     3.22    1.61
 -51525.420    24.167     2.80    1.01
 -51150.234    24.736     1.52    1.00
 -50774.977    24.899     0.43    1.46
 -50399.647    24.951     0.14    2.16
 -50024.246    25.746     2.12    3.81
 -49648.773    28.563     7.50    6.61
 -49273.228    30.400     4.89    6.99
 -48897.611    30.805     1.08    6.39
 -48521.922    30.598    -0.55    5.85
 -48146.161    31.023     1.13    5.67
 -47770.329    33.120     5.58    5.49
 -47394.424    33.966     2.25    5.26
 -47018.447    32.228    -4.62    6.30
 -46642.397    29.552    -7.12    5.30
 -46266.276    28.084    -3.90    3.41
 -45890.082    28.598     1.37    2.89
 -45513.816    30.076     3.93    2.38
 -45137.478    31.127     2.79    2.42
 -44761.067    32.120     2.64    3.48
 -44384.584    32.590     1.25    4.35
 -44008.029    32.759     0.45    5.13
 -43631.401    31.718    -2.76    5.83
 -43254.700    30.625    -2.90    5.64
 -42877.927    30.962     0.89    5.84
 -42501.081    30.977     0.04    5.37
 -42124.163    31.742     2.03    5.61
 -41747.172    32.253     1.36    6.33
 -41370.108    30.912    -3.56    5.93
 -40992.971    30.321    -1.57    4.64
 -40615.761    29.503    -2.17    3.09
 -40238.479    28.741    -2.02    2.75
 -39861.124    27.753    -2.62    2.57
 -39483.696    26.218    -4.07    1.54
 -39106.194    25.555    -1.76    0.63
 -38728.620    25.367    -0.50    0.43
 -38350.973    25.301    -0.18    0.24
 -37973.252    25.265    -0.10    0.00
 -37595.459    25.265     0.00    0.00
 -37217.592    25.276     0.03    0.11
 -36839.652    25.433     0.42    0.56
 -36461.638    25.989     1.47    1.17
 -36083.551    26.423     1.15    1.53
 -35705.391    26.685     0.69    1.85
 -35327.158    26.923     0.63    2.23
 -34948.851    27.253     0.87    3.02
 -34570.470    28.697     3.82    4.26
 -34192.016    31.173     6.54    5.46
 -33813.488    33.655     6.56    5.78
 -33434.887    35.628     5.21    5.66
 -33056.212    38.015     6.30    5.54
 -32677.464    40.060     5.40    6.19
 -32298.641    42.625     6.77    6.14
 -31919.745    44.637     5.31    5.82
 -31540.775    46.518     4.96    4.91
 -31161.731    48.503     5.24    5.63
 -30782.613    52.443    10.39    9.22
 -30403.421    58.414    15.75   14.51
 -30024.155    66.446    21.18   19.63
 -29644.815    76.951    27.69   24.40
 -29265.401    82.701    15.15   25.65
 -28885.913    81.206    -3.94   23.84
 -28506.350    72.805   -22.13   22.47
 -28126.714    61.205   -30.55   14.10
 -27747.003    52.414   -23.15    7.43
 -27367.218    47.313   -13.43    6.92
 -26987.358    44.435    -7.58    5.86
 -26607.424    43.521    -2.41    6.48
 -26227.415    45.552     5.35    7.29
 -25847.332    45.118    -1.14    7.94
 -25467.175    41.083   -10.62    9.60
 -25086.943    36.407   -12.30    8.47
 -24706.636    33.334    -8.08    6.76
 -24326.255    31.301    -5.34    6.47
 -23946.145    30.788    -1.35    6.57
 -23579.960    30.904     0.32    6.10
 -23213.706    32.265     3.71    6.04
 -22847.384    33.777     4.13    6.30
 -22480.994    31.412    -6.45    8.76
 -22114.535    25.301   -16.68   11.36
 -21748.007    17.810   -20.44   10.81
 -21381.411    11.180   -18.08    5.84
 -21014.746     8.208    -8.11    1.08
 -20648.013     7.474    -2.00    0.95
 -20281.210     6.648    -2.25    0.88
 -19914.339     5.747    -2.46    1.22
 -19547.399     4.503    -3.39    1.74
 -19180.391     3.076    -3.89    2.21
 -18813.313     1.161    -5.22    2.45
 -18446.166    -0.599    -4.79    2.43
 -18078.951    -2.241    -4.47    2.09
 -17711.666    -3.333    -2.97    1.59
 -17344.313    -4.150    -2.22    0.97
 -16976.890    -4.547    -1.08    0.48
 -16609.398    -4.624    -0.21    0.32
 -16241.837    -4.517     0.29    0.42
 -15874.207    -4.312     0.56    0.50
 -15506.507    -3.838     1.29    0.79
 -15138.738    -3.324     1.40    0.85
 -14770.900    -2.863     1.25    0.79
 -14402.993    -2.609     0.69    0.90
 -14035.016    -2.628    -0.05    0.89
 -13666.970    -2.815    -0.51    0.89
 -13298.854    -3.057    -0.66    0.78
 -12930.669    -3.345    -0.78    0.60
 -12562.414    -3.582    -0.65    0.36
 -12194.089    -3.701    -0.32    0.18
 -11825.695    -3.735    -0.09    0.00
 -11457.231    -3.724     0.03    0.11
 -11088.698    -3.699     0.07    0.19
 -10720.095    -3.679     0.06    0.28
 -10351.421    -3.637     0.11    0.37
  -9982.679    -3.655    -0.05    0.35
  -9613.866    -3.640     0.04    0.37
  -9244.983    -3.735    -0.26    0.37
  -8876.030    -3.771    -0.10    0.55
  -8507.008    -3.667     0.28    0.74
  -8137.915    -3.551     0.31    0.83
  -7768.752    -3.418     0.36    0.80
  -7399.519    -3.304     0.31    0.71
  -7030.216    -3.194     0.30    0.57
  -6660.843    -3.156     0.10    0.50
  -6291.400    -3.003     0.41    0.45
  -5921.886    -2.977     0.07    0.43
  -5552.302    -3.041    -0.17    0.46
  -5182.648    -3.247    -0.56    0.50
  -4812.923    -3.518    -0.74    0.41
  -4443.128    -3.691    -0.47    0.21
  -4073.262    -3.783    -0.25    0.21
  -3703.326    -3.985    -0.55    0.44
  -3333.319    -4.235    -0.68    0.50
  -2963.242    -4.474    -0.64    0.44
  -2593.094    -4.698    -0.61    0.19
  -2222.875    -4.804    -0.29    0.25
  -1852.586    -4.959    -0.42    0.42
  -1482.225    -5.179    -0.59    0.50
  -1111.794    -5.394    -0.58    0.48
   -741.293    -5.620    -0.61    0.32
   -370.720    -5.677    -0.15    0.32
     -0.077    -2.375     8.91   12.79
    370.638    21.549    64.53   51.07
    741.424    59.029   101.08   72.77
   1112.280    98.441   106.27   70.52
   1483.208   125.299    72.41   51.46
   1854.206   131.032    15.45   47.67
   2225.276   105.844   -67.88   49.50
   2596.418    97.049   -23.70   46.72
   2967.630   108.800    31.66   52.23
   3338.914   134.060    68.03   59.14
   3710.268   153.486    52.31   53.14
   4081.695   172.174    50.31   39.44
   4453.193   179.907    20.82   29.83
   4824.762   182.651     7.38   21.62
   5196.402   183.574     2.48   18.88
   5568.115   176.831   -18.14   21.44
   5939.898   164.679   -32.69   26.73
   6311.754   143.501   -56.95   37.59
   6683.681   122.972   -55.20   41.49
   7055.680   101.334   -58.17   29.92
   7427.750    92.765   -23.03   16.19
   7799.892    98.540    15.52   20.79
   8172.106   116.192    47.42   30.50
   8544.392   150.197    91.34   49.81
   8916.750   187.289    99.61   57.12
   9289.180   211.458    64.90   58.65
   9661.682   213.629     5.83   69.25
  10034.255   188.833   -66.56   73.83
  10406.901   160.467   -76.12   56.10
  10779.619   148.424   -32.31   33.85
  11152.409   155.346    18.57   36.81
  11525.271   186.208    82.77   55.96
  11898.206   234.088   128.39   59.97
  12271.213   270.731    98.24   53.88
  12644.292   290.276    52.39   48.55
  13017.443   308.380    48.52   49.67
  13390.667   322.621    38.16   43.97
  13763.964   329.323    17.95   47.42
  14137.332   333.058    10.00   56.80
  14510.774   316.003   -45.67   67.48
  14884.288   306.701   -24.90   77.46
  15257.874   286.377   -54.40   85.12
  15631.533   265.997   -54.54   78.62
  16005.265   261.590   -11.79   73.46
  16379.070   257.583   -10.72   68.48
  16752.947   243.718   -37.08   75.68
  17126.897   231.961   -31.44   75.28
  17500.920   209.776   -59.32   67.05
  17875.016   190.583   -51.31   61.83
  18249.185   171.242   -51.69   48.51
  18623.427   167.219   -10.75   44.19
  18997.742   181.321    37.68   60.51
  19372.130   209.060    74.09   71.75
  19746.591   250.776   111.40   76.70
  20121.125   269.253    49.34   69.13
  20495.733   248.823   -54.54   97.29
  20870.413   191.568  -152.81  111.63
  21245.167   126.696  -173.11   76.98
  21619.995    92.598   -90.97   33.32
  21994.895    94.927     6.21   26.74
  22369.869   118.104    61.81   40.59
  22744.917   158.503   107.72   52.31
  23120.038   196.939   102.46   57.69
  23495.233   240.713   116.67   56.80
  23870.501   263.287    60.16   61.49
  24245.843   259.696    -9.57   71.44
  24621.258   243.094   -44.22   74.17
  24996.747   230.731   -32.93   62.69
  25372.310   239.346    22.94   62.65
  25747.947   275.023    94.98   77.27
  26123.658   338.435   168.78   89.82
  26499.442   401.799   168.62   79.86
  26875.301   428.523    71.10   66.04
  27251.233   426.724    -4.78   64.17
  27627.240   410.141   -44.10   65.12
  28003.320   381.867   -75.18   58.92
  28379.475   362.003   -52.81   67.32
  28755.704   340.972   -55.90   73.31
  29132.007   322.150   -50.02   75.00
  29508.384   293.602   -75.85   68.38
  29884.835   267.765   -68.63   69.48
  30261.361   230.793   -98.19   64.85
  30637.961   204.969   -68.57   59.53
  31014.636   175.023   -79.50   41.26
  31391.385   166.594   -22.37   37.46
  31768.208   171.606    13.30   53.38
  32145.106   177.242    14.95   61.83
  32522.079   170.498   -17.89   53.62
  32899.126   172.299     4.78   45.38
  33276.248   207.026    92.09   83.79
  33653.445   267.345   159.92  100.59
  34030.717   336.003   181.99   81.92
  34408.063   384.102   127.47   63.53
  34785.484   399.984    42.08   62.11
  35162.980   398.962    -2.71   67.86
  35540.551   410.164    29.67   84.26
  35918.197   409.718    -1.18   90.36
  36295.918   435.781    69.00   87.62
  36673.714   485.265   130.98   91.83
  37051.585   514.847    78.29   87.47
  37429.531   538.674    63.05   75.94
  37807.553   535.322    -8.87   75.73
  38185.649   504.795   -80.74   86.44
  38563.821   451.860  -139.98   77.06
  38942.069   421.460   -80.37   70.60
  39320.392   412.151   -24.61   62.64
  39698.790   417.777    14.87   57.30
  40077.263   437.792    52.89   58.27
  40455.813   471.372    88.71   72.87
  40834.437   506.298    92.25   74.16
  41213.138   533.853    72.76   68.06
  41591.914   530.130    -9.83   75.65
  41970.765   502.230   -73.65   77.81
  42349.693   468.961   -87.80   68.59
  42728.696   436.520   -85.60   60.48
  43107.775   401.231   -93.10   54.67
  43486.930   367.598   -88.71   41.89
  43866.161   362.399   -13.71   42.08
  44245.468   381.931    51.50   69.50
  44624.851   416.020    89.86   95.75
  45004.310   451.946    94.68   90.33
  45383.845   474.640    59.79   64.29
  45763.456   477.017     6.26   55.17
  46143.143   464.117   -33.98   60.60
  46522.907   443.909   -53.21   59.96
  46902.746   425.357   -48.84   63.50
  47282.663   398.210   -71.46   59.60
  47662.655   370.391   -73.21   50.27
  48042.724   336.776   -88.45   40.76
  48422.870   309.094   -72.82   33.73
  48803.092   281.388   -72.87   30.90
  49183.390   257.361   -63.18   21.64
  49563.765   251.537   -15.31   25.67
  49944.217   279.991    74.79   67.22
  50324.746   334.473   143.18   91.16
  50705.351   394.194   156.92   74.29
  51075.622   447.276   143.36   53.77
  51441.657   482.550    96.37   44.97
  51807.762   498.520    43.62   37.21
  52173.938   498.253    -0.73   45.10
  52540.183   475.821   -61.25   58.78
  52906.499   441.816   -92.83   57.65
  53272.885   407.380   -93.99   44.02
  53639.342   387.613   -53.94   29.46
  54005.869   375.106   -34.13   22.18
  54372.466   373.781    -3.61   27.02
  54739.134   380.753    19.01   32.94
  55105.872   385.130    11.93   33.91
  55472.681   379.759   -14.64   39.63
  55839.560   352.242   -75.01   51.39
  56206.510   321.819   -82.91   45.35
  56573.531   310.031   -32.12   37.49
  56940.622   321.816    32.11   53.30
  57307.784   353.542    86.41   63.61
  57675.017   381.364    75.76   47.02
  58042.321   388.017    18.12   38.51
  58409.696   372.609   -41.94   44.13
  58777.141   341.460   -84.78   36.09
  59144.658   313.961   -74.83   32.65
  59512.245   294.515   -52.91   31.58
  59879.903   286.209   -22.59   24.79
  60247.633   289.086     7.82   25.79
  60615.434   319.387    82.39   40.27
  60983.305   351.896    88.37   40.61
  61351.248   388.343    99.06   57.21
  61719.263   423.323    95.06   63.29
  62087.348   456.276    89.53   66.04
  62455.505   474.701    50.05   59.05
  62823.733   488.141    36.50   43.10
  63192.033   480.469   -20.83   40.75
  63560.404   464.037   -44.61   43.77
  63928.846   438.905   -68.22   40.98
  64297.360   420.885   -48.90   33.23
  64665.946   426.242    14.53   39.69
  65034.603   449.147    62.13   51.46
  65403.332   483.958    94.41   53.39
  65772.133   508.157    65.62   48.91
  66141.005   526.709    50.30   36.22
  66509.949   536.467    26.45   31.70
  66878.965   533.353    -8.44   36.70
  67248.053   523.583   -26.47   37.84
  67617.212   508.887   -39.81   37.82
  67986.444   493.897   -40.60   44.22
  68355.748   458.793   -95.06   61.38
  68725.123   423.026   -96.84   57.25
  69094.571   400.031   -62.24   44.08
  69464.091   384.442   -42.19   45.60
  69833.683   371.286   -35.60   46.05
  70203.347   352.354   -51.22   43.21
  70573.083   339.920   -33.63   38.29
  70942.892   332.454   -20.19   38.78
  71312.773   332.439    -0.04   44.46
  71682.726   346.096    36.92   56.03
  72052.752   345.084    -2.74   65.61
  72422.850   333.647   -30.90   75.29
  72793.020   302.265   -84.78   77.84
  73163.264   265.602   -99.03   54.09
  73533.579   248.520   -46.13   31.77
  73903.968   253.265    12.81   29.45
  74274.429   279.708    71.38   47.77
  74644.962   314.342    93.48   57.77
  75015.569   346.942    87.97   53.92
  75386.248   364.465    47.27   38.68
  75757.000   355.231   -24.91   39.46
  76127.825   324.388   -83.18   46.75
  76498.723   295.883   -76.86   52.85
  76869.694   271.731   -65.11   48.32
  77240.738   256.020   -42.34   33.80
  77611.855   267.365    30.57   51.54
  77983.044   296.398    78.22   64.50
  78354.308   322.674    70.78   64.99
  78725.644   342.869    54.39   70.81
  79097.053   352.184    25.08   76.18
  79468.536   342.431   -26.26   72.21
  79840.092   330.872   -31.11   65.44
  80211.721   318.388   -33.59   49.83
  80583.424   316.169    -5.97   42.75
  80955.200   325.939    26.28   47.86
  81327.050   339.693    36.99   46.10
  81698.973   339.987     0.79   41.16
  82070.970   347.800    21.00   39.06
  82443.040   370.528    61.09   45.43
  82815.184   402.583    86.14   45.44
  83187.402   428.682    70.12   45.88
  83559.693   461.557    88.31   46.33
  83932.058   480.898    51.94   42.83
  84304.497   491.836    29.37   38.42
  84677.010   506.054    38.17   37.33
  85049.597   523.856    47.78   41.15
  85422.257   550.546    71.62   44.36
  85794.992   557.503    18.67   40.07
  86167.801   557.831     0.88   42.82
  86540.684   546.642   -30.01   50.81
  86913.640   514.469   -86.27   46.35
  87286.672   495.320   -51.34   38.85
  87659.777   490.748   -12.25   34.34
  88032.956   487.880    -7.69   39.06
  88406.210   484.924    -7.92   41.62
  88779.538   465.287   -52.60   44.42
  89152.941   426.518  -103.83   41.67
  89526.418   399.320   -72.83   38.80
  89899.970   389.688   -25.79   34.52
  90273.596   402.062    33.12   44.57
  90647.296   424.359    59.67   44.30
  91021.071   441.928    47.01   35.47
  91394.921   455.994    37.63   44.15
  91768.846   461.177    13.86   47.44
  92142.845   474.829    36.51   46.39
  92516.919   494.440    52.43   49.65
  92891.068   498.527    10.92   42.69
  93265.292   494.504   -10.75   44.09
  93639.591   468.102   -70.54   53.76
  94013.964   434.862   -88.79   44.67
  94388.413   425.497   -25.01   45.89
  94762.937   420.319   -13.83   53.27
  95137.535   420.800     1.29   57.33
  95512.209   430.133    24.91   50.53
  95886.959   434.669    12.11   41.31
  96261.783   451.852    45.84   45.22
  96636.683   462.646    28.79   44.33
  97011.658   455.520   -19.00   44.68
  97386.708   452.146    -9.00   47.09
  97761.834   424.602   -73.43   54.38
  98137.035   402.346   -59.32   46.16
  98512.312   397.231   -13.63   34.82
  98887.664   405.660    22.46   35.78
  99263.092   426.678    55.99   39.02
  99638.595   450.023    62.18   35.73
 100014.175   469.814    52.70   34.24
 100389.830   481.540    31.22   31.63
 100765.560   480.352    -3.16   32.47
 101141.367   477.489    -7.62   37.46
 101517.249   460.221   -45.94   43.22
 101893.208   448.220   -31.92   41.77
 102269.242   440.825   -19.67   44.80
 102645.352   446.478    15.03   45.65
 103021.538   454.155    20.41   46.97
 103397.801   465.399    29.89   48.21
 103774.139   481.364    42.42   39.31
 104150.554   495.150    36.63   34.54
 104527.045   494.667    -1.28   39.38
 104903.612   493.765    -2.40   45.47
 105280.256   491.087    -7.11   48.33
 105656.976   489.939    -3.05   44.71
 106033.772   485.062   -12.94   39.92
 106410.645   474.369   -28.38   38.76
 106787.594   464.387   -26.48   35.49
 107164.620   463.683    -1.87   31.45
 107541.723   470.276    17.48   33.17
 107918.902   479.816    25.30   31.85
 108296.158   491.612    31.27   33.25
 108673.490   495.079     9.19   30.42
 109050.900   514.133    50.49   34.85
 109428.386   529.747    41.37   37.88
 109805.949   540.569    28.67   39.05
 110183.589   555.706    40.09   39.08
 110561.306   536.417   -51.07   49.83
 110939.100   517.125   -51.07   48.79
 111316.971   504.765   -32.71   50.45
 111694.919   495.544   -24.40   49.32
 112072.944   478.297   -45.63   49.29
 112451.047   464.172   -37.36   39.81
 112829.226   470.406    16.49   39.87
 113207.484   474.753    11.49   38.01
 113585.818   470.243   -11.92   44.18
 113964.230   450.253   -52.83   60.57
 114342.719   404.308  -121.40   64.25
 114721.286   360.241  -116.41   49.69
 115099.930   324.598   -94.14   43.94
 115478.652   301.067   -62.14   33.12
 115857.451   301.242     0.46   39.24
 116236.328   320.137    49.87   58.44
 116615.283   346.309    69.07   60.46
 116994.316   363.719    45.94   43.89
 117373.426   361.067    -7.00   37.86
 117752.614   335.924   -66.31   36.96
 118131.881   312.309   -62.27   32.97
 118511.225   285.391   -70.96   32.85
 118890.647   265.187   -53.25   32.53
 119270.147   242.662   -59.36   29.96
 119649.725   224.825   -47.00   27.81
 120029.382   208.478   -43.06   23.64
 120409.117   202.631   -15.40   22.26
 120788.929   208.998    16.76   29.03
 121168.821   224.590    41.05   38.14
 121548.790   250.242    67.52   48.75
 121928.838   278.583    74.58   55.02
 122308.964   312.111    88.21   50.01
 122689.169   332.299    53.10   41.20
 123069.453   333.243     2.48   43.19
 123449.815   332.662    -1.53   40.73
 123830.255   332.887     0.59   33.75
 124210.774   341.439    22.48   28.48
 124591.372   354.609    34.61   19.15
 124972.049   354.029    -1.52   20.56
 125352.805   337.080   -44.52   31.12
 125727.889   308.806   -75.39   35.85
 126093.700   277.362   -85.96   38.29
 126459.584   249.557   -76.00   33.99
 126825.540   228.699   -57.00   26.53
 127191.567   216.142   -34.31   17.36
 127557.667   210.981   -14.10   14.50
 127923.838   210.232    -2.04   17.58
 128290.082   212.140     5.21   23.58
 128656.397   213.634     4.08   29.12
 129022.785   213.346    -0.79   32.74
 129389.245   207.765   -15.23   32.52
 129755.777   198.695   -24.75   30.58
 130122.381   184.627   -38.38   26.38
 130489.058   171.549   -35.67   22.36
 130855.807   157.036   -39.57   18.86
 131222.628   145.631   -31.09   15.38
 131589.522   137.964   -20.90   13.81
 131956.488   147.704    26.55   31.33
 132323.527   171.398    64.56   47.76
 132690.638   197.243    70.41   46.67
 133057.822   220.567    63.53   27.26
 133425.078   228.102    20.52   29.47
 133792.407   227.242    -2.34   34.60
 134159.809   237.001    26.57   38.69
 134527.284   252.737    42.83   35.16
 134894.832   258.243    14.98   30.36
 135262.452   249.759   -23.08   34.97
 135630.145   235.534   -38.69   36.62
 135997.911   222.144   -36.41   32.40
 136365.750   217.220   -13.39   28.17
 136733.663   221.047    10.40   25.79
 137101.648   224.113     8.33   27.13
 137469.706   226.275     5.87   29.80
 137837.838   229.518     8.81   27.30
 138206.042   226.576    -7.99   20.43
 138574.320   219.576   -19.01   20.34
 138942.672   205.732   -37.59   21.21
 139311.096   193.089   -34.32   20.64
 139679.594   183.309   -26.54   21.47
 140048.165   176.726   -17.86   24.93
 140416.810   176.185    -1.47   25.77
 140785.529   177.199     2.75   23.12
 141154.320   176.916    -0.77   18.34
 141523.186   164.591   -33.42   25.93
 141892.125   143.672   -56.71   33.07
 142261.138   115.026   -77.64   34.17
 142630.224    87.474   -74.66   25.77
 142999.384    69.638   -48.32   19.39
 143368.618    68.920    -1.95   26.51
 143737.926    84.102    41.11   40.79
 144107.308   107.946    64.56   46.45
 144476.764   135.447    74.44   39.63
 144846.294   155.220    53.51   21.70
 145215.897   166.404    30.26   14.49
 145585.575   174.598    22.17    9.56
 145955.327   178.888    11.60    5.81
 146325.153   179.536     1.75    7.13
 146695.053   177.387    -5.81   11.01
 147065.028   175.167    -6.00   12.43
 147435.077   173.253    -5.17   12.86
 147805.200   173.123    -0.35   10.79
 148175.398   172.334    -2.13    9.13
 148545.670   167.939   -11.87    8.99
 148916.016   161.765   -16.67   10.42
 149286.437   148.093   -36.91   17.55
 149656.932   137.023   -29.88   17.87
 150027.503   133.232   -10.23   18.97
 150398.147   135.007     4.79   22.62
 150768.867   142.498    20.21   21.53
 151139.661   143.949     3.91   16.99
 151510.530   138.549   -14.56   17.31
 151881.474   135.856    -7.26   16.91
 152252.493   139.799    10.63   19.30
 152623.586   151.232    30.81   16.11
 152994.755   160.563    25.14    4.78
 153365.999   162.623     5.55    1.60
 153737.317   162.759     0.37    1.35
 154108.711   162.634    -0.34    1.17
 154480.180   162.288    -0.93    1.26
 154851.724   161.428    -2.32    1.60
 155223.343   159.506    -5.17    3.03
 155595.038   156.802    -7.27    4.72
 155966.808   153.742    -8.23    5.36
 156338.653   150.330    -9.18    4.78
 156710.574   148.026    -6.20    3.48
 157082.570   146.426    -4.30    3.52
 157454.642   143.640    -7.49    5.04
 157826.789   137.699   -15.96    9.28
 158199.012   130.387   -19.65   10.90
 158571.310   120.232   -27.28   11.88
 158943.685   111.031   -24.71   11.55
 159316.134   103.157   -21.14   11.40
 159688.660    96.417   -18.10   11.20
 160061.262    88.572   -21.06   13.76
 160433.939    81.222   -19.73   17.01
 160806.692    73.155   -21.65   17.53
 161179.522    66.591   -17.61   16.92
 161552.427    61.414   -13.88   14.06
 161925.408    68.395    18.72   20.42
 162298.466    78.706    27.64   26.15
 162671.599    91.178    33.43   26.08
 163044.809   102.590    30.58   21.13
 163418.095   111.471    23.79   16.66
 163791.458   116.916    14.58   15.48
 164164.896   124.091    19.22   14.98
 164538.411   130.781    17.92   13.00
 164912.003   137.392    17.70   10.58
 165285.671   143.165    15.45    8.46
 165659.415   150.308    19.11    7.72
 166033.236   156.765    17.28    8.11
 166407.134   163.091    16.92    8.33
 166781.108   167.544    11.91    6.61
 167155.159   169.786     6.00    6.16
 167529.287   169.895     0.29    8.63
 167903.492   169.819    -0.20   10.04
 168277.773   168.297    -4.07   10.26
 168652.131   159.732   -22.88   22.71
 169026.567   144.612   -40.38   33.74
 169401.079   121.406   -61.97   38.37
 169775.668   113.091   -22.20   36.95
 170150.334   106.041   -18.82   36.69
 170525.078   112.406    16.99   40.22
 170899.899   131.656    51.36   38.63
 171274.797   145.928    38.07   38.31
 171649.772   171.862    69.17   25.40
 172024.824   187.576    41.90   14.51
 172399.954   198.187    28.29   10.06
 172775.161   205.563    19.66    8.65
 173150.446   212.165    17.59    8.69
 173525.808   218.297    16.34   10.17
 173901.248   225.787    19.95    9.92
 174276.765   231.372    14.88    9.29
 174652.360   236.115    12.63    8.55
 175028.033   239.743     9.66    8.93
 175403.784   242.943     8.52    7.74
 175779.612   242.939    -0.01    9.59
 176155.518   238.951   -10.61   16.01
 176531.502   232.985   -15.87   21.17
 176907.564   230.518    -6.56   20.91
 177283.704   234.351    10.19   18.56
 177659.922   239.621    14.01   15.22
 178036.218   239.146    -1.26   15.94
 178412.592   241.506     6.27   14.64
 178789.044   246.738    13.90   15.26
 179165.575   256.219    25.18   14.26
 179542.184   266.039    26.08   14.37
 179918.871   276.401    27.51    9.56
 180295.636   283.630    19.19    8.25
 180672.480   288.083    11.82    8.38
 181049.403   290.619     6.73    9.53
 181426.404   291.092     1.25   10.25
 181803.483   288.935    -5.72   12.14
 182180.641   277.481   -30.37   27.88
 182557.878   255.896   -57.22   39.15
 182935.194   243.946   -31.67   38.17
 183312.588   246.370     6.42   38.78
 183690.061   262.867    43.71   39.92
 184067.613   285.598    60.21   27.70
 184445.243   298.862    35.13   10.11
 184822.953   300.426     4.14    8.20
 185200.742   296.606   -10.11    9.82
 185578.610   291.727   -12.91    8.88
 185956.557   288.821    -7.69   10.25
 186334.583   285.898    -7.73   10.74
