-276333.560     3.042     0.00    0.29
-275962.925     3.000    -0.11    0.18
-275592.230     3.026     0.07    0.16
-275221.476     3.027     0.00    0.33
-274850.663     3.067     0.11    0.45
-274479.791     3.096     0.08    0.48
-274108.860     3.110     0.04    0.49
-273737.870     3.240     0.35    0.49
-273366.820     3.230    -0.03    0.42
-272995.711     3.253     0.06    0.44
-272624.542     3.132    -0.33    0.34
-272253.315     3.053    -0.21    0.23
-271882.028     3.013    -0.11    0.11
-271510.681     2.973    -0.11    0.28
-271139.275     2.760    -0.57    0.69
-270767.810     2.640    -0.32    0.85
-270396.285     2.432    -0.56    1.03
-270024.700     2.338    -0.25    1.02
-269653.056     2.324    -0.04    0.86
-269281.353     2.224    -0.27    0.70
-268909.590     2.133    -0.24    0.62
-268537.767     2.171     0.10    0.38
-268165.884     2.149    -0.06    0.36
-267793.942     2.093    -0.15    0.29
-267421.940     2.041    -0.14    0.26
-267049.878     2.000    -0.11    0.00
-266677.757     2.000     0.00    0.00
-266305.575     2.000     0.00    0.00
-265933.334     2.000     0.00    0.00
-265561.033     1.880    -0.32    0.33
-265188.672     1.658    -0.60    0.48
-264816.251     1.373    -0.76    0.49
-264443.770     1.111    -0.70    0.32
-264071.229     1.000    -0.30    0.00
-263698.628     1.000     0.00    0.00
-263325.967     0.897    -0.28    0.31
-262953.246     0.792    -0.28    0.41
-262580.465     0.671    -0.32    0.47
-262207.624     0.569    -0.27    0.50
-261834.722     0.427    -0.38    0.50
-261461.761     0.301    -0.34    0.46
-261088.739     0.147    -0.41    0.36
-260715.657     0.014    -0.36    0.12
-260342.514     0.000    -0.04    0.00
-259969.311     0.000     0.00    0.00
-259596.048     0.000     0.00    0.00
-259222.725     0.000     0.00    0.00
-258849.341     0.000     0.00    0.00
-258475.896     0.000     0.00    0.00
-258102.392     0.000     0.00    0.00
-257728.826     0.000     0.00    0.00
-257355.200     0.000     0.00    0.00
-256981.514     0.000     0.00    0.00
-256607.767     0.000     0.00    0.00
-256233.959     0.038     0.10    0.19
-255860.091     0.107     0.18    0.31
-255486.162     0.160     0.14    0.37
-255112.172     0.219     0.16    0.42
-254738.122     0.289     0.19    0.46
-254364.010     0.329     0.10    0.47
-253989.838     0.320    -0.02    0.47
-253615.606     0.271    -0.13    0.45
-253241.312     0.171    -0.27    0.38
-252866.957     0.125    -0.12    0.33
-252492.542     0.276     0.40    0.45
-252118.065     0.466     0.51    0.50
-251743.528     0.654     0.50    0.48
-251368.929     0.851     0.53    0.36
-250994.270     0.922     0.19    0.27
-250619.549     1.000     0.21    0.00
-250244.767     0.961    -0.11    0.20
-249869.925     0.776    -0.49    0.42
-249495.021     0.671    -0.28    0.47
-249120.055     0.658    -0.04    0.48
-248745.029     0.689     0.08    0.47
-248369.941     0.932     0.65    0.45
-247994.792     1.270     0.90    0.45
-247619.582     1.840     1.52    0.96
-247244.310     2.479     1.70    1.07
-246868.977     3.147     1.78    0.88
-246493.583     3.542     1.05    0.56
-246118.127     3.646     0.28    0.48
-245742.610     3.722     0.20    0.45
-245367.031     3.837     0.31    0.37
-244991.391     3.904     0.18    0.30
-244615.689     3.962     0.15    0.19
-244239.925     4.000     0.10    0.00
-243864.100     4.026     0.07    0.16
-243488.213     4.053     0.07    0.32
-243112.265     4.079     0.07    0.51
-242736.255     4.093     0.04    0.64
-242360.183     4.040    -0.14    0.71
-241984.049     3.868    -0.46    0.75
-241607.853     3.640    -0.61    0.75
-241231.596     3.338    -0.80    0.77
-240855.277     3.041    -0.79    0.68
-240478.896     2.744    -0.79    0.73
-240102.453     2.431    -0.83    0.67
-239725.948     2.190    -0.64    0.58
-239349.381     1.972    -0.58    0.53
-238972.752     1.859    -0.30    0.57
-238596.061     1.720    -0.37    0.63
-238219.307     1.566    -0.41    0.60
-237842.492     1.480    -0.23    0.58
-237465.615     1.360    -0.32    0.51
-237088.675     1.355    -0.01    0.53
-236711.673     1.342    -0.03    0.56
-236334.609     1.355     0.03    0.60
-235957.483     1.320    -0.09    0.57
-235580.294     1.218    -0.27    0.57
-235203.043     0.919    -0.79    0.59
-234825.730     0.675    -0.65    0.59
-234448.354     0.417    -0.68    0.50
-234070.916     0.241    -0.47    0.43
-233693.415     0.082    -0.42    0.28
-233315.852     0.000    -0.22    0.00
-232938.226     0.000     0.00    0.00
-232560.538     0.000     0.00    0.00
-232182.787     0.000     0.00    0.00
-231804.974     0.000     0.00    0.00
-231427.098     0.000     0.00    0.00
-231049.159     0.000     0.00    0.00
-230671.157     0.000     0.00    0.00
-230293.093     0.000     0.00    0.00
-229914.966     0.000     0.00    0.00
-229536.776     0.000     0.00    0.00
-229158.523     0.000     0.00    0.00
-228780.208     0.000     0.00    0.00
-228401.829     0.000     0.00    0.00
-228023.388     0.000     0.00    0.00
-227644.884     0.000     0.00    0.00
-227266.316     0.117     0.31    0.32
-226887.686     0.312     0.51    0.47
-226508.992     0.605     0.78    0.49
-226130.236     1.027     1.11    0.54
-225751.416     1.468     1.16    0.60
-225372.533     1.959     1.30    0.73
-224993.587     2.620     1.74    0.82
-224614.578     3.319     1.84    0.84
-224235.506     4.175     2.26    1.04
-223856.370     5.149     2.57    1.04
-223477.171     6.282     2.99    1.70
-223097.908     8.211     5.08    2.97
-222718.582     9.506     3.42    3.13
-222339.193    10.325     2.16    3.04
-221959.740    10.427     0.27    2.97
-221580.224     9.747    -1.79    2.49
-221200.906     8.947    -2.11    1.97
-220833.547     8.065    -2.40    1.22
-220466.128     7.757    -0.84    0.81
-220098.650     7.646    -0.30    0.48
-219731.114     7.689     0.12    0.47
-219363.518     7.709     0.05    0.46
-218995.863     7.640    -0.19    0.48
-218628.148     7.679     0.11    0.47
-218260.375     7.773     0.26    0.42
-217892.542     7.934     0.44    0.25
-217524.650     8.000     0.18    0.00
-217156.699     7.960    -0.11    0.20
-216788.688     7.526    -1.18    1.14
-216420.618     7.013    -1.39    1.57
-216052.489     6.750    -0.71    1.74
-215684.300     6.618    -0.36    1.78
-215316.052     6.480    -0.38    1.84
-214947.744     6.307    -0.47    1.87
-214579.377     5.853    -1.23    1.89
-214210.951     5.273    -1.58    1.76
-213842.464     4.821    -1.23    1.51
-213473.919     4.494    -0.89    1.19
-213105.313     4.260    -0.63    0.85
-212736.648     4.103    -0.43    0.52
-212367.923     4.000    -0.28    0.00
-211999.139     4.000     0.00    0.00
-211630.294     4.000     0.00    0.00
-211261.390     3.800    -0.54    0.43
-210892.427     3.390    -1.11    0.75
-210523.403     2.813    -1.56    0.82
-210154.319     2.368    -1.21    0.61
-209785.176     2.092    -0.75    0.29
-209415.973     2.000    -0.25    0.00
-209046.710     2.000     0.00    0.00
-208677.386     2.000     0.00    0.00
-208308.003     2.000     0.00    0.00
-207938.560     2.000     0.00    0.00
-207569.057     2.000     0.00    0.00
-207199.493     2.000     0.00    0.00
-206829.870     2.013     0.04    0.12
-206460.186     2.064     0.14    0.25
-206090.442     2.133     0.19    0.34
-205720.638     2.182     0.13    0.39
-205350.774     2.250     0.18    0.44
-204980.849     2.299     0.13    0.46
-204610.864     2.442     0.39    0.50
-204240.819     2.671     0.62    0.47
-203870.713     2.961     0.78    0.50
-203500.547     3.092     0.35    0.41
-203130.321     3.132     0.11    0.44
-202760.034     3.221     0.24    0.50
-202389.687     3.320     0.27    0.47
-202019.279     3.462     0.38    0.50
-201648.810     3.667     0.55    0.64
-201278.281     3.922     0.69    0.82
-200907.692     4.390     1.26    1.13
-200537.042     4.688     0.81    1.38
-200166.331     4.654    -0.09    1.37
-199795.559     4.403    -0.68    1.07
-199424.727     3.910    -1.33    0.76
-199053.834     3.416    -1.33    0.83
-198682.880     3.147    -0.72    0.91
-198311.865     3.280     0.36    1.45
-197940.790     4.395     3.00    2.33
-197569.654     5.947     4.18    2.22
-197198.456     7.377     3.85    1.20
-196827.198     7.909     1.43    0.29
-196455.879     8.000     0.24    0.00
-196084.499     7.962    -0.10    0.19
-195713.058     7.870    -0.25    0.34
-195341.555     7.961     0.24    0.82
-194969.992     8.753     2.13    2.09
-194598.368     9.579     2.22    2.85
-194226.682    10.468     2.39    2.91
-193854.935    11.095     1.68    2.89
-193483.127    11.278     0.49    2.96
-193111.258    11.000    -0.75    2.88
-192739.328    10.295    -1.90    2.81
-192367.336     9.355    -2.53    2.30
-191995.283     8.579    -2.09    1.34
-191623.168     8.579     0.00    1.44
-191250.992     8.632     0.14    1.64
-190878.755     8.568    -0.17    1.52
-190506.456     7.835    -1.97    1.33
-190134.096     6.945    -2.39    1.38
-189761.674     6.275    -1.80    1.44
-189389.191     5.795    -1.29    1.21
-189016.646     6.000     0.55    1.23
-188644.039     6.589     1.58    1.28
-188271.371     7.276     1.84    1.05
-187898.641     7.843     1.52    0.37
-187525.850     7.750    -0.25    0.64
-187152.996     7.301    -1.20    1.20
-186780.081     6.615    -1.84    1.44
-186407.104     5.973    -1.72    1.33
-186034.066     5.438    -1.43    1.00
-185660.965     5.080    -0.96    0.43
-185287.803     5.000    -0.21    0.00
-184914.578     5.000     0.00    0.00
-184541.292     5.000     0.00    0.00
-184167.944     5.000     0.00    0.00
-183794.534     5.000     0.00    0.00
-183421.061     5.000     0.00    0.00
-183047.527     5.000     0.00    0.00
-182673.930     5.000     0.00    0.00
-182300.272     5.000     0.00    0.00
-181926.551     5.000     0.00    0.00
-181552.768     5.000     0.00    0.00
-181178.922     5.000     0.00    0.00
-180805.015     5.000     0.00    0.00
-180431.045     5.000     0.00    0.00
-180057.013     5.000     0.00    0.00
-179682.918     5.000     0.00    0.00
-179308.761     5.000     0.00    0.00
-178934.542     5.000     0.00    0.00
-178560.260     5.000     0.00    0.00
-178185.916     5.000     0.00    0.00
-177811.509     5.000     0.00    0.00
-177437.040     5.000     0.00    0.00
-177062.508     5.000     0.00    0.00
-176687.913     6.234     3.29    2.74
-176313.256     7.452     3.25    3.40
-175938.536     8.299     2.26    3.22
-175563.753     8.880     1.55    2.82
-175188.908     8.494    -1.03    2.42
-174814.000     8.054    -1.17    1.84
-174439.029     8.506     1.21    2.36
-174063.995     8.539     0.09    2.27
-173688.899     8.143    -1.06    1.68
-173313.739     7.859    -0.76    1.20
-172938.517     7.772    -0.23    1.11
-172563.231     8.423     1.73    1.78
-172187.883     8.753     0.88    2.03
-171812.471     8.169    -1.56    2.76
-171436.997     7.000    -3.11    3.00
-171061.459     5.263    -4.63    2.09
-170685.858     4.311    -2.53    0.83
-170310.195     4.372     0.16    0.99
-169934.467     4.432     0.16    1.06
-169558.677     5.273     2.24    1.74
-169182.824     6.167     2.38    1.92
-168806.907     7.053     2.36    1.62
-168430.927     7.878     2.20    0.33
-168054.883     7.787    -0.24    0.41
-167678.776     7.811     0.06    0.39
-167302.606     7.825     0.04    0.38
-166926.372     7.893     0.18    0.31
-166550.075     7.987     0.25    0.11
-166173.714     7.962    -0.07    0.19
-165797.290     7.949    -0.03    0.22
-165420.802     7.949    -0.00    0.22
-165044.250     7.909    -0.11    0.29
-164667.635     7.936     0.07    0.25
-164290.956     7.908    -0.07    0.29
-163914.214     7.925     0.05    0.27
-163537.408     8.067     0.38    0.30
-163160.538     8.154     0.23    0.43
-162783.604     8.178     0.06    0.59
-162406.606     8.195     0.04    0.73
-162029.544     8.178    -0.04    0.77
-161652.419     8.359     0.48    0.82
-161275.230     8.689     0.88    1.01
-160897.976     9.038     0.92    1.24
-160520.659     9.688     1.72    1.68
-160143.277    10.709     2.70    2.35
-159765.832    12.078     3.63    2.65
-159388.322    13.410     3.53    2.24
-159010.749    14.532     2.97    1.10
-158633.111    14.753     0.59    0.49
-158255.409    14.500    -0.67    0.68
-157877.642    14.365    -0.36    0.69
-157499.812    14.475     0.29    0.66
-157121.917    14.778     0.80    0.42
-156743.957    14.988     0.55    0.11
-156365.934    14.919    -0.18    0.36
-155987.846    14.714    -0.54    0.67
-155609.693    14.449    -0.70    0.86
-155231.476    14.338    -0.29    0.90
-154853.195    14.256    -0.21    0.93
-154474.849    13.948    -0.81    1.56
-154096.439    12.487    -3.86    3.62
-153717.963    10.184    -6.08    5.22
-153339.424     6.823    -8.88    5.56
-152960.819     4.263    -6.76    4.64
-152582.150     2.117    -5.67    2.50
-152203.416     1.027    -2.88    0.16
-151824.618     1.000    -0.07    0.00
-151445.754     1.000     0.00    0.00
-151066.826     1.000     0.00    0.00
-150687.833     1.000     0.00    0.00
-150308.775     1.000     0.00    0.00
-149929.652     1.000     0.00    0.00
-149550.464     1.000     0.00    0.00
-149171.211     1.000     0.00    0.00
-148791.893     1.000     0.00    0.00
-148412.510     1.000     0.00    0.00
-148033.062     1.118     0.31    0.33
-147653.549     2.562     3.80    2.61
-147273.970     3.833     3.35    2.90
-146894.327     4.963     2.97    2.73
-146514.618     5.905     2.48    2.31
-146144.358     5.577    -0.89    2.35
-145777.126     6.135     1.52    2.25
-145409.834     6.922     2.14    1.90
-145042.481     7.392     1.28    1.52
-144675.067     7.912     1.42    0.48
-144307.593     8.000     0.24    0.00
-143940.058     8.000     0.00    0.00
-143572.462     7.919    -0.22    0.32
-143204.806     7.823    -0.26    0.47
-142837.088     7.784    -0.11    0.53
-142469.311     7.753    -0.08    0.52
-142101.472     7.720    -0.09    0.56
-141733.572     7.734     0.04    0.50
-141365.612     7.613    -0.33    0.52
-140997.590     7.450    -0.44    0.50
-140629.508     7.320    -0.35    0.50
-140261.365     7.731     1.12    1.02
-139893.161     8.701     2.64    1.72
-139524.895    10.354     4.49    2.22
-139156.569    11.948     4.33    1.89
-138788.182    13.325     3.74    1.33
-138419.733    14.224     2.44    1.01
-138051.223    16.013     4.85    2.77
-137682.653    17.987     5.36    3.63
-137314.020    20.416     6.59    3.35
-136945.327    22.203     4.85    1.93
-136576.573    22.949     2.03    0.22
-136207.757    23.000     0.14    0.00
-135838.879    23.000     0.00    0.00
-135469.941    23.000     0.00    0.00
-135100.941    23.000     0.00    0.00
-134731.879    23.000     0.00    0.00
-134362.756    23.000     0.00    0.00
-133993.572    23.000     0.00    0.00
-133624.326    22.913    -0.24    0.28
-133255.019    22.800    -0.30    0.51
-132885.650    22.718    -0.22    0.87
-132516.219    22.731     0.03    0.99
-132146.727    23.013     0.76    0.53
-131777.173    23.051     0.10    0.27
-131407.557    22.987    -0.17    0.20
-131037.880    22.948    -0.11    0.22
-130668.140    22.897    -0.14    0.41
-130298.339    23.063     0.45    0.58
-129928.477    23.308     0.66    0.65
-129558.552    23.380     0.19    0.63
-129188.565    23.416     0.10    0.71
-128818.517    22.987    -1.16    1.33
-128448.406    22.303    -1.85    1.71
-128078.234    22.182    -0.33    1.70
-127707.999    22.449     0.72    1.39
-127337.703    22.718     0.73    0.90
-126967.344    22.949     0.62    0.36
-126596.923    22.924    -0.07    0.31
-126226.440    22.513    -1.11    1.20
-125855.895    21.810    -1.90    2.04
-125485.288    21.013    -2.15    2.42
-125114.619    20.192    -2.21    2.56
-124743.887    19.671    -1.41    2.89
-124373.093    18.590    -2.92    3.44
-124002.236    16.974    -4.36    3.94
-123631.317    16.709    -0.72    4.05
-123260.336    17.474     2.06    4.34
-122889.292    19.367     5.10    4.33
-122518.186    21.718     6.33    2.29
-122147.018    21.759     0.11    2.38
-121775.786    20.385    -3.70    3.17
-121404.493    19.351    -2.78    3.13
-121033.136    19.039    -0.84    2.86
-120661.717    19.051     0.03    2.74
-120290.236    18.909    -0.38    2.62
-119918.692    19.346     1.18    2.66
-119547.085    18.910    -1.17    2.87
-119175.415    17.925    -2.65    3.06
-118803.682    16.425    -4.03    2.94
-118431.887    14.821    -4.32    2.28
-118060.029    13.103    -4.62    1.99
-117688.108    12.671    -1.16    2.46
-117316.123    13.909     3.33    4.46
-116944.077    15.436     4.10    5.30
-116571.967    18.650     8.64    4.70
-116199.794    21.262     7.02    2.40
-115827.558    21.613     0.94    1.66
-115455.259    21.234    -1.02    1.56
-115082.896    19.974    -3.38    2.62
-114710.471    18.566    -3.78    2.84
-114337.983    16.782    -4.79    2.30
-113965.431    15.346    -3.85    1.66
-113592.816    14.850    -1.33    2.18
-113220.138    15.628     2.09    3.51
-112847.396    16.582     2.56    4.35
-112474.591    17.092     1.37    4.07
-112101.723    16.150    -2.53    4.53
-111728.791    13.533    -7.02    4.65
-111355.796    10.633    -7.78    3.54
-110982.738     8.564    -5.55    1.33
-110609.616     9.000     1.17    2.10
-110236.430    10.333     3.57    3.32
-109863.181    12.825     6.68    4.76
-109489.868    15.355     6.78    4.67
-109116.492    17.675     6.21    3.88
-108743.052    19.730     5.50    3.72
-108369.548    20.975     3.33    3.32
-107995.981    22.387     3.78    1.71
-107622.350    23.235     2.27    0.84
-107248.655    23.662     1.14    1.04
-106874.896    24.444     2.09    1.80
-106501.073    25.581     3.04    2.32
-106127.187    26.925     3.59    2.53
-105753.236    28.147     3.27    2.36
-105379.222    29.104     2.56    1.89
-105005.143    29.701     1.60    1.78
-104631.001    29.544    -0.42    1.65
-104256.794    29.299    -0.66    1.63
-103882.524    29.125    -0.46    1.44
-103508.189    29.143     0.05    1.16
-103133.790    29.346     0.54    0.89
-102759.327    29.562     0.58    0.59
-102384.800    29.488    -0.20    0.62
-102010.208    29.052    -1.16    1.10
-101635.552    28.269    -2.09    1.72
-101260.832    26.513    -4.69    2.44
-100886.047    25.269    -3.32    2.46
-100511.198    24.038    -3.28    2.02
-100136.285    22.835    -3.21    0.88
 -99761.307    21.910    -2.47    1.33
 -99386.265    20.857    -2.81    1.48
 -99011.158    19.837    -2.72    1.05
 -98635.987    19.289    -1.46    0.61
 -98260.751    19.137    -0.40    0.41
 -97885.450    18.878    -0.69    0.94
 -97510.085    18.143    -1.96    1.48
 -97134.655    17.329    -2.17    1.49
 -96759.160    16.637    -1.84    1.12
 -96383.601    16.149    -1.30    0.39
 -96007.976    16.038    -0.30    0.25
 -95632.287    15.893    -0.38    0.35
 -95256.533    15.667    -0.60    0.47
 -94880.714    15.367    -0.80    0.49
 -94504.831    15.114    -0.67    0.32
 -94128.882    15.038    -0.20    0.19
 -93752.868    15.137     0.26    0.35
 -93376.789    15.195     0.15    0.40
 -93000.646    15.152    -0.11    0.36
 -92624.437    15.100    -0.14    0.30
 -92248.163    15.000    -0.27    0.16
 -91871.823    14.937    -0.17    0.25
 -91495.419    14.833    -0.27    0.38
 -91118.949    14.575    -0.69    0.55
 -90742.414    14.368    -0.55    0.67
 -90365.814    14.101    -0.71    0.81
 -89989.148    13.753    -0.92    0.96
 -89612.417    13.380    -0.99    1.30
 -89235.621    12.676    -1.87    1.76
 -88858.759    11.400    -3.38    2.24
 -88481.832    10.122    -3.39    2.05
 -88104.839     9.062    -2.81    1.69
 -87727.781     8.413    -1.72    1.20
 -87350.657     8.113    -0.80    0.66
 -86973.467     8.000    -0.30    0.58
 -86596.212     7.962    -0.10    0.61
 -86218.891     8.090     0.34    0.74
 -85841.505     8.104     0.04    0.75
 -85464.052     8.152     0.13    0.68
 -85086.534     8.063    -0.23    0.56
 -84708.950     7.963    -0.27    0.51
 -84331.301     7.859    -0.28    0.39
 -83953.585     7.850    -0.02    0.36
 -83575.803     7.816    -0.09    0.39
 -83197.956     7.800    -0.04    0.40
 -82820.042     7.770    -0.08    0.42
 -82442.062     7.775     0.01    0.42
 -82064.017     7.763    -0.03    0.43
 -81685.905     7.765     0.01    0.43
 -81307.727     7.792     0.07    0.41
 -80929.483     7.812     0.05    0.39
 -80551.173     7.684    -0.34    0.59
 -80172.796     7.638    -0.12    0.64
 -79794.354     7.556    -0.22    0.72
 -79415.845     7.487    -0.18    0.76
 -79037.269     7.557     0.18    0.75
 -78658.627     7.628     0.19    0.70
 -78279.919     7.588    -0.11    0.69
 -77901.144     7.453    -0.35    0.84
 -77522.303     7.300    -0.40    1.02
 -77143.396     7.105    -0.51    1.08
 -76764.421     7.235     0.34    1.04
 -76385.381     7.329     0.25    1.05
 -76006.273     7.362     0.09    1.01
 -75627.099     7.434     0.19    0.96
 -75247.858     7.487     0.14    0.99
 -74868.551     7.296    -0.50    1.03
 -74489.176     7.200    -0.25    1.10
 -74109.735     7.090    -0.29    1.13
 -73730.227     6.962    -0.34    1.22
 -73350.653     7.100     0.36    1.21
 -72971.011     6.987    -0.30    1.23
 -72591.302     7.354     0.97    1.12
 -72211.527     7.711     0.94    0.80
 -71831.684     7.350    -0.95    1.06
 -71457.967     7.013    -0.90    1.21
 -71090.927     6.914    -0.27    1.42
 -70723.826     6.662    -0.68    1.41
 -70356.663     6.438    -0.61    1.39
 -69989.438     6.132    -0.83    1.26
 -69622.150     5.938    -0.53    0.87
 -69254.800     5.961     0.06    0.93
 -68887.388     6.112     0.41    0.93
 -68519.914     6.329     0.59    0.87
 -68152.378     6.513     0.50    0.78
 -67784.779     6.620     0.29    0.72
 -67417.118     6.713     0.25    0.66
 -67049.395     6.846     0.36    0.51
 -66681.609     6.938     0.25    0.24
 -66313.761     6.911    -0.07    0.29
 -65945.850     6.925     0.04    0.27
 -65577.877     6.988     0.17    0.11
 -65209.841     7.000     0.03    0.00
 -64841.743     7.000     0.00    0.00
 -64473.582     7.000     0.00    0.00
 -64105.359     7.000     0.00    0.00
 -63737.072     7.000     0.00    0.00
 -63368.724     7.000     0.00    0.00
 -63000.312     7.000     0.00    0.00
 -62631.838     7.000     0.00    0.00
 -62263.301     7.000     0.00    0.00
 -61894.701     7.000     0.00    0.00
 -61526.038     7.000     0.00    0.00
 -61157.313     7.000     0.00    0.00
 -60788.524     7.000     0.00    0.00
 -60419.673     7.000     0.00    0.00
 -60050.758     7.000     0.00    0.00
 -59681.781     7.000     0.00    0.00
 -59312.740     7.000     0.00    0.00
 -58943.637     7.000     0.00    0.00
 -58574.470     7.000     0.00    0.00
 -58205.240     7.000     0.00    0.00
 -57835.947     7.000     0.00    0.00
 -57466.591     7.000     0.00    0.00
 -57097.172     7.000     0.00    0.00
 -56727.689     6.975    -0.07    0.23
 -56358.143     7.000     0.07    0.00
 -55988.534     7.000     0.00    0.00
 -55618.861     7.000     0.00    0.00
 -55249.125     6.988    -0.03    0.11
 -54879.325     6.961    -0.07    0.20
 -54509.462     6.987     0.07    0.20
 -54139.536     7.079     0.25    0.27
 -53769.546     7.123     0.12    0.33
 -53399.492     7.000    -0.33    0.69
 -53029.375     6.815    -0.50    0.87
 -52659.194     6.455    -0.97    1.07
 -52288.950     6.494     0.11    1.21
 -51918.642     6.821     0.88    1.17
 -51548.270     7.088     0.72    1.25
 -51177.834     7.474     1.04    0.87
 -50807.335     7.487     0.04    1.01
 -50436.771     7.308    -0.49    1.25
 -50066.144     7.321     0.04    1.29
 -49695.453     7.769     1.21    0.84
 -49324.698     8.012     0.66    0.34
 -48953.879     7.935    -0.21    0.41
 -48582.996     7.877    -0.16    0.43
 -48212.049     8.380     1.36    1.60
 -47841.038     9.395     2.74    2.55
 -47469.963    10.628     3.32    3.04
 -47098.824    12.050     3.83    2.82
 -46727.620    12.688     1.72    2.57
 -46356.353    11.667    -2.75    3.63
 -45985.021    10.671    -2.68    3.99
 -45613.625     8.841    -4.93    3.99
 -45242.164     7.154    -4.54    3.26
 -44870.639     6.237    -2.47    2.50
 -44499.050     5.260    -2.63    1.87
 -44127.397     4.519    -1.99    1.72
 -43755.679     3.924    -1.60    1.69
 -43383.896     3.259    -1.79    1.58
 -43012.049     3.053    -0.56    1.33
 -42640.138     3.438     1.03    1.38
 -42268.162     3.844     1.09    1.42
 -41896.121     3.716    -0.34    1.46
 -41524.016     3.065    -1.75    1.29
 -41151.846     2.183    -2.37    1.10
 -40779.611     1.455    -1.96    0.77
 -40407.312     0.988    -1.25    0.83
 -40034.948     0.613    -1.00    0.77
 -39662.519     0.400    -0.57    0.72
 -39290.025     0.247    -0.41    0.61
 -38917.466     0.134    -0.30    0.44
 -38544.843     0.027    -0.29    0.16
 -38172.154     0.000    -0.07    0.00
 -37799.401     0.105     0.28    0.42
 -37426.582     0.519     1.11    0.84
 -37053.699     1.053     1.43    0.95
 -36680.750     1.580     1.41    0.76
 -36307.736     1.921     0.91    0.36
 -35934.658     1.938     0.05    0.33
 -35561.513     1.987     0.13    0.11
 -35188.304     2.000     0.04    0.00
 -34815.030     2.000     0.00    0.00
 -34441.690     2.000     0.00    0.00
 -34068.285     2.000     0.00    0.00
 -33694.814     2.000     0.00    0.00
 -33321.278     2.000     0.00    0.00
 -32947.677     2.000     0.00    0.00
 -32574.010     2.000     0.00    0.00
 -32200.278     1.800    -0.54    0.60
 -31826.480     1.325    -1.27    0.95
 -31452.617     0.790    -1.43    0.98
 -31078.688     0.228    -1.50    0.64
 -30704.693     0.300     0.19    0.99
 -30330.633     3.152     7.62    8.90
 -29956.507    12.188    24.15   19.98
 -29582.316    25.450    35.44   23.69
 -29208.058    36.679    30.00   21.65
 -28833.735    46.038    25.00   16.89
 -28459.346    47.911     5.01   15.76
 -28084.891    52.675    12.72   15.83
 -27710.370    59.737    18.86   14.49
 -27335.783    62.864     8.35   13.08
 -26961.130    64.444     4.22   13.41
 -26586.412    68.605    11.10   15.11
 -26211.627    72.936    11.56   15.03
 -25836.776    74.588     4.41   12.92
 -25461.859    72.840    -4.66   15.21
 -25086.876    65.951   -18.37   19.03
 -24711.826    55.658   -27.44   17.84
 -24336.711    45.148   -28.02   15.22
 -23961.529    35.052   -26.91   12.47
 -23586.281    25.358   -25.83   12.28
 -23210.966    17.052   -22.13   10.07
 -22835.585    11.062   -15.96    5.69
 -22460.138     8.587    -6.59    1.77
 -22084.624     8.741     0.41    1.39
 -21709.044     9.351     1.63    2.17
 -21333.397    10.222     2.32    2.57
 -20957.684    11.701     3.94    4.24
 -20581.904    13.671     5.24   10.29
 -20206.058    16.132     6.55   13.24
 -19830.145    16.225     0.25   13.30
 -19454.165    17.038     2.16   12.49
 -19078.119    17.048     0.03   10.78
 -18702.005    17.620     1.52    9.44
 -18325.825    19.025     3.73    8.29
 -17949.579    19.835     2.15    8.39
 -17573.265    19.877     0.11    9.92
 -17196.884    20.148     0.72   11.91
 -16820.437    21.580     3.80   14.43
 -16443.922    21.198    -1.02   13.58
 -16067.341    19.101    -5.57   11.09
 -15690.692    18.395    -1.87    9.77
 -15313.977    15.772    -6.96    7.80
 -14937.194    14.169    -4.26    7.04
 -14560.344    13.025    -3.03    6.34
 -14183.427    11.675    -3.58    4.49
 -13806.443    11.303    -0.99    4.80
 -13429.391    10.531    -2.05    5.42
 -13052.272     8.705    -4.84    5.29
 -12675.086     6.346    -6.26    3.75
 -12297.832     4.684    -4.40    2.19
 -11920.511     3.852    -2.21    1.36
 -11543.123     3.443    -1.08    0.83
 -11165.667     3.393    -0.13    0.94
 -10788.144     3.380    -0.03    1.00
 -10410.553     3.100    -0.74    0.47
 -10032.894     2.962    -0.36    0.19
  -9655.168     2.901    -0.16    0.30
  -9277.374     2.864    -0.10    0.34
  -8899.513     2.915     0.13    0.28
  -8521.584     2.975     0.16    0.16
  -8143.587     2.950    -0.07    0.22
  -7765.522     2.926    -0.06    0.26
  -7387.389     2.949     0.06    0.22
  -7009.189     3.000     0.13    0.00
  -6630.920     2.973    -0.07    0.16
  -6252.584     2.927    -0.12    0.26
  -5874.180     2.921    -0.02    0.27
  -5495.707     2.905    -0.04    0.30
  -5117.167     2.833    -0.19    0.38
  -4738.558     2.840     0.02    0.37
  -4359.882     2.835    -0.01    0.37
  -3981.137     2.817    -0.05    0.39
  -3602.324     2.852     0.09    0.36
  -3223.443     2.829    -0.06    0.38
  -2844.493     2.716    -0.30    0.53
  -2465.475     2.278    -1.15    1.05
  -2086.389     1.854    -1.12    1.34
  -1707.234     1.342    -1.35    1.39
  -1328.011     0.786    -1.47    1.23
   -948.720     0.416    -0.98    0.95
   -569.360     0.099    -0.84    0.44
   -189.931     0.000    -0.26    0.00
    189.566     0.000     0.00    0.00
    569.132     0.000     0.00    0.00
    948.766     0.000     0.00    0.00
   1328.469     0.000     0.00    0.00
   1708.241     0.012     0.03    0.11
   2088.082     0.123     0.29    0.48
   2467.991     0.402     0.73    0.87
   2847.969     0.840     1.15    1.16
   3225.440     1.225     1.02    1.26
   3592.280     1.778     1.51    1.21
   3959.184     2.272     1.35    0.97
   4326.152     2.573     0.82    0.75
   4693.183     2.617     0.12    0.73
   5060.277     2.725     0.29    0.62
   5427.436     2.793     0.18    0.56
   5794.658     2.899     0.29    0.38
   6161.944     2.988     0.24    0.11
   6529.294     3.000     0.03    0.00
   6896.708     3.000     0.00    0.00
   7264.185     3.000     0.00    0.00
   7631.727     3.000     0.00    0.00
   7999.332     3.000     0.00    0.00
   8367.002     3.000     0.00    0.00
   8734.735     3.000     0.00    0.00
   9102.532     3.000     0.00    0.00
   9470.394     3.000     0.00    0.00
   9838.320     3.000     0.00    0.00
  10206.310     3.000     0.00    0.00
  10574.364     2.864    -0.37    0.49
  10942.482     2.709    -0.42    0.68
  11310.664     2.655    -0.15    0.72
  11678.911     2.617    -0.10    0.72
  12047.222     2.663     0.12    0.69
  12415.598     2.716     0.15    0.64
  12784.037     2.439    -0.75    0.85
  13152.542     2.439     0.00    0.80
  13521.110     2.476     0.10    0.80
  13889.744     2.582     0.29    0.76
  14258.441     2.963     1.03    0.19
  14627.204     2.914    -0.14    0.28
  14996.031     2.793    -0.33    0.41
  15364.922     2.691    -0.27    0.46
  15733.878     2.580    -0.30    0.50
  16102.899     2.675     0.26    0.47
  16471.985     2.848     0.47    0.36
  16841.135     2.951     0.28    0.22
  17210.350     3.000     0.13    0.00
  17579.630     3.000     0.00    0.00
  17948.975     3.075     0.20    0.27
  18318.385     3.265     0.51    0.44
  18687.860     3.737     1.28    0.82
  19057.399     4.700     2.60    1.37
  19427.004     5.731     2.79    1.30
  19796.674     6.238     1.37    1.51
  20166.409     6.571     0.90    1.74
  20536.209     6.939     0.99    1.82
  20906.074     7.368     1.16    1.61
  21276.004     7.889     1.41    0.63
  21645.999     8.000     0.30    0.00
  22016.060     8.000     0.00    0.00
  22386.186     7.947    -0.14    0.22
  22756.377     7.756    -0.52    0.43
  23126.634     7.519    -0.64    0.50
  23496.956     7.262    -0.70    0.44
  23867.343     7.078    -0.50    0.27
  24237.796     7.000    -0.21    0.00
  24608.314     7.000     0.00    0.00
  24978.898     7.000     0.00    0.00
  25349.548     7.000     0.00    0.00
  25720.263     7.000     0.00    0.00
  26091.044     7.000     0.00    0.00
  26461.890     7.000     0.00    0.00
  26832.802     6.722    -0.75    0.88
  27203.780     6.280    -1.19    1.28
  27574.823     6.103    -0.48    1.35
  27945.933     6.012    -0.24    1.45
  28317.108     6.114     0.27    1.47
  28688.349     6.226     0.30    1.48
  29059.656     6.074    -0.41    1.60
  29431.029     5.790    -0.76    1.73
  29802.468     5.568    -0.60    1.81
  30173.973     5.259    -0.83    1.90
  30545.543     5.112    -0.39    1.94
  30917.181     5.012    -0.27    1.89
  31288.884     5.037     0.07    1.92
  31660.653     4.831    -0.55    1.94
  32032.489     4.772    -0.16    1.95
  32404.390     4.683    -0.24    1.89
  32776.358     4.691     0.02    1.90
  33148.393     4.506    -0.50    1.93
  33520.493     4.494    -0.03    1.98
  33892.660     4.429    -0.17    1.94
  34264.894     4.469     0.11    1.96
  34637.194     4.383    -0.23    1.97
  35009.560     4.438     0.15    2.00
  35381.993     4.289    -0.40    2.00
  35754.492     4.061    -0.61    2.08
  36127.058     3.815    -0.66    2.03
  36499.691     3.580    -0.63    2.14
  36872.390     3.106    -1.27    2.19
  37245.156     2.675    -1.16    2.04
  37617.989     2.148    -1.41    1.88
  37990.888     1.753    -1.06    1.61
  38363.854     1.357    -1.06    1.45
  38736.887     1.051    -0.82    1.38
  39109.987     0.741    -0.83    1.20
  39483.154     0.562    -0.48    1.07
  39856.388     0.301    -0.70    0.76
  40229.689     0.127    -0.47    0.49
  40603.056     0.024    -0.27    0.15
  40976.491     0.000    -0.06    0.00
  41349.993     0.148     0.40    0.42
  41723.562     0.412     0.71    0.79
  42097.198     1.012     1.60    1.22
  42470.902     1.562     1.47    1.24
  42844.672     1.827     0.71    1.14
  43218.510     2.000     0.46    1.22
  43592.416     1.762    -0.64    1.44
  43966.388     1.615    -0.39    1.67
  44340.428     1.732     0.31    1.96
  44714.535     2.156     1.13    2.53
  45088.710     3.306     3.07    2.99
  45462.952     4.169     2.31    2.61
  45837.262     4.434     0.71    2.17
  46211.640     5.038     1.62    1.93
  46586.085     5.583     1.46    1.79
  46960.597     5.795     0.56    1.74
  47335.178     5.354    -1.18    1.88
  47709.826     4.636    -1.91    1.75
  48084.541     4.337    -0.80    1.43
  48459.325     4.342     0.01    1.15
  48834.176     4.159    -0.49    1.07
  49209.095     3.833    -0.87    1.01
  49584.082     3.110    -1.93    0.86
  49959.137     2.443    -1.78    0.71
  50334.260     1.976    -1.25    0.81
  50709.451     1.704    -0.73    0.66
  51084.710     1.630    -0.20    0.64
  51460.037     1.613    -0.05    0.63
  51835.433     1.687     0.20    0.56
  52210.896     1.744     0.15    0.52
  52586.427     1.744     0.00    0.52
  52962.027     1.878     0.36    0.33
  53337.695     1.793    -0.23    0.46
  53713.432     1.537    -0.68    0.55
  54089.236     1.341    -0.52    0.53
  54465.109     1.183    -0.42    0.39
  54841.051     1.235     0.14    0.43
  55217.061     1.262     0.07    0.44
  55593.139     1.301     0.10    0.46
  55969.286     1.169    -0.35    0.38
  56345.501     1.063    -0.28    0.25
  56721.785     1.024    -0.10    0.15
  57098.138     1.049     0.07    0.22
  57474.560     1.074     0.07    0.35
  57851.050     1.064    -0.03    0.47
  58227.608     1.024    -0.11    0.46
  58604.236     0.974    -0.13    0.43
  58980.932     0.952    -0.06    0.27
  59357.698     0.949    -0.01    0.22
  59734.532     0.988     0.10    0.11
  60111.435     1.000     0.03    0.00
  60488.407     1.000     0.00    0.00
  60865.448     1.000     0.00    0.00
  61242.559     1.000     0.00    0.00
  61619.738     1.000     0.00    0.00
  61996.986     1.000     0.00    0.00
  62374.304     1.000     0.00    0.00
  62751.691     1.000     0.00    0.00
  63129.147     1.000     0.00    0.00
  63506.672     0.988    -0.03    0.11
  63884.267     1.000     0.03    0.22
  64261.931     1.049     0.13    0.31
  64639.664     1.060     0.03    0.28
  65017.467     1.183     0.33    0.39
  65395.339     1.329     0.39    0.47
  65773.281     1.456     0.33    0.50
  66151.292     1.553     0.26    0.50
  66529.373     1.544    -0.02    0.50
  66907.523     1.415    -0.34    0.50
  67285.744     1.372    -0.11    0.49
  67664.034     1.440     0.18    0.50
  68042.393     1.449     0.02    0.50
  68420.823     1.500     0.14    0.50
  68799.322     1.438    -0.17    0.50
  69177.891     1.419    -0.05    0.50
  69556.530     1.305    -0.30    0.46
  69935.239     1.171    -0.35    0.38
  70314.018     1.195     0.06    0.40
  70692.866     1.244     0.13    0.43
  71071.785     1.229    -0.04    0.42
  71450.774     1.085    -0.38    0.28
  71829.834     1.012    -0.19    0.11
  72208.963     1.000    -0.03    0.00
  72588.162     1.183     0.48    0.39
  72967.432     1.337     0.41    0.48
  73346.772     1.482     0.38    0.50
  73726.182     1.628     0.38    0.49
  74105.663     1.614    -0.04    0.49
  74485.214     1.474    -0.37    0.50
  74864.836     1.376    -0.26    0.49
  75244.528     1.525     0.39    0.50
  75624.290     1.699     0.46    0.46
  76004.123     1.843     0.38    0.37
  76384.027     1.798    -0.12    0.40
  76764.002     1.610    -0.49    0.49
  77144.046     1.506    -0.27    0.50
  77524.162     1.398    -0.29    0.49
  77904.349     1.293    -0.28    0.46
  78272.342     1.241    -0.14    0.43
  78639.043     1.173    -0.19    0.38
  79005.809     1.157    -0.04    0.40
  79372.641     1.024    -0.36    0.47
  79739.538     0.695    -0.90    0.56
  80106.500     0.488    -0.56    0.55
  80473.527     0.349    -0.38    0.48
  80840.620     0.373     0.07    0.49
  81207.778     0.463     0.24    0.50
  81575.002     0.427    -0.10    0.50
  81942.291     0.346    -0.22    0.48
  82309.646     0.369     0.06    0.49
  82677.066     0.397     0.08    0.49
  83044.551     0.585     0.51    0.50
  83412.103     0.821     0.64    0.39
  83779.720     0.965     0.39    0.19
  84147.402     1.000     0.10    0.00
  84515.151     1.000     0.00    0.00
  84882.965     1.000     0.00    0.00
  85250.845     1.000     0.00    0.00
  85618.790     1.000     0.00    0.00
  85986.802     1.000     0.00    0.00
  86354.880     1.000     0.00    0.00
  86723.023     0.927    -0.20    0.26
  87091.232     0.707    -0.60    0.46
  87459.508     0.542    -0.45    0.50
  87827.849     0.500    -0.11    0.50
  88196.256     0.550     0.14    0.50
  88564.730     0.741     0.52    0.44
  88933.270     0.927     0.50    0.26
  89301.876     0.976     0.13    0.15
  89670.548     0.963    -0.04    0.19
  90039.286     0.965     0.01    0.19
  90408.091     1.000     0.10    0.00
  90776.962     1.000     0.00    0.00
  91145.899     1.000     0.00    0.00
  91514.903     0.988    -0.03    0.11
  91883.973     0.987    -0.00    0.11
  92253.109     0.988     0.00    0.11
  92622.312     0.937    -0.14    0.25
  92991.582     0.929    -0.02    0.26
  93360.918     0.938     0.03    0.24
  93730.321     0.940     0.01    0.24
  94099.790     0.950     0.03    0.22
  94469.326     0.964     0.04    0.19
  94838.929     0.976     0.03    0.15
  95208.599     0.988     0.03    0.11
  95578.335     0.975    -0.03    0.16
  95948.138     0.976     0.00    0.15
  96318.008     0.976     0.00    0.15
  96687.945     0.976    -0.00    0.16
  97057.949     1.000     0.07    0.00
  97428.020     0.988    -0.03    0.11
  97798.158     0.747    -0.65    0.44
  98168.363     0.463    -0.77    0.50
  98538.635     0.205    -0.70    0.41
  98908.974     0.024    -0.49    0.15
  99279.380     0.000    -0.06    0.00
  99649.854     0.000     0.00    0.00
 100020.394     0.000     0.00    0.00
 100391.002     0.000     0.00    0.00
 100761.677     0.000     0.00    0.00
 101132.420     0.000     0.00    0.00
 101503.230     0.000     0.00    0.00
 101874.107     0.000     0.00    0.00
 102245.052     0.000     0.00    0.00
 102616.064     0.000     0.00    0.00
 102987.144     0.000     0.00    0.00
 103358.291     0.000     0.00    0.00
 103729.506     0.000     0.00    0.00
 104100.789     0.000     0.00    0.00
 104472.139     0.000     0.00    0.00
 104843.557     0.000     0.00    0.00
 105215.042     0.000     0.00    0.00
 105586.596     0.000     0.00    0.00
 105958.217     0.000     0.00    0.00
 106329.906     0.000     0.00    0.00
 106701.663     0.000     0.00    0.00
 107073.488     0.000     0.00    0.00
 107445.381     0.000     0.00    0.00
 107817.342     0.000     0.00    0.00
 108189.371     0.000     0.00    0.00
 108561.468     0.000     0.00    0.00
 108933.633     0.000     0.00    0.00
 109305.866     0.000     0.00    0.00
 109678.168     0.000     0.00    0.00
 110050.537     0.000     0.00    0.00
 110422.975     0.000     0.00    0.00
 110795.481     0.000     0.00    0.00
 111168.056     0.000     0.00    0.00
 111540.699     0.000     0.00    0.00
 111913.410     0.000     0.00    0.00
 112286.190     0.000     0.00    0.00
 112659.038     0.000     0.00    0.00
 113031.955     0.000     0.00    0.00
 113404.940     0.000     0.00    0.00
 113777.994     0.000     0.00    0.00
 114151.117     0.000     0.00    0.00
 114524.308     0.000     0.00    0.00
 114897.568     0.000     0.00    0.00
 115270.897     0.000     0.00    0.00
 115644.295     0.000     0.00    0.00
 116017.761     0.000     0.00    0.00
 116391.296     0.000     0.00    0.00
 116764.900     0.000     0.00    0.00
 117138.573     0.000     0.00    0.00
 117512.316     0.000     0.00    0.00
 117886.127     0.000     0.00    0.00
 118260.007     0.000     0.00    0.00
 118633.956     0.000     0.00    0.00
 119007.974     0.000     0.00    0.00
 119382.062     0.000     0.00    0.00
 119756.219     0.000     0.00    0.00
 120130.445     0.000     0.00    0.00
 120504.740     0.000     0.00    0.00
 120879.105     0.000     0.00    0.00
 121253.539     0.000     0.00    0.00
 121628.042     0.000     0.00    0.00
 122002.615     0.000     0.00    0.00
 122377.257     0.000     0.00    0.00
 122751.969     0.000     0.00    0.00
 123126.750     0.000     0.00    0.00
 123501.601     0.000     0.00    0.00
 123876.522     0.000     0.00    0.00
 124251.512     0.000     0.00    0.00
 124626.572     0.000     0.00    0.00
 125001.702     0.000     0.00    0.00
 125376.901     0.000     0.00    0.00
 125752.171     0.000     0.00    0.00
 126127.510     0.000     0.00    0.00
 126502.919     0.000     0.00    0.00
 126878.398     0.000     0.00    0.00
 127253.947     0.000     0.00    0.00
 127629.566     0.000     0.00    0.00
 128005.255     0.000     0.00    0.00
 128381.015     0.000     0.00    0.00
 128756.844     0.000     0.00    0.00
 129132.744     0.000     0.00    0.00
 129508.713     0.000     0.00    0.00
 129884.753     0.000     0.00    0.00
 130260.864     0.000     0.00    0.00
 130637.044     0.000     0.00    0.00
 131013.295     0.000     0.00    0.00
 131389.617     0.000     0.00    0.00
 131766.009     0.000     0.00    0.00
 132142.471     0.000     0.00    0.00
 132519.004     0.000     0.00    0.00
 132895.608     0.000     0.00    0.00
 133272.282     0.000     0.00    0.00
 133649.027     0.000     0.00    0.00
 134025.842     0.000     0.00    0.00
 134402.728     0.000     0.00    0.00
 134779.685     0.000     0.00    0.00
 135156.713     0.000     0.00    0.00
 135533.812     0.000     0.00    0.00
 135910.981     0.000     0.00    0.00
 136288.222     0.000     0.00    0.00
 136665.533     0.000     0.00    0.00
 137042.915     0.000     0.00    0.00
 137420.369     0.000     0.00    0.00
 137797.894     0.000     0.00    0.00
 138175.489     0.000     0.00    0.00
 138553.156     0.000     0.00    0.00
 138930.894     0.000     0.00    0.00
 139308.704     0.000     0.00    0.00
 139686.584     0.000     0.00    0.00
 140064.536     0.000     0.00    0.00
 140442.559     0.000     0.00    0.00
 140820.654     0.000     0.00    0.00
 141198.820     0.000     0.00    0.00
 141577.058     0.000     0.00    0.00
 141955.367     0.000     0.00    0.00
 142333.748     0.000     0.00    0.00
 142712.200     0.000     0.00    0.00
 143090.724     0.000     0.00    0.00
 143469.320     0.000     0.00    0.00
 143847.988     0.000     0.00    0.00
 144226.727     0.000     0.00    0.00
 144605.538     0.000     0.00    0.00
 144984.421     0.000     0.00    0.00
 145363.376     0.000     0.00    0.00
 145742.403     0.000     0.00    0.00
 146121.501     0.000     0.00    0.00
 146500.672     0.000     0.00    0.00
 146879.915     0.000     0.00    0.00
 147259.230     0.000     0.00    0.00
 147638.617     0.000     0.00    0.00
 148018.076     0.000     0.00    0.00
 148397.608     0.000     0.00    0.00
 148777.211     0.000     0.00    0.00
 149156.887     0.000     0.00    0.00
 149536.636     0.000     0.00    0.00
 149916.457     0.000     0.00    0.00
 150296.350     0.000     0.00    0.00
 150676.315     0.000     0.00    0.00
 151056.354     0.000     0.00    0.00
 151436.464     0.000     0.00    0.00
 151816.648     0.000     0.00    0.00
 152196.904     0.000     0.00    0.00
 152577.232     0.000     0.00    0.00
 152949.281     0.000     0.00    0.00
 153315.772     0.000     0.00    0.00
 153682.331     0.000     0.00    0.00
 154048.956     0.000     0.00    0.00
 154415.648     0.000     0.00    0.00
 154782.407     0.000     0.00    0.00
 155149.234     0.000     0.00    0.00
 155516.127     0.000     0.00    0.00
 155883.087     0.000     0.00    0.00
 156250.114     0.000     0.00    0.00
 156617.208     0.000     0.00    0.00
 156984.369     0.000     0.00    0.00
 157351.598     0.000     0.00    0.00
 157718.893     0.000     0.00    0.00
 158086.256     0.000     0.00    0.00
 158453.686     0.000     0.00    0.00
 158821.184     0.000     0.00    0.00
 159188.749     0.000     0.00    0.00
 159556.381     0.000     0.00    0.00
 159924.080     0.000     0.00    0.00
 160291.847     0.000     0.00    0.00
 160659.682     0.000     0.00    0.00
 161027.584     0.000     0.00    0.00
 161395.554     0.000     0.00    0.00
 161763.591     0.000     0.00    0.00
 162131.696     0.000     0.00    0.00
 162499.868     0.000     0.00    0.00
 162868.109     0.000     0.00    0.00
 163236.417     0.000     0.00    0.00
 163604.792     0.000     0.00    0.00
 163973.236     0.000     0.00    0.00
 164341.748     0.000     0.00    0.00
 164710.327     0.000     0.00    0.00
 165078.974     0.000     0.00    0.00
 165447.690     0.000     0.00    0.00
 165816.473     0.000     0.00    0.00
 166185.324     0.000     0.00    0.00
 166554.244     0.000     0.00    0.00
 166923.231     0.000     0.00    0.00
 167292.287     0.000     0.00    0.00
 167661.411     0.000     0.00    0.00
 168030.603     0.000     0.00    0.00
 168399.864     0.000     0.00    0.00
 168769.193     0.000     0.00    0.00
 169138.590     0.000     0.00    0.00
 169508.055     0.000     0.00    0.00
 169877.589     0.000     0.00    0.00
 170247.192     0.000     0.00    0.00
 170616.863     0.000     0.00    0.00
 170986.602     0.000     0.00    0.00
 171356.410     0.000     0.00    0.00
 171726.287     0.000     0.00    0.00
 172096.232     0.000     0.00    0.00
 172466.246     0.000     0.00    0.00
 172836.329     0.000     0.00    0.00
 173206.481     0.000     0.00    0.00
 173576.701     0.000     0.00    0.00
 173946.990     0.000     0.00    0.00
 174317.348     0.000     0.00    0.00
 174687.776     0.000     0.00    0.00
 175058.272     0.000     0.00    0.00
 175428.837     0.000     0.00    0.00
 175799.471     0.000     0.00    0.00
 176170.174     0.000     0.00    0.00
 176540.946     0.000     0.00    0.00
 176911.787     0.000     0.00    0.00
 177282.698     0.000     0.00    0.00
 177653.678     0.000     0.00    0.00
 178024.727     0.000     0.00    0.00
 178395.845     0.000     0.00    0.00
 178767.033     0.000     0.00    0.00
 179138.290     0.000     0.00    0.00
 179509.617     0.000     0.00    0.00
 179881.013     0.000     0.00    0.00
 180252.478     0.000     0.00    0.00
 180624.013     0.000     0.00    0.00
 180995.618     0.000     0.00    0.00
 181367.292     0.000     0.00    0.00
 181739.036     0.000     0.00    0.00
 182110.850     0.000     0.00    0.00
 182482.734     0.000     0.00    0.00
 182854.687     0.000     0.00    0.00
 183226.710     0.000     0.00    0.00
 183598.803     0.000     0.00    0.00
 183970.965     0.000     0.00    0.00
 184343.198     0.000     0.00    0.00
 184715.501     0.000     0.00    0.00
 185087.873     0.000     0.00    0.00
 185460.316     0.000     0.00    0.00
 185832.829     0.000     0.00    0.00
 186205.412     0.000     0.00    0.00
 186578.065     0.000     0.00    0.00
 186950.788     0.000     0.00    0.00
 187323.582     0.000     0.00    0.00
 187696.446     0.000     0.00    0.00
 188069.380     0.000     0.00    0.00
 188442.385     0.000     0.00    0.00
 188815.460     0.000     0.00    0.00
 189188.605     0.000     0.00    0.00
 189561.821     0.000     0.00    0.00
 189935.108     0.000     0.00    0.00
 190308.465     0.000     0.00    0.00
 190681.892     0.000     0.00    0.00
 191055.391     0.000     0.00    0.00
 191428.960     0.000     0.00    0.00
 191802.599     0.000     0.00    0.00
 192176.310     0.000     0.00    0.00
 192550.091     0.000     0.00    0.00
 192923.943     0.000     0.00    0.00
 193297.866     0.000     0.00    0.00
 193671.860     0.000     0.00    0.00
 194045.925     0.000     0.00    0.00
 194420.061     0.000     0.00    0.00
 194794.268     0.000     0.00    0.00
 195168.546     0.000     0.00    0.00
 195542.895     0.000     0.00    0.00
 195917.316     0.000     0.00    0.00
 196291.807     0.000     0.00    0.00
 196666.370     0.000     0.00    0.00
 197041.004     0.000     0.00    0.00
 197415.710     0.000     0.00    0.00
 197790.487     0.000     0.00    0.00
 198165.335     0.000     0.00    0.00
 198540.255     0.000     0.00    0.00
