# NaN NaN NaN ;Mean Elev.(m), Avg Gradient(m/km), RMS Gradient(m/km) - SRTM1     
#   88.302  -9.615  87.585 ;Mean Elev.(m), Avg Gradient(m/km), RMS Gradient(m/km) - ASTER GDEM
#   79.455 -10.240  85.963 ;Mean Elev.(m), Avg Gradient(m/km), RMS Gradient(m/km) - GMTED2010 
  9    79.731 52513.27865592 52.55 210.219246  65.872371 21.040
  9    80.206 52513.27865657 50.64 210.216086  65.875461 21.040
  9    80.231 52513.27865721 48.62 210.212916  65.878551 21.040
  9    80.181 52513.27865786 45.60 210.209756  65.881641 21.040
 11    80.141 52583.27869694 40.30 210.208136  65.866742 22.120
 11    79.973 52583.27869759 44.12 210.204976  65.869832 22.120
 11    80.121 52583.27869823 44.70 210.201806  65.872922 22.120
 11    80.161 52583.27869888 39.11 210.198646  65.876012 22.120
 12    81.028 52618.27867174 44.16 210.213112  65.867990 19.492
 12    80.858 52618.27867239 33.30 210.209952  65.871080 19.492
 12    81.015 52618.27867303 36.73 210.206792  65.874170 19.492
 12    81.001 52618.27867368 29.33 210.203622  65.877260 19.492
 13    80.121 52653.27864661 33.55 210.210120  65.865658 10.382
 13    80.171 52653.27864726 39.56 210.206960  65.868748 10.382
 13    80.431 52653.27864790 22.45 210.203790  65.871848 10.382
 13    86.901 52653.27864854 14.57 210.200630  65.874938 10.382
 14    79.630 52688.27864719 30.62 210.216390  65.869380  9.619
 14    79.492 52688.27864784 19.91 210.213230  65.872470  9.619
 14    86.581 52688.27864848 13.11 210.210070  65.875570  9.619
 14    86.822 52688.27864913 14.28 210.206900  65.878660  9.619
 15    80.022 52723.27869365 17.46 210.201729  65.869474  7.286
 15    87.951 52723.27869429 11.65 210.198569  65.872564  7.286
 19    96.089 52863.27878022  6.95 210.202964  65.868419 14.635
 19    92.684 52863.27878087 14.69 210.199794  65.871519 14.635
 19    91.130 52863.27878151 23.70 210.196634  65.874609 14.635
 20    82.393 52898.27880889 41.84 210.210996  65.865059 28.198
 20    82.508 52898.27880953 43.61 210.207836  65.868149 28.198
 20    82.725 52898.27881018 45.92 210.204666  65.871239 28.198
 20    82.800 52898.27881082 45.27 210.201506  65.874329 28.198
 20    82.701 52898.27881147 44.71 210.198336  65.877419 28.198
 21    80.265 52933.27875447 45.61 210.216660  65.867389 23.234
 21    79.919 52933.27875511 40.83 210.213500  65.870479 23.234
 21    79.729 52933.27875575 41.67 210.210330  65.873569 23.234
 21    80.064 52933.27875640 55.02 210.207170  65.876659 23.234
 21    80.124 52933.27875704 48.69 210.204000  65.879759 23.234
 24    92.980 53038.27873532 12.51 210.213321  65.868898  5.412
 24    94.653 53038.27873597 13.46 210.210161  65.871988  5.412
 24    96.591 53038.27873661 13.48 210.206991  65.875078  5.412
 24    97.832 53038.27873726 14.78 210.203831  65.878168  5.412
 25    91.451 53073.27876281 12.35 210.204996  65.867793  4.653
 25    93.527 53073.27876345 13.18 210.201836  65.870883  4.653
 25    94.383 53073.27876410 13.87 210.198666  65.873973  4.653
 26    80.113 53108.27873578 13.99 210.216068  65.869671 17.032
 26    80.854 53108.27873642 17.80 210.212908  65.872761 17.032
 26    81.543 53108.27873707 19.25 210.209738  65.875851 17.032
 26    82.026 53108.27873771 22.36 210.206578  65.878941 17.032
 28   172.060 53178.27879378  4.39 210.201730  65.872443  5.136
 28   170.864 53178.27879442  4.57 210.198560  65.875533  5.136
 29    81.890 53213.27881405 44.29 210.201628  65.869743 26.388
 29    81.942 53213.27881469 45.75 210.198458  65.872833 26.388
 30    81.113 53248.27878222 47.53 210.216498  65.866471 23.155
 30    80.989 53248.27878286 44.25 210.213338  65.869561 23.155
 30    81.156 53248.27878351 45.37 210.210168  65.872651 23.155
 30    81.219 53248.27878415 54.54 210.207008  65.875741 23.155
 30    81.147 53248.27878480 47.49 210.203838  65.878831 23.155
 32    77.807 53318.27877234 20.90 210.203859  65.868716 16.361
 32    78.216 53318.27877298 20.18 210.200689  65.871806 16.361
 32    78.399 53318.27877362 20.69 210.197529  65.874896 16.361
 33    80.452 53353.27873848 20.65 210.216982  65.870210  7.868
 33    79.993 53353.27873912 17.37 210.213822  65.873300  7.868
 33    80.278 53353.27873977 19.37 210.210652  65.876390  7.868
 33    80.832 53353.27874041 17.44 210.207492  65.879480  7.868
 35    79.217 53423.27873521 11.44 210.214060  65.867652  6.134
 35    86.609 53423.27873586 11.02 210.210900  65.870752  6.134
 35    85.398 53423.27873650 10.36 210.207730  65.873842  6.134
 35    97.352 53423.27873714  9.12 210.204570  65.876932  6.134
 38    89.577 53528.27880355 33.32 210.213295  65.865712 28.481
 38    91.377 53528.27880419 35.09 210.210135  65.868812 28.481
 38    90.000 53528.27880484 39.09 210.206965  65.871902 28.481
 38    89.320 53528.27880548 39.83 210.203805  65.874992 28.481
 38    89.042 53528.27880613 39.51 210.200635  65.878082 28.481
 39    82.986 53563.27883369 20.14 210.205277  65.866955 22.692
 39    83.113 53563.27883433 22.89 210.202117  65.870045 22.692
 39    88.280 53563.27883497 21.62 210.198947  65.873145 22.692
 40    82.189 53598.27877383 40.24 210.218643  65.867079 27.480
 40    81.815 53598.27877448 44.00 210.215483  65.870169 27.480
 40    82.322 53598.27877512 44.91 210.212313  65.873269 27.480
 40    82.335 53598.27877577 50.70 210.209153  65.876359 27.480
 40    82.495 53598.27877641 47.17 210.205983  65.879449 27.480
 43    80.303 53703.27873439 36.12 210.217345  65.866757 12.526
 43    80.041 53703.27873504 23.15 210.214185  65.869847 12.526
 43    79.972 53703.27873568 20.36 210.211025  65.872947 12.526
 43    80.254 53703.27873633 21.71 210.207855  65.876037 12.526
 43    80.143 53703.27873697 18.33 210.204695  65.879127 12.526
 44    79.867 53738.27864499 19.02 210.225088  65.874244  8.538
 44    81.009 53738.27864564 18.16 210.221928  65.877334  8.538
 44    80.827 53738.27864628 17.69 210.218768  65.880424  8.538
 44    86.019 53738.27864693 16.79 210.215598  65.883514  8.538
 45    86.634 53773.27865850 12.99 210.205787  65.868295  4.931
 45    87.260 53773.27865915 14.10 210.202627  65.871385  4.931
 45    96.845 53773.27865979 12.02 210.199457  65.874475  4.931
 46    94.910 53808.27864535  9.09 210.218211  65.871584  4.433
 46    96.485 53808.27864599 10.47 210.215051  65.874684  4.433
 46    97.502 53808.27864664 10.68 210.211891  65.877774  4.433
 46    99.239 53808.27864728 11.75 210.208721  65.880864  4.433
 48    87.536 53878.27871474 42.34 210.202553  65.867914 27.980
 48    87.994 53878.27871538 41.85 210.199383  65.871004 27.980
 53    78.526 54053.27874532 24.88 210.211778  65.868116 12.573
 53    78.827 54053.27874596 25.68 210.208608  65.871216 12.573
 53    78.970 54053.27874661 26.21 210.205448  65.874306 12.573
 53    87.342 54053.27874725 22.82 210.202278  65.877396 12.573
 54    93.490 54088.27873700 14.42 210.213482  65.868027  5.761
 54    95.604 54088.27873764 14.77 210.210322  65.871117  5.761
 54    97.402 54088.27873829 15.74 210.207162  65.874217  5.761
 54    98.819 54088.27873893 15.44 210.203992  65.877307  5.761
 56    93.844 54158.27870091  9.14 210.203839  65.868784  3.006
 56    95.436 54158.27870155 10.80 210.200669  65.871874  3.006
 56    97.180 54158.27870219 10.45 210.197509  65.874964  3.006
 59    85.196 54263.27873136 38.43 210.204659  65.866880 17.093
 59    85.327 54263.27873201 44.67 210.201489  65.869970 17.093
 59    85.384 54263.27873265 48.62 210.198329  65.873060 17.093
 60    83.311 54298.27873627 36.43 210.205525  65.867435 19.816
 60    83.463 54298.27873692 39.51 210.202355  65.870525 19.816
 60    83.558 54298.27873756 45.02 210.199195  65.873615 19.816
 61    83.370 54333.27872575 43.64 210.213918  65.867604 16.120
 61    83.443 54333.27872639 46.83 210.210748  65.870694 16.120
 61    83.786 54333.27872704 43.77 210.207588  65.873784 16.120
 61    83.790 54333.27872768 43.21 210.204418  65.876874 16.120
 63    79.770 54403.27866890 37.81 210.210652  65.866435 14.575
 63    79.961 54403.27866955 43.66 210.207492  65.869525 14.575
 63    79.977 54403.27867019 47.77 210.204332  65.872615 14.575
 63    80.007 54403.27867084 42.35 210.201161  65.875710 14.176
 65    87.047 54473.27865517 12.48 210.202505  65.867852  5.727
 65    87.806 54473.27865581 11.81 210.199345  65.870942  5.727
 67    91.591 54543.27866946  8.87 210.208302  65.867592  3.825
 67    93.513 54543.27867010 10.09 210.205142  65.870682  3.825
 67    87.214 54543.27867075 12.26 210.201972  65.873772  3.825
 67    96.886 54543.27867139 11.15 210.198812  65.876862  3.825
 69    84.259 54613.27865981 30.07 210.209646  65.866340 20.322
 69    84.123 54613.27866045 27.65 210.206486  65.869430 20.322
 69    87.912 54613.27866110 23.95 210.203316  65.872520 20.322
 69    84.885 54613.27866174 23.59 210.200156  65.875610 20.322
 71    84.274 54683.27866665 39.27 210.214027  65.865188 23.000
 71    84.117 54683.27866730 34.17 210.210857  65.868278 23.000
 71    84.379 54683.27866794 32.35 210.207697  65.871368 23.000
 71    84.732 54683.27866859 30.31 210.204537  65.874458 23.000
 71    84.612 54683.27866923 32.28 210.201367  65.877548 23.000
 77    81.509 54893.27863650 13.27 210.211122  65.865065  4.725
 77    86.222 54893.27863715 13.07 210.207952  65.868155  4.725
 77    93.978 54893.27863779 11.76 210.204792  65.871245  4.725
 77    95.963 54893.27863844 11.62 210.201622  65.874335  4.725
 77    97.681 54893.27863908 10.73 210.198462  65.877425  4.725
 82    81.519 55068.27863446 44.61 210.215732  65.866643 22.778
 82    81.568 55068.27863510 53.93 210.212562  65.869733 22.778
 82    82.075 55068.27863575 53.32 210.209402  65.872823 22.778
 82    82.145 55068.27863639 47.10 210.206232  65.875913 22.778
 82    82.040 55068.27863704 48.50 210.203072  65.879003 22.778
 84    79.983 55138.27858183 38.18 210.204243  65.868327 19.131
 84    80.258 55138.27858247 39.40 210.201083  65.871417 19.131
 84    80.262 55138.27858312 37.12 210.197913  65.874507 19.131
 88    89.565 55278.27856953  7.61 210.212886  65.865301  3.448
 88    92.256 55278.27857018  7.55 210.209716  65.868391  3.448
 88    94.700 55278.27857082  7.89 210.206556  65.871481  3.448
 88    95.938 55278.27857147  8.49 210.203386  65.874571  3.448
 88    97.626 55278.27857211  9.11 210.200226  65.877661  3.448
 90    82.758 55348.27854001 43.59 210.213141  65.865083 21.858
 90    82.700 55348.27854066 45.75 210.209971  65.868173 21.858
 90    82.876 55348.27854130 45.32 210.206811  65.871263 21.858
 90    82.934 55348.27854194 50.25 210.203641  65.874353 21.858
 90    82.924 55348.27854259 42.96 210.200481  65.877443 21.858
 92    83.284 55418.27856015 43.67 210.200488  65.869623 23.939
 92    83.311 55418.27856080 47.66 210.197318  65.872713 23.939
 93    81.870 55453.27853968 52.51 210.216028  65.868097 25.214
 93    82.213 55453.27854033 52.14 210.212858  65.871187 25.214
 93    82.085 55453.27854097 54.19 210.209698  65.874277 25.214
 93    82.419 55453.27854162 51.69 210.206528  65.877367 25.214
 93    82.273 55453.27854226 46.92 210.203368  65.880457 25.214
 94    79.129 55488.27846162 34.42 210.218977  65.873639 17.810
 94    79.342 55488.27846226 39.41 210.215817  65.876729 17.810
 94    79.559 55488.27846291 48.51 210.212647  65.879819 17.810
