-172990.041   451.539     0.00    6.32
-172618.795   447.375   -11.21    5.74
-172247.480   443.484   -10.48    3.81
-171876.096   440.776    -7.29    3.45
-171504.642   438.344    -6.55    3.24
-171133.119   435.481    -7.71    3.58
-170761.526   432.387    -8.32    3.72
-170389.863   428.601   -10.19    4.19
-170018.131   424.857   -10.07    4.35
-169646.329   420.409   -11.96    4.72
-169274.457   416.552   -10.37    4.53
-168902.516   412.601   -10.62    4.38
-168530.505   408.760   -10.33    4.24
-168158.424   404.645   -11.06    5.16
-167786.273   400.183   -11.99    6.22
-167414.052   394.798   -14.46    7.25
-167041.761   390.206   -12.33    7.54
-166669.400   386.259   -10.60    7.62
-166296.969   385.643    -1.66   12.07
-165924.468   390.045    11.82   18.93
-165551.897   402.904    34.51   31.15
-165179.256   426.578    63.52   40.03
-164806.545   449.845    62.42   37.53
-164433.763   475.993    70.14   20.00
-164060.911   486.742    28.82   20.75
-163687.989   487.321     1.55   26.98
-163314.996   478.007   -24.97   34.02
-162941.933   463.752   -38.20   37.57
-162568.800   444.966   -50.34   33.43
-162195.596   423.800   -56.71   27.57
-161822.322   406.264   -46.97   26.11
-161448.977   387.520   -50.20   25.35
-161075.561   370.392   -45.86   22.85
-160702.075   351.113   -51.61   20.79
-160328.518   335.472   -41.87   18.24
-159954.891   323.450   -32.17   16.96
-159581.192   313.613   -26.32   12.94
-159207.423   304.941   -23.20    8.10
-158833.583   299.962   -13.32    6.55
-158459.672   295.317   -12.42    5.11
-158085.691   291.953    -8.99    4.05
-157711.638   291.765    -0.50    6.57
-157337.514   295.641    10.36   13.37
-156963.319   306.231    28.30   23.83
-156589.054   321.462    40.69   33.46
-156214.717   343.754    59.54   46.12
-155840.309   376.381    87.13   67.84
-155465.829   419.659   115.56   79.87
-155091.279   456.340    97.92   81.21
-154716.657   489.738    89.14   71.07
-154341.964   499.857    27.00   63.67
-153967.199   495.232   -12.34   64.51
-153592.364   493.628    -4.28   72.46
-153217.456   484.728   -23.74   82.85
-152842.478   477.708   -18.72   82.89
-152467.427   459.464   -48.64   68.38
-152092.305   421.179  -102.05   67.82
-151717.112   374.312  -124.90   58.40
-151341.847   347.797   -70.65   47.50
-150966.510   331.485   -43.45   34.04
-150591.102   340.555    24.16   45.05
-150215.621   368.751    75.09   60.46
-149840.069   403.566    92.69   76.06
-149464.445   425.616    58.69   70.00
-149088.749   420.170   -14.49   61.46
-148712.982   388.543   -84.16   59.59
-148337.142   356.276   -85.84   49.92
-147961.230   321.708   -91.95   25.18
-147585.246   305.664   -42.67   21.56
-147209.191   287.729   -47.69   22.19
-146833.063   272.978   -39.22   19.78
-146456.862   260.764   -32.46   14.71
-146080.590   251.309   -25.12    9.47
-145704.245   242.305   -23.92   10.21
-145327.828   232.532   -25.96   13.36
-144951.339   222.404   -26.90   14.18
-144574.777   216.369   -16.02   12.23
-144198.143   214.282    -5.54   11.00
-143821.437   216.129     4.90   10.69
-143444.658   216.316     0.50    7.67
-143067.806   213.101    -8.53    8.52
-142690.882   209.039   -10.78   10.02
-142313.885   202.125   -18.34    9.54
-141936.815   194.493   -20.24   11.42
-141559.673   184.585   -26.27   14.01
-141182.458   171.282   -35.26   15.24
-140805.170   160.833   -27.69   11.64
-140427.810   153.485   -19.47    8.54
-140050.376   147.524   -15.79    3.42
-139672.870   144.410    -8.25    3.95
-139295.290   140.964    -9.13    3.92
-138917.638   138.133    -7.50    3.37
-138539.912   135.473    -7.04    2.67
-138162.114   133.590    -4.99    2.30
-137784.242   131.690    -5.03    2.16
-137406.297   129.937    -4.64    2.26
-137028.279   128.029    -5.04    2.40
-136650.188   126.119    -5.05    2.46
-136272.023   123.903    -5.86    2.55
-135893.785   121.984    -5.07    2.42
-135515.473   119.799    -5.77    2.33
-135137.089   118.113    -4.46    2.16
-134758.630   116.322    -4.73    1.94
-134380.098   114.690    -4.31    1.98
-134001.493   112.984    -4.51    2.07
-133622.814   111.298    -4.45    2.08
-133244.061   109.558    -4.59    2.05
-132865.235   108.116    -3.81    1.69
-132486.335   107.229    -2.34    1.35
-132107.361   106.491    -1.95    1.45
-131728.313   105.755    -1.94    1.89
-131349.192   104.442    -3.46    2.72
-130969.996   102.248    -5.79    3.69
-130590.727    99.206    -8.02    4.02
-130211.383    96.225    -7.86    3.70
-129831.966    93.457    -7.29    2.74
-129452.475    91.659    -4.74    1.95
-129072.909    90.194    -3.86    1.26
-128693.269    89.289    -2.39    1.07
-128313.555    88.363    -2.44    1.06
-127933.767    87.598    -2.01    1.04
-127553.905    86.562    -2.73    1.55
-127173.968    85.236    -3.49    2.12
-126793.957    83.276    -5.16    2.53
-126413.871    81.613    -4.37    2.44
-126033.711    79.891    -4.53    2.84
-125653.476    79.045    -2.22    3.83
-125273.167    77.800    -3.28    3.93
-124892.783    76.406    -3.66    3.01
-124520.232    75.271    -3.05    1.49
-124154.029    74.643    -1.71    0.81
-123787.759    74.087    -1.52    0.76
-123421.419    73.613    -1.29    0.94
-123055.012    72.982    -1.72    0.91
-122688.535    72.417    -1.54    0.87
-122321.991    72.183    -0.64    0.99
-121955.377    72.357     0.48    1.22
-121588.696    72.750     1.07    1.35
-121221.945    73.420     1.83    1.25
-120855.126    74.243     2.24    1.21
-120488.238    74.823     1.58    1.08
-120121.281    75.252     1.17    0.79
-119754.256    75.351     0.27    0.86
-119387.161    75.219    -0.36    1.01
-119019.998    75.236     0.05    0.98
-118652.766    75.381     0.39    0.90
-118285.465    75.482     0.28    0.70
-117918.095    75.558     0.21    0.65
-117550.656    75.643     0.23    0.82
-117183.148    75.801     0.43    1.32
-116815.571    76.755     2.59    2.43
-116447.924    79.190     6.62    4.47
-116080.209    83.241    11.01    6.12
-115712.424    88.198    13.48    7.25
-115344.570    93.634    14.78    6.55
-114976.646    97.340    10.07    5.58
-114608.654    99.894     6.94    4.09
-114240.592   101.471     4.28    2.69
-113872.460   102.227     2.06    1.87
-113504.259   103.075     2.30    2.40
-113135.989   103.690     1.67    3.15
-112767.649   103.777     0.23    3.73
-112399.239   101.700    -5.63    6.89
-112030.760    96.262   -14.76   10.58
-111662.211    89.179   -19.22   12.85
-111293.592    79.543   -26.14   12.64
-110924.904    71.789   -21.03    8.65
-110556.146    66.133   -15.34    5.81
-110187.318    61.719   -11.97    4.73
-109818.420    56.741   -13.49    5.81
-109449.453    51.800   -13.39    6.90
-109080.415    46.024   -15.65    5.87
-108711.308    42.593    -9.29    3.80
-108342.130    41.247    -3.64    3.52
-107972.883    46.363    13.85   13.27
-107603.565    56.430    27.26   22.15
-107234.177    69.282    34.79   25.25
-106864.719    81.930    34.23   24.70
-106495.191    89.403    20.22   22.35
-106125.593    96.243    18.51   23.76
-105755.924    97.239     2.70   22.57
-105386.185    95.000    -6.06   17.90
-105016.375    91.709    -8.90   13.16
-104646.496    88.869    -7.68    9.84
-104276.545    84.357   -12.19    7.94
-103906.525    79.639   -12.75    8.18
-103536.433    76.729    -7.86    7.46
-103166.271    78.363     4.41    9.08
-102796.039    86.904    23.07   15.18
-102425.736    99.927    35.17   16.97
-102055.362   112.938    35.13   14.37
-101684.918   120.050    19.20   11.27
-101314.402   122.434     6.43   12.39
-100943.816   118.812    -9.77   13.56
-100573.159   119.504     1.87   14.69
-100202.431   122.294     7.52   14.03
 -99831.632   122.552     0.70   12.00
 -99460.763   122.673     0.33   11.54
 -99089.822   123.601     2.50   13.43
 -98718.810   129.539    16.00   14.75
 -98347.727   136.650    19.16   10.64
 -97976.573   141.446    12.92    6.97
 -97605.348   143.640     5.91    4.41
 -97234.051   142.562    -2.90    4.39
 -96862.684   140.607    -5.26    3.83
 -96491.245   139.266    -3.61    3.13
 -96119.734   138.799    -1.26    2.63
 -95748.152   139.800     2.69    3.51
 -95376.499   140.488     1.85    4.35
 -95004.775   140.891     1.08    5.20
 -94632.979   141.386     1.33    5.98
 -94261.111   141.973     1.58    6.01
 -93889.172   143.973     5.38    6.93
 -93517.161   147.985    10.78    8.94
 -93145.078   153.562    14.99   10.60
 -92772.924   162.385    23.71   13.52
 -92400.698   173.139    28.89   15.84
 -92028.400   182.516    25.18   16.18
 -91656.030   189.869    19.74   14.02
 -91283.589   196.971    19.07   13.56
 -90911.076   203.026    16.25   16.32
 -90538.490   214.915    31.91   22.23
 -90165.833   231.448    44.36   27.69
 -89793.103   246.765    41.09   29.46
 -89420.302   257.823    29.66   24.42
 -89047.428   261.287     9.29   18.14
 -88674.482   257.868    -9.17   18.44
 -88301.464   246.694   -29.95   17.84
 -87928.374   234.846   -31.76   16.51
 -87555.212   223.457   -30.52   11.18
 -87181.977   214.062   -25.17   10.82
 -86808.670   205.445   -23.08    9.19
 -86435.290   199.391   -16.21    8.18
 -86061.838   193.964   -14.53    8.08
 -85688.313   190.289    -9.84    9.03
 -85314.716   186.692    -9.63    9.18
 -84941.046   182.914   -10.11    7.79
 -84567.304   179.640    -8.76    6.88
 -84193.489   176.968    -7.15    6.82
 -83819.601   174.737    -5.97    6.10
 -83445.641   172.305    -6.50    4.52
 -83071.607   171.174    -3.02    4.57
 -82697.501   171.096    -0.21    5.71
 -82323.322   173.747     7.09    9.91
 -81949.070   177.925    11.16   13.53
 -81574.745   183.405    14.64   16.75
 -81200.347   187.368    10.59   16.41
 -80825.877   189.714     6.26   14.55
 -80451.333   187.618    -5.60   12.06
 -80076.715   182.052   -14.86   11.03
 -79702.025   175.949   -16.29   10.36
 -79327.261   169.231   -17.93    8.10
 -78952.425   165.868    -8.97   10.47
 -78577.515   162.158    -9.90   12.58
 -78202.531   158.024   -11.03   13.15
 -77827.474   153.125   -13.06   12.02
 -77452.344   149.435    -9.84    9.35
 -77077.140   148.303    -3.02    8.92
 -76701.863   148.971     1.78    9.09
 -76326.512   148.664    -0.82    8.50
 -75951.088   146.857    -4.81    9.70
 -75575.590   148.991     5.68   12.28
 -75200.018   149.880     2.37   13.40
 -74824.372   150.500     1.65   12.48
 -74448.653   150.268    -0.62    9.62
 -74072.860   148.905    -3.63    4.93
 -73696.993   145.183    -9.90    6.40
 -73321.052   140.125   -13.45    6.65
 -72945.037   135.050   -13.50    6.00
 -72568.948   131.052   -10.63    6.04
 -72192.786   123.164   -20.97   14.59
 -71816.549   116.714   -17.14   16.34
 -71440.238   110.079   -17.63   17.05
 -71063.852   103.738   -16.85   16.25
 -70687.393    99.690   -10.75   15.32
 -70310.859    98.410    -3.40   14.96
 -69934.251   100.857     6.50   16.66
 -69557.569   104.726    10.27   17.60
 -69180.812   105.542     2.17   17.56
 -68803.981   105.492    -0.13   17.76
 -68427.076   103.346    -5.70   16.83
 -68050.096   101.125    -5.89   16.44
 -67673.041   100.937    -0.50   17.79
 -67295.912   101.340     1.07   19.53
 -66918.708   100.959    -1.01   21.46
 -66541.429   100.650    -0.82   21.62
 -66164.076   100.363    -0.76   20.70
 -65786.648    98.984    -3.65   19.39
 -65409.145    95.627    -8.89   18.15
 -65031.567    88.892   -17.84   18.20
 -64653.914    80.084   -23.32   17.94
 -64276.187    66.982   -34.69   16.35
 -63898.384    57.677   -24.63   14.19
 -63520.507    48.535   -24.19    8.10
 -63142.554    46.607    -5.10    9.77
 -62764.526    52.596    15.84   22.04
 -62386.423    63.618    29.15   30.48
 -62008.244    85.430    57.67   38.49
 -61629.991   107.947    59.53   35.50
 -61251.662   124.312    43.25   27.28
 -60873.258   130.604    16.63   20.32
 -60494.778   135.059    11.77   12.21
 -60116.223   140.210    13.61    9.16
 -59737.592   146.644    16.99    7.66
 -59358.886   151.536    12.92    5.19
 -58980.105   155.528    10.54    4.34
 -58601.247   157.676     5.67    4.93
 -58222.314   158.791     2.94    6.16
 -57843.306   158.286    -1.33    7.88
 -57464.221   158.033    -0.67    6.92
 -57085.061   157.488    -1.44    5.37
 -56705.825   154.062    -9.03    6.77
 -56326.513   149.472   -12.10    9.18
 -55947.125   143.655   -15.33   11.37
 -55567.661   138.774   -12.86   11.17
 -55188.121   134.993    -9.96   11.85
 -54808.505   132.520    -6.52   11.75
 -54428.813   131.573    -2.49   11.47
 -54049.045   130.084    -3.92    9.42
 -53669.200   128.313    -4.66   10.43
 -53289.280   124.823    -9.18   12.97
 -52909.283   114.801   -26.37   17.46
 -52529.209   104.789   -26.34   16.30
 -52149.059    97.062   -20.33   11.53
 -51768.833    91.424   -14.83    3.33
 -51388.531    88.925    -6.57    3.73
 -51008.151    85.516    -8.96    5.92
 -50627.696    81.997    -9.25    6.81
 -50247.163    79.334    -7.00    5.84
 -49870.010    78.845    -1.30    5.19
 -49504.026    79.868     2.80    5.14
 -49137.972    80.777     2.48    5.65
 -48771.848    81.278     1.37    6.35
 -48405.654    81.902     1.71    6.25
 -48039.389    83.236     3.64    6.62
 -47673.055    84.823     4.33    6.38
 -47306.650    86.452     4.45    4.71
 -46940.175    89.891     9.38    8.10
 -46573.630    95.917    16.44   10.33
 -46207.014   100.268    11.87    9.55
 -45840.328   102.198     5.26    8.94
 -45473.571   103.014     2.23    8.03
 -45106.744   100.346    -7.27    9.33
 -44739.847    96.396   -10.76   14.27
 -44372.879    85.005   -31.04   26.31
 -44005.840    58.937   -71.02   37.89
 -43638.730    35.979   -62.53   36.03
 -43271.550    14.087   -59.62   21.53
 -42904.300     2.767   -30.82    5.71
 -42536.978    -0.366    -8.53    1.46
 -42169.586    -0.876    -1.39    0.44
 -41802.123    -0.838     0.10    0.46
 -41434.589    -0.761     0.21    0.49
 -41066.984    -0.643     0.32    0.50
 -40699.308    -0.525     0.32    0.49
 -40331.561    -0.419     0.29    0.45
 -39963.743    -0.323     0.26    0.39
 -39595.854    -0.222     0.27    0.27
 -39227.893    -0.165     0.16    0.15
 -38859.862    -0.223    -0.16    0.27
 -38491.759    -0.534    -0.84    0.56
 -38123.585    -1.029    -1.35    0.79
 -37755.340     3.593    12.55   16.77
 -37387.024    34.402    83.65   59.69
 -37018.636    79.369   122.06   73.27
 -36650.177   121.879   115.37   62.45
 -36281.646   157.950    97.88   26.06
 -35913.043   169.582    31.56   27.61
 -35544.370   183.218    36.98   33.82
 -35175.624   197.246    38.04   33.29
 -34806.807   195.190    -5.57   33.92
 -34437.919   178.835   -44.34   46.29
 -34068.958   149.539   -79.40   55.26
 -33699.926   116.925   -88.37   46.09
 -33330.822   100.475   -44.57   33.54
 -32961.646    97.755    -7.37   26.05
 -32592.399   112.290    39.36   38.06
 -32223.079   139.961    74.92   47.90
 -31853.687   157.542    47.60   49.44
 -31484.224   170.417    34.84   44.71
 -31114.688   168.790    -4.40   37.28
 -30745.081   160.749   -21.76   36.36
 -30375.401   129.568   -84.34   52.99
 -30005.649    93.036   -98.80   54.05
 -29635.825    62.802   -81.75   37.79
 -29265.928    46.539   -43.97   16.42
 -28895.959    44.653    -5.10    6.13
 -28525.918    50.700    16.34   10.56
 -28155.805    56.677    16.15   10.86
 -27785.619    61.073    11.87   10.27
 -27415.361    66.368    14.30   10.40
 -27045.030    70.812    12.00   12.12
 -26674.626    75.956    13.89   11.37
 -26304.150    75.213    -2.01   11.55
 -25933.602    66.747   -22.85   16.70
 -25562.981    54.524   -32.98   16.89
 -25192.286    45.673   -23.88   10.23
 -24821.520    49.368     9.97   15.99
 -24450.680    64.892    41.86   27.17
 -24079.768    89.565    66.52   34.03
 -23708.782   113.202    63.71   27.96
 -23337.724   129.290    43.36   24.08
 -22966.593   133.833    12.24   23.90
 -22595.389   121.509   -33.20   31.46
 -22224.111   107.393   -38.02   31.61
 -21852.761   101.637   -15.50   24.42
 -21481.337   109.539    21.27   28.91
 -21109.841   130.408    56.17   30.03
 -20738.271   140.596    27.42   26.63
 -20366.627   133.071   -20.25   35.02
 -19994.911   116.075   -45.72   41.34
 -19623.121    93.498   -60.73   30.20
 -19251.258    86.778   -18.07   17.55
 -18879.321    97.613    29.13   23.89
 -18507.311   113.235    41.99   26.75
 -18135.227   136.468    62.44   30.89
 -17763.069   162.979    71.24   42.41
 -17390.838   203.014   107.55   57.59
 -17018.534   249.902   125.94   56.70
 -16646.155   287.880   101.99   40.76
 -16273.703   291.946    10.92   35.74
 -15901.177   258.972   -88.51   68.69
 -15528.577   205.385  -143.82   81.28
 -15155.904   144.645  -162.98   56.13
 -14783.156   117.183   -73.67   32.20
 -14410.335   111.369   -15.59   18.99
 -14037.439   130.335    50.86   28.65
 -13664.470   153.045    60.89   30.25
 -13291.426   177.967    66.81   35.99
 -12918.308   197.964    53.59   38.54
 -12545.116   218.998    56.36   46.40
 -12171.850   236.543    47.00   46.98
 -11798.509   243.270    18.02   49.10
 -11425.094   245.508     5.99   49.46
 -11051.605   254.429    23.88   53.69
 -10678.042   263.214    23.52   58.21
 -10304.403   285.791    60.42   60.77
  -9930.691   320.245    92.19   61.97
  -9556.904   363.568   115.90   72.37
  -9183.042   392.786    78.15   63.01
  -8809.106   393.093     0.82   59.29
  -8435.095   361.045   -85.69   74.13
  -8061.009   314.524  -124.36   61.15
  -7686.849   290.148   -65.15   53.12
  -7312.613   273.253   -45.15   51.71
  -6938.303   260.039   -35.30   53.34
  -6563.918   244.494   -41.52   49.64
  -6189.458   209.979   -92.17   52.84
  -5814.923   170.202  -106.21   56.07
  -5440.313   146.169   -64.15   43.96
  -5065.628   131.157   -40.07   28.22
  -4690.868   133.172     5.38   21.52
  -4316.033   138.735    14.84   18.93
  -3941.122   134.823   -10.43   24.99
  -3566.136   131.335    -9.30   31.24
  -3191.075   121.096   -27.30   31.69
  -2815.939   102.035   -50.81   22.46
  -2440.727    88.800   -35.27   12.05
  -2065.440    79.413   -25.01    8.79
  -1690.077    72.014   -19.71    9.76
  -1314.639    56.668   -40.88   21.97
   -939.125    35.992   -55.06   29.82
   -563.535    15.801   -53.76   25.51
   -187.870     7.346   -22.51   15.38
    187.870    13.868    17.36   19.11
    563.687    34.005    53.58   29.64
    939.579    74.464   107.63   54.48
   1315.547   115.190   108.32   68.50
   1691.592   170.268   146.47   79.12
   2067.712   212.297   111.74   76.13
   2443.908   249.557    99.05   74.58
   2820.180   278.374    76.58   76.35
   3196.528   325.379   124.90   99.20
   3572.952   374.435   130.32  109.86
   3949.452   430.890   149.95  119.11
   4326.029   474.971   117.06  101.40
   4702.681   486.402    30.35   83.03
   5079.411   459.823   -70.55   95.12
   5456.216   384.846  -198.98  109.23
   5833.098   321.149  -169.01   89.14
   6210.056   295.127   -69.03   70.57
   6587.091   313.664    49.17   80.31
   6964.202   348.824    93.24   82.88
   7341.390   372.516    62.81   75.78
   7718.654   349.990   -59.71   82.58
   8095.995   318.846   -82.54   71.15
   8473.413   312.957   -15.60   64.62
   8850.908   329.535    43.92   93.93
   9228.479   333.901    11.56  109.10
   9606.127   350.490    43.93  109.93
   9983.853   328.714   -57.65  110.19
  10361.655   284.879  -116.03   92.15
  10739.534   261.209   -62.64   73.56
  11117.490   258.857    -6.22   72.75
  11495.523   254.002   -12.84   70.78
  11873.633   257.079     8.14   64.75
  12251.821   273.560    43.58   75.03
  12630.085   307.453    89.60   97.24
  13008.427   338.143    81.12   99.93
  13386.847   348.455    27.25   90.15
  13765.343   354.396    15.70   75.09
  14143.918   377.938    62.19   86.08
  14522.569   422.270   117.08   91.56
  14901.298   478.551   148.61   77.19
  15280.105   525.132   122.97   68.04
  15658.989   574.645   130.68   78.75
  16037.951   635.746   161.23   98.31
  16416.990   695.690   158.15   91.59
  16796.107   753.913   153.57   73.82
  17175.303   776.234    58.86   68.65
  17554.575   757.679   -48.92   72.04
  17933.926   722.622   -92.42   74.14
  18313.355   671.450  -134.87   67.16
  18692.862   633.593   -99.76   50.77
  19072.446   621.205   -32.64   33.53
  19452.109   642.187    55.26   48.24
  19831.850   694.681   138.24   75.71
  20211.669   755.902   161.19   72.71
  20591.566   783.330    72.20   53.67
  20971.542   785.418     5.49   52.60
  21351.596   762.702   -59.77   53.99
  21731.728   751.943   -28.30   61.31
  22111.938   751.613    -0.87   66.89
  22492.228   734.051   -46.18   83.09
  22872.595   694.235  -104.68   99.35
  23253.041   618.681  -198.60   98.14
  23633.566   555.209  -166.80   72.20
  24014.169   506.538  -127.88   38.39
  24394.851   481.437   -65.94   37.35
  24775.612   475.890   -14.57   42.84
  25142.734   473.984    -5.19   52.89
  25508.568   476.516     6.92   61.37
  25874.474   474.292    -6.08   62.62
  26240.451   459.064   -41.61   63.86
  26606.500   447.205   -32.40   71.69
  26972.622   431.171   -43.79   71.26
  27338.815   410.099   -57.55   61.59
  27705.080   383.928   -71.46   42.97
  28071.417   365.746   -49.63   30.35
  28437.827   350.005   -42.96   20.48
  28804.308   338.183   -32.26   17.30
  29170.861   329.790   -22.90   15.54
  29537.487   321.664   -22.17   14.41
  29904.185   313.035   -23.53   15.23
  30270.955   303.901   -24.90   16.16
  30637.798   297.190   -18.29   14.77
  31004.713   289.136   -21.95   13.80
  31371.700   281.205   -21.61   13.69
  31738.760   270.938   -27.97   14.51
  32105.892   258.922   -32.73   15.02
  32473.097   247.202   -31.92   13.27
  32840.374   234.440   -34.75   14.52
  33207.724   221.363   -35.60   16.36
  33575.147   203.516   -48.57   20.98
  33942.642   188.129   -41.87   20.70
  34310.210   174.313   -37.59   13.94
  34677.851   167.824   -17.65    6.15
  35045.565   168.993     3.18    6.74
  35413.351   174.172    14.08    9.73
  35781.211   181.020    18.62   10.31
  36149.143   188.335    19.88   10.80
  36517.149   194.722    17.36    9.30
  36885.227   204.022    25.27   13.23
  37253.379   215.270    30.55   17.77
  37621.604   230.668    41.82   22.09
  37989.901   242.444    31.97   20.61
  38358.273   251.599    24.85   24.56
  38726.717   250.664    -2.54   33.60
  39095.235   240.982   -26.27   35.22
  39463.826   231.352   -26.13   26.69
  39832.490   227.892    -9.38   15.22
  40201.228   239.124    30.46   23.60
  40570.039   264.322    68.33   40.06
  40938.924   303.202   105.40   56.85
  41307.883   349.742   126.14   64.00
  41676.915   405.143   150.13   68.01
  42046.021   455.596   136.69   60.66
  42415.200   508.275   142.70   68.34
  42784.453   551.295   116.51   72.22
  43153.780   607.466   152.09   83.86
  43523.181   646.472   105.60   74.74
  43892.655   667.176    56.04   62.91
  44262.204   688.626    58.05   69.06
  44631.827   710.135    58.19   84.71
  45001.523   730.739    55.73   97.71
  45371.294   749.225    50.00   93.88
  45741.138   743.599   -15.21   87.69
  46111.057   716.236   -73.97   79.45
  46481.050   681.051   -95.10   86.85
  46851.118   661.026   -54.11   77.22
  47221.259   666.042    13.55   69.80
  47591.475   699.690    90.89   88.29
  47961.765   748.216   131.05   92.32
  48332.130   782.599    92.84   94.17
  48702.569   826.183   117.66  109.37
  49073.082   848.042    59.00   98.23
  49443.670   828.268   -53.36  111.64
  49814.333   771.705  -152.61  122.79
  50185.070   695.024  -206.84   98.25
  50555.882   635.455  -160.65   63.75
  50926.769   594.385  -110.74   56.99
  51297.731   562.674   -85.49   50.14
  51668.767   536.110   -71.60   46.14
  52039.878   525.857   -27.63   33.61
  52411.064   541.007    40.82   41.81
  52782.325   579.772   104.42   59.38
  53153.661   622.835   115.97   48.72
  53525.072   653.053    81.36   32.38
  53896.558   672.224    51.61   29.60
  54268.119   687.889    42.16   31.63
  54639.755   706.118    49.05   26.21
  55011.467   704.129    -5.35   32.63
  55383.254   684.231   -53.52   49.10
  55755.116   655.281   -77.85   58.15
  56127.053   623.596   -85.19   58.73
  56499.066   589.157   -92.58   54.13
  56871.155   564.988   -64.96   59.33
  57243.318   547.560   -46.83   63.37
  57615.558   546.172    -3.73   68.99
  57987.873   553.621    20.01   67.80
  58360.263   546.346   -19.54   67.10
  58732.729   529.925   -44.09   65.51
  59105.271   522.771   -19.20   54.36
  59477.889   537.492    39.51   63.41
  59850.582   580.825   116.27   86.56
  60223.352   629.397   130.31   88.59
  60596.197   673.879   119.31   76.26
  60969.118   726.311   140.60   72.79
  61342.115   781.750   148.64   78.21
  61715.188   826.062   118.78   75.39
  62088.338   854.064    75.05   55.94
  62461.563   867.778    36.75   43.68
  62834.865   863.248   -12.14   42.07
  63208.242   845.479   -47.59   53.08
  63581.696   805.748  -106.39   72.00
  63955.227   752.385  -142.87   77.69
  64328.834   683.607  -184.10   62.91
  64702.517   636.531  -125.98   54.28
  65076.276   587.585  -130.96   48.64
  65450.112   554.621   -88.18   44.93
  65824.025   529.637   -66.82   34.27
  66198.014   520.031   -25.69   24.38
  66572.080   525.046    13.41   21.18
  66946.223   536.750    31.28   16.94
  67320.442   545.746    24.04   13.59
  67694.738   549.911    11.13   14.72
  68069.111   556.505    17.61   22.84
  68443.560   566.513    26.73   37.56
  68818.087   584.441    47.87   51.79
  69192.691   607.836    62.45   62.53
  69567.371   630.607    60.78   69.38
  69942.129   647.793    45.86   65.96
  70316.964   672.082    64.80   60.61
  70691.876   696.341    64.71   60.54
  71066.865   725.478    77.70   73.42
  71441.931   747.085    57.61   76.72
  71817.075   762.334    40.65   79.09
  72192.296   767.573    13.96   67.70
  72567.594   755.891   -31.13   52.02
  72942.970   731.636   -64.62   56.68
  73318.424   692.630  -103.90   61.83
  73693.955   652.389  -107.16   58.44
  74069.563   623.616   -76.61   43.20
  74445.249   612.151   -30.52   34.62
  74821.013   609.581    -6.84   24.23
  75196.854   610.782     3.19   16.08
  75572.773   604.590   -16.47   18.34
  75948.771   602.223    -6.30   26.54
  76324.845   603.450     3.26   32.15
  76700.998   609.384    15.78   33.16
  77077.229   612.562     8.45   29.87
  77453.538   608.578   -10.59   26.43
  77829.925   597.621   -29.11   25.45
  78206.390   576.448   -56.24   33.32
  78582.933   560.947   -41.17   37.21
  78959.554   549.804   -29.59   34.22
  79336.254   545.745   -10.78   27.25
  79713.032   535.772   -26.47   29.40
  80089.888   515.302   -54.32   39.15
  80466.822   475.378  -105.92   51.70
  80843.835   431.435  -116.56   52.28
  81220.927   382.664  -129.34   48.87
  81598.097   353.593   -77.08   32.37
  81975.346   354.272     1.80   33.42
  82352.673   375.989    57.56   47.86
  82730.079   404.166    74.66   41.03
  83107.564   419.313    40.13   23.78
  83485.127   404.772   -38.51   34.73
  83862.769   376.857   -73.92   37.75
  84240.491   341.219   -94.36   36.27
  84618.291   313.035   -74.60   28.34
  84996.170   287.836   -66.69   23.75
  85374.128   269.048   -49.71   18.25
  85752.165   252.477   -43.84   17.15
  86130.282   238.003   -38.28   15.03
  86508.477   223.824   -37.49   14.94
  86886.752   210.935   -34.08   13.39
  87265.106   198.227   -33.59   13.69
  87643.539   185.990   -32.34   13.07
  88022.052   174.287   -30.92   13.27
  88400.644   164.236   -26.55   10.28
  88779.315   158.878   -14.15    6.67
  89158.067   155.675    -8.46    2.73
  89536.897   153.911    -4.66    2.64
  89915.808   151.834    -5.48    4.33
  90294.797   148.538    -8.70    5.98
  90673.867   144.959    -9.44    5.49
  91053.017   144.506    -1.20    4.99
  91432.246   146.391     4.97    6.51
  91811.555   150.760    11.52    6.48
  92190.944   153.039     6.01    4.96
  92570.413   148.599   -11.70    8.42
  92949.962   147.202    -3.68   16.17
  93329.591   156.319    24.02   33.30
  93709.300   178.915    59.51   45.43
  94089.089   201.631    59.82   39.69
  94468.959   212.073    27.49   25.79
  94848.909   207.085   -13.13   21.80
  95228.939   188.813   -48.08   17.87
  95609.050   176.899   -31.35   15.84
  95989.240   167.385   -25.03   16.05
  96369.512   160.910   -17.03   16.77
  96749.864   151.607   -24.46   15.31
  97130.296   144.717   -18.11   13.55
  97510.809   139.411   -13.94    9.32
  97891.403   136.793    -6.88    9.26
  98272.078   139.440     6.95   11.39
  98652.833   145.453    15.79   13.90
  99033.669   152.000    17.19   13.41
  99414.586   157.943    15.60   11.17
  99786.672   161.002     8.22   11.32
 100152.279   163.889     7.90   10.32
 100517.959   166.071     5.97    8.99
 100883.713   166.368     0.81    9.22
 101249.540   164.621    -4.77   11.03
 101615.441   161.223    -9.29   12.03
 101981.416   156.604   -12.62   12.96
 102347.464   151.943   -12.73   12.64
 102713.586   146.266   -15.51   12.24
 103079.782   139.422   -18.69   11.60
 103446.052   132.080   -20.05   10.38
 103812.396   124.302   -21.24    9.62
 104178.813   116.699   -20.75    8.61
 104545.305   111.096   -15.29    6.51
 104911.871   110.604    -1.34   10.46
 105278.510   115.554    13.50   17.04
 105645.224   124.166    23.49   20.64
 106012.012   137.061    35.16   21.81
 106378.874   149.304    33.37   22.14
 106745.810   162.698    36.50   21.73
 107112.821   170.422    21.05   18.80
 107479.906   171.481     2.88   17.61
 107847.065   164.396   -19.30   17.61
 108214.299   155.215   -25.00   15.14
 108581.607   148.982   -16.97   10.45
 108948.990   147.687    -3.53   10.89
 109316.447   148.297     1.66   11.91
 109683.979   147.910    -1.05   12.29
 110051.585   147.346    -1.53   11.01
 110419.267   144.717    -7.15    9.00
 110787.022   142.080    -7.17    7.93
 111154.853   136.967   -13.90    8.68
 111522.759   129.698   -19.76   12.80
 111890.739   120.687   -24.49   14.66
 112258.794   110.659   -27.25   13.63
 112626.925   101.923   -23.73    8.87
 112995.130    96.942   -13.53    4.77
 113363.410    94.629    -6.28    2.64
 113731.766    93.229    -3.80    1.59
 114100.196    92.315    -2.48    1.29
 114468.702    91.169    -3.11    1.96
 114837.283    90.559    -1.65    1.82
 115205.939    90.747     0.51    2.32
 115574.671    92.257     4.10    3.57
 115943.478    94.318     5.59    3.64
 116312.360    96.063     4.73    4.04
 116681.318    96.689     1.69    4.25
 117050.351    98.602     5.18    4.88
 117419.460   101.077     6.71    4.44
 117788.645   103.596     6.82    4.12
 118157.905   106.070     6.70    4.97
 118527.241   110.022    10.70    7.05
 118896.653   114.341    11.69    7.48
 119266.140   117.624     8.88    5.21
 119635.703   119.134     4.09    3.34
 120005.342   119.857     1.96    2.43
 120375.057   119.623    -0.63    1.96
 120744.848   118.550    -2.90    2.86
 121114.715   115.104    -9.32    5.17
 121484.658   110.516   -12.40    6.53
 121854.678   102.732   -21.04   10.64
 122224.773    96.319   -17.33   10.74
 122594.944    91.373   -13.36    9.35
 122965.192    87.783    -9.70    7.25
 123335.516    84.027   -10.14    6.40
 123705.917    81.346    -7.24    5.62
 124076.394    78.527    -7.61    3.51
 124446.947    77.208    -3.56    1.84
 124817.577    76.593    -1.66    1.32
 125188.283    76.299    -0.79    0.92
 125559.066    75.765    -1.44    0.86
 125929.925    75.836     0.19    1.52
 126300.861    77.414     4.26    3.70
 126671.874    81.341    10.59    6.28
 127042.964    87.231    15.87    7.93
 127414.130    91.489    11.47    6.08
 127785.374    93.151     4.48    4.20
 128156.694    94.099     2.55    3.75
 128528.091    94.717     1.66    4.34
 128899.565    95.027     0.83    4.67
 129271.116    96.102     2.89    5.57
 129642.745    97.272     3.15    6.67
 130014.450    97.963     1.86    8.15
 130386.233   100.255     6.16    9.84
 130758.093   102.899     7.11   11.60
 131130.030   104.705     4.86   12.66
 131502.044   105.222     1.39   10.90
 131874.136   105.550     0.88    9.43
 132246.306   111.018    14.69   11.52
 132618.552   117.363    17.05    9.18
 132990.877   120.604     8.71    6.24
 133363.279   121.483     2.36    4.88
 133735.758   122.134     1.75    3.88
 134108.315   123.352     3.27    3.96
 134480.950   123.815     1.24    3.71
 134853.663   123.793    -0.06    3.44
 135226.453   126.091     6.17    6.26
 135599.322   128.975     7.74    8.57
 135972.268   133.719    12.72    9.41
 136345.292   137.803    10.95    8.25
 136718.395   140.868     8.21    8.05
 137091.575   142.710     4.94    7.22
 137464.833   145.227     6.74    6.66
 137838.170   146.762     4.11    7.75
 138211.585   149.270     6.72    9.56
 138585.078   153.128    10.33   11.97
 138958.649   157.357    11.32   12.27
 139332.299   160.482     8.36   11.64
 139706.027   162.993     6.72    8.69
 140079.833   164.653     4.44    7.34
 140453.718   167.765     8.33    7.74
 140827.682   174.762    18.71   11.03
 141201.724   184.066    24.88   13.88
 141575.845   199.447    41.12   17.35
 141950.044   213.324    37.09   17.48
 142324.322   223.506    27.21   11.45
 142698.679   224.792     3.44   10.97
 143073.115   217.204   -20.27   14.43
 143447.630   207.190   -26.74   11.15
 143822.224   198.198   -24.01    9.48
 144196.896   191.094   -18.96    9.24
 144571.648   182.985   -21.64    9.92
 144946.479   172.594   -27.72   11.86
 145321.389   163.564   -24.09   12.88
 145696.378   158.795   -12.72   12.14
 146071.446   155.502    -8.78   10.50
 146446.594   155.226    -0.74   10.15
 146821.820   156.814     4.23    9.70
 147197.127   157.036     0.59    9.59
 147572.513   153.110   -10.46    8.59
 147947.978   148.784   -11.52    8.92
 148323.522   141.571   -19.21    9.40
 148699.147   133.278   -22.08   11.06
 149074.851   123.923   -24.90   10.19
 149450.634   116.003   -21.08    8.62
 149826.498   110.564   -14.47    4.21
 150202.441   108.242    -6.17    2.14
 150578.464   109.013     2.05    4.29
 150954.567   115.610    17.54   12.03
 151330.750   124.641    24.01   15.66
 151707.012   132.463    20.79   13.57
 152083.355   134.512     5.44   10.79
 152459.778   126.889   -20.25   14.84
 152836.281   115.194   -31.07   16.15
 153212.864   101.190   -37.19   16.31
 153589.528    91.524   -25.67   11.28
 153966.272    88.983    -6.74    7.00
 154343.096    84.911   -10.81    8.39
 154720.000    75.847   -24.05   16.15
 155096.985    65.546   -27.33   18.15
 155474.051    54.076   -30.42   12.52
 155851.197    47.857   -16.49    3.22
 156228.423    47.493    -0.97    2.68
 156605.730    51.281    10.04   11.32
 156983.118    62.952    30.93   22.58
 157360.587    76.064    34.74   26.59
 157738.136    94.468    48.75   24.51
 158115.766   107.647    34.90   11.88
 158493.478   110.604     7.83    8.03
 158871.270   109.674    -2.46    8.94
 159249.143   106.689    -7.90    8.15
 159627.097   105.889    -2.12    5.90
 160005.132   107.112     3.24    4.58
 160383.249   110.061     7.80    4.19
 160761.446   113.128     8.11    4.94
 161139.725   115.793     7.04    4.20
 161518.085   118.680     7.63    2.45
 161896.527   119.072     1.04    2.97
 162275.050   116.555    -6.65    6.09
 162653.654   111.943   -12.18    8.37
 163032.340   106.649   -13.98    8.26
 163411.108   102.070   -12.09    7.42
 163789.957   100.144    -5.08    7.81
 164168.887   100.219     0.20    9.88
 164547.900   102.170     5.15   13.12
 164926.994   102.836     1.76   15.81
 165306.170    99.257    -9.44   17.19
 165685.428    90.457   -23.21   17.41
 166064.768    79.763   -28.19   16.59
 166444.190    71.491   -21.80   12.48
 166823.694    64.383   -18.73    6.24
 167203.280    61.244    -8.27    3.46
 167582.949    59.482    -4.64    2.39
 167962.699    58.357    -2.96    1.69
 168342.532    57.753    -1.59    0.92
 168722.447    57.943     0.50    1.04
 169102.444    58.815     2.29    1.36
 169482.524    59.804     2.60    1.22
 169862.686    60.795     2.60    1.05
 170242.930    61.542     1.97    0.98
 170623.258    62.259     1.89    0.91
 171003.667    63.022     2.01    1.00
 171384.160    64.003     2.58    1.18
 171764.735    65.026     2.69    1.19
 172145.393    66.208     3.11    1.32
 172526.134    67.531     3.48    1.48
 172906.958    69.418     4.96    2.49
 173287.865    71.713     6.02    3.14
 173668.854    75.201     9.16    5.04
 174049.927    79.425    11.09    6.51
 174427.387    85.123    15.10    9.79
 174792.760    91.042    16.20   12.41
 175158.209   101.909    29.74   18.41
 175523.732   114.559    34.61   23.25
 175889.331   133.510    51.84   33.58
 176255.006   159.304    70.55   50.14
 176620.755   198.444   107.03   73.54
 176986.581   228.065    80.98   82.15
 177352.481   263.220    96.09   77.32
 177718.458   302.489   107.31   80.30
 178084.510   352.038   135.38   84.32
 178450.637   393.091   112.14   60.66
 178816.840   409.015    43.49   42.92
 179183.119   403.099   -16.15   49.90
 179549.474   402.215    -2.41   47.58
 179915.904   404.079     5.09   42.23
 180282.411   400.805    -8.93   36.87
 180648.993   414.880    38.40   44.63
 181015.651   435.149    55.29   56.88
 181382.386   454.559    52.93   56.91
 181749.196   469.974    42.03   52.17
 182116.083   456.742   -36.07   62.76
 182483.045   423.741   -89.94   62.93
 182850.084   386.403  -101.74   61.69
 183217.199   349.524  -100.47   43.59
 183584.390   326.143   -63.68   28.30
 183951.658   312.591   -36.90   18.03
 184319.002   305.973   -18.02   13.42
 184686.423   300.825   -14.01   10.71
 185053.920   295.253   -15.16    7.93
 185421.493   293.723    -4.16    6.06
 185789.144   296.089     6.44    7.80
 186156.870   302.555    17.59   11.33
 186524.674   315.093    34.09   16.93
 186892.554   337.783    61.68   36.96
 187260.511   362.037    65.92   47.05
 187628.544   389.398    74.35   46.38
 187996.655   418.320    78.58   47.59
 188364.843   444.187    70.26   58.90
 188733.107   468.357    65.64   78.84
 189101.449   474.251    16.00   79.19
 189469.867   467.930   -17.16   79.31
 189838.363   443.027   -67.59   74.95
 190206.935   413.486   -80.16   55.72
 190575.585   395.390   -49.09   29.99
 190944.313   403.659    22.43   36.42
 191313.117   426.099    60.85   58.57
 191681.999   482.651   153.33   99.11
 192050.958   556.772   200.92  115.80
 192419.995   612.586   151.26   94.09
 192789.109   636.362    64.42   91.02
 193158.301   657.083    56.13   96.79
 193527.570   652.909   -11.30   82.71
 193896.917   684.094    84.44   80.54
 194266.342   733.877   134.78  115.19
 194635.844   798.692   175.44  125.28
 195005.424   815.764    46.20  108.29
 195375.082   783.031   -88.56  123.92
 195744.818   691.701  -247.05  125.42
 196114.632   617.676  -200.19   86.62
 196484.524   561.524  -151.83   65.94
 196854.493   525.022   -98.67   62.97
 197224.541   492.687   -87.39   58.44
 197594.667   480.286   -33.51   67.61
 197964.871   465.474   -40.01   75.45
 198335.154   459.241   -16.84   80.12
 198705.514   458.064    -3.18   89.14
 199075.953   443.403   -39.58   87.22
 199446.470   428.759   -39.53   88.95
 199817.066   395.280   -90.35   76.49
 200187.740   368.261   -72.90   51.60
 200558.493   363.626   -12.51   49.51
 200929.324   385.939    60.18   74.58
 201300.234   442.962   153.76   98.32
 201671.223   485.153   113.74   84.18
 202042.290   527.722   114.74   69.74
 202413.436   574.430   125.87   92.60
 202784.661   606.814    87.25  101.27
 203155.964   640.290    90.17  103.17
 203527.347   687.239   126.43   97.66
 203898.808   731.055   117.97  107.36
 204270.349   766.997    96.75   91.53
 204641.969   791.920    67.07   77.05
 205013.667   795.263     9.00   74.80
 205385.445   768.263   -72.63   79.71
 205757.302   747.899   -54.77   83.60
 206129.239   737.980   -26.67   73.55
 206501.254   740.284     6.20   63.64
 206873.349   714.134   -70.29   76.31
 207245.524   672.022  -113.17   92.10
 207617.778   602.248  -187.46   54.29
 207990.111   579.393   -61.39   34.19
 208362.524   579.161    -0.62   41.64
 208735.016   596.291    45.99   53.95
 209107.589   629.574    89.35   70.00
 209480.241   654.153    65.97   74.66
 209852.972   665.053    29.25   72.34
 210225.784   657.453   -20.39   66.14
 210598.675   643.048   -38.63   55.64
