-153888.807   177.837     0.00   20.49
-153510.438   190.111    32.43   22.24
-153132.004   206.195    42.50   28.42
-152753.503   222.872    44.05   31.42
-152374.936   236.751    36.66   37.36
-151996.302   246.967    26.98   41.10
-151617.602   240.149   -18.00   44.56
-151238.836   242.264     5.58   41.15
-150860.003   247.781    14.56   45.37
-150481.104   266.151    48.48   56.67
-150102.138   288.651    59.36   60.08
-149723.105   291.993     8.82   49.60
-149344.006   290.589    -3.70   41.16
-148964.840   295.907    14.02   42.26
-148585.608   304.093    21.58   45.96
-148206.309   314.076    26.32   42.26
-147826.943   307.903   -16.27   41.20
-147447.510   279.240   -75.53   49.01
-147068.011   247.092   -84.70   38.51
-146688.445   234.976   -31.92   28.92
-146308.811   246.726    30.95   40.79
-145929.111   271.222    64.51   47.80
-145549.344   297.389    68.89   48.21
-145169.510   321.340    63.05   51.02
-144799.225   333.601    33.11   49.57
-144432.190   343.984    28.29   46.19
-144065.093   349.485    14.98   36.63
-143697.935   347.287    -5.99   29.00
-143330.714   347.976     1.88   23.29
-142963.431   348.261     0.78   23.08
-142596.085   345.864    -6.53   26.72
-142228.678   336.782   -24.72   34.26
-141861.208   321.491   -41.61   37.49
-141493.677   301.567   -54.20   36.68
-141126.082   278.264   -63.39   32.89
-140758.426   260.403   -48.57   29.76
-140390.707   237.651   -61.87   30.50
-140022.926   223.092   -39.58   28.04
-139655.082   216.076   -19.07   28.34
-139287.176   210.301   -15.70   31.95
-138919.208   205.041   -14.29   35.58
-138551.177   197.189   -21.33   32.50
-138183.083   184.972   -33.19   25.14
-137814.927   176.076   -24.16   18.76
-137446.708   168.693   -20.05   14.85
-137078.427   160.589   -22.00    9.58
-136710.083   154.019   -17.84    7.24
-136341.676   148.976   -13.69    6.59
-135973.207   143.997   -13.51    6.02
-135604.674   139.964   -10.94    7.19
-135236.079   136.989    -8.07   10.57
-134867.421   133.485    -9.50   11.09
-134498.701   129.166   -11.71    9.13
-134129.917   126.276    -7.84    6.51
-133761.070   126.353     0.21    9.31
-133392.161   131.450    13.81   14.31
-133023.188   141.432    27.05   19.87
-132654.153   154.734    36.04   21.31
-132285.054   168.880    38.32   19.93
-131915.892   179.400    28.49   20.32
-131546.668   186.272    18.61   22.00
-131177.380   193.076    18.42   21.96
-130808.028   191.813    -3.42   22.63
-130438.614   189.363    -6.63   22.11
-130069.136   191.820     6.65   19.42
-129699.595   190.389    -3.87   16.65
-129329.991   189.379    -2.73   15.41
-128960.324   190.639     3.41   15.89
-128590.593   192.211     4.25   15.26
-128220.798   193.586     3.72   14.50
-127850.940   195.482     5.13   14.48
-127481.019   202.289    18.40   18.30
-127111.034   215.469    35.62   30.18
-126740.986   241.437    70.17   43.04
-126370.874   271.288    80.65   45.97
-126000.698   306.364    94.74   47.80
-125630.459   338.160    85.87   47.56
-125260.156   362.914    66.84   52.50
-124889.789   375.903    35.07   48.86
-124519.359   367.265   -23.32   53.25
-124148.864   342.883   -65.80   48.18
-123778.306   309.314   -90.58   40.12
-123407.684   284.801   -66.13   37.78
-123036.999   253.576   -84.23   39.91
-122666.249   226.238   -73.73   42.51
-122295.435   200.684   -68.90   34.14
-121924.558   185.985   -39.63   25.72
-121553.616   179.126   -18.49   25.24
-121182.610   175.249   -10.45   31.45
-120811.541   162.301   -34.89   39.14
-120440.407   140.504   -58.73   44.61
-120069.209   122.376   -48.83   42.54
-119697.947   115.176   -19.39   29.96
-119326.620   128.934    37.05   43.08
-118955.230   153.967    67.40   47.23
-118583.775   179.251    68.06   36.60
-118212.255   184.751    14.80   39.29
-117840.672   189.660    13.21   43.30
-117469.024   200.200    28.36   44.80
-117097.311   225.039    66.82   43.16
-116725.534   240.467    41.50   32.58
-116353.693   233.264   -19.37   39.90
-115981.787   202.174   -83.59   56.26
-115609.817   160.931  -110.87   58.33
-115237.782   121.134  -106.96   44.40
-114865.682    86.751   -92.39   27.68
-114493.518    67.440   -51.88   19.71
-114121.289    52.914   -39.02   15.19
-113748.995    43.871   -24.29   10.84
-113376.637    38.166   -15.32    6.46
-113004.214    35.921    -6.03    5.34
-112631.726    35.139    -2.10    4.84
-112259.173    34.121    -2.73    4.72
-111886.555    31.339    -7.47    5.66
-111513.872    28.440    -7.78    5.81
-111141.124    24.808    -9.74    5.30
-110768.312    21.002   -10.21    5.34
-110395.434    16.626   -11.73    5.73
-110022.491    12.984    -9.76    5.06
-109649.483    13.264     0.75   10.25
-109276.410    15.716     6.57   16.00
-108903.272    17.778     5.52   17.94
-108530.069    16.726    -2.82   15.80
-108156.800    12.055   -12.51    9.74
-107783.466     8.682    -9.03    5.32
-107410.067     6.845    -4.92    2.95
-107036.603     5.747    -2.94    2.17
-106663.073     4.437    -3.51    2.29
-106289.477     2.958    -3.96    2.84
-105915.817     0.870    -5.59    3.57
-105542.091    -1.516    -6.38    3.70
-105168.299    -3.328    -4.85    3.43
-104794.442    -4.253    -2.47    3.72
-104420.519    -5.061    -2.16    3.60
-104046.530    -4.700     0.97    3.83
-103672.476    -4.222     1.28    3.94
-103298.356    -3.788     1.16    4.12
-102924.171    -2.995     2.12    3.96
-102549.920    -1.853     3.05    3.17
-102175.603    -1.449     1.08    1.94
-101801.220    -1.599    -0.40    1.54
-101426.771    -2.023    -1.13    2.71
-101052.256    -1.307     1.91    4.39
-100677.676    -0.254     2.81    5.24
-100303.029    -0.404    -0.40    3.55
 -99928.317    -2.311    -5.09    4.28
 -99553.538    -6.019    -9.89    4.36
 -99178.694    -8.390    -6.32    3.19
 -98803.783   -10.003    -4.30    1.17
 -98428.806   -10.471    -1.25    0.40
 -98053.763   -10.599    -0.34    0.27
 -97678.654   -10.636    -0.10    0.19
 -97303.478   -10.040     1.59    3.40
 -96928.237    -9.648     1.04    4.47
 -96552.929   -10.242    -1.58    2.56
 -96177.554   -10.674    -1.15    0.00
 -95802.113   -10.674     0.00    0.00
 -95426.606   -10.674     0.00    0.00
 -95051.032   -10.674     0.00    0.00
 -94675.392   -10.608     0.18    0.38
 -94299.686    -9.155     3.87    6.13
 -93923.912    -5.529     9.65   13.78
 -93548.073    -0.402    13.64   21.16
 -93172.166     3.534    10.47   26.52
 -92796.193     2.882    -1.73   24.10
 -92420.153     2.024    -2.28   19.56
 -92044.047     0.714    -3.48   15.73
 -91667.873     1.149     1.16   15.78
 -91291.633     3.851     7.18   21.56
 -90915.326     5.466     4.29   23.86
 -90538.952     2.474    -7.95   20.43
 -90162.511     0.057    -6.42   13.12
 -89786.003    -0.361    -1.11   11.23
 -89409.429     0.277     1.69   11.35
 -89032.787     0.314     0.10   12.52
 -88656.078    -0.451    -2.03   11.89
 -88279.302    -2.319    -4.96    9.65
 -87902.459    -2.958    -1.69    7.33
 -87525.549    -1.876     2.87    6.66
 -87148.571     2.422    11.40    8.55
 -86771.527     8.010    14.82    8.71
 -86394.415    10.951     7.80    6.44
 -86017.235    12.918     5.21    4.79
 -85639.989    11.771    -3.04    5.27
 -85262.675     9.134    -6.99    5.20
 -84885.293     6.252    -7.64    6.48
 -84507.844     3.620    -6.97    7.75
 -84130.328     1.314    -6.11    7.68
 -83752.744     1.647     0.88    7.79
 -83375.093     4.579     7.76    7.27
 -82997.374     6.789     5.85    5.80
 -82619.587     7.512     1.91    3.88
 -82241.732     3.453   -10.74    5.83
 -81863.810    -1.192   -12.29    6.36
 -81485.820    -5.328   -10.94    5.43
 -81107.763    -6.699    -3.63    4.77
 -80729.637    -4.032     7.05    8.50
 -80351.444     0.051    10.80   10.32
 -79973.183     5.228    13.68    9.92
 -79594.854    11.378    16.25    9.25
 -79216.457    16.680    14.01   10.19
 -78837.991    22.024    14.12   14.94
 -78459.458    34.814    33.79   27.46
 -78080.857    46.157    29.96   39.40
 -77702.188    61.134    39.55   53.36
 -77323.450    67.706    17.35   58.66
 -76944.644    57.005   -28.25   55.86
 -76565.770    43.647   -35.26   43.64
 -76186.828    28.487   -40.00   29.85
 -75807.818    20.619   -20.76   21.05
 -75428.739    16.092   -11.94   20.27
 -75049.592    12.412    -9.71   17.82
 -74670.376     8.390   -10.61   13.68
 -74291.092     3.968   -11.66   12.32
 -73911.739     0.111   -10.17   11.11
 -73532.318    -4.312   -11.66    9.19
 -73152.829    -8.305   -10.52    7.28
 -72773.270   -10.857    -6.72    3.52
 -72393.644   -11.414    -1.47    3.00
 -72013.948   -11.445    -0.08    2.79
 -71634.184   -10.940     1.33    2.56
 -71254.351   -10.007     2.45    1.38
 -70874.449    -9.674     0.88    0.00
 -70494.478    -9.674     0.00    0.00
 -70120.627    -9.674     0.00    0.00
 -69753.790    -9.674     0.00    0.00
 -69386.888    -9.674     0.00    0.00
 -69019.923    -9.674     0.00    0.00
 -68652.895    -9.649     0.07    0.16
 -68285.803    -9.589     0.16    0.28
 -67918.647    -9.484     0.29    0.39
 -67551.427    -9.402     0.22    0.45
 -67184.144    -9.456    -0.15    0.42
 -66816.796    -9.503    -0.13    0.38
 -66449.385    -9.609    -0.29    0.25
 -66081.910    -9.661    -0.14    0.11
 -65714.371    -9.674    -0.03    0.00
 -65346.769    -9.674     0.00    0.00
 -64979.102    -9.779    -0.29    0.31
 -64611.371    -9.854    -0.21    0.39
 -64243.576    -9.889    -0.09    0.41
 -63875.717    -9.908    -0.05    0.43
 -63507.794    -9.828     0.22    0.36
 -63139.807    -9.771     0.15    0.30
 -62771.756    -9.813    -0.11    0.35
 -62403.641    -9.915    -0.28    0.43
 -62035.461    -9.899     0.04    0.42
 -61667.217    -9.847     0.14    0.38
 -61298.909    -9.783     0.17    0.31
 -60930.536    -9.711     0.20    0.19
 -60562.099    -9.674     0.10    0.00
 -60193.597    -9.674     0.00    0.00
 -59825.032    -9.674     0.00    0.00
 -59456.401    -9.674     0.00    0.00
 -59087.706    -9.674     0.00    0.00
 -58718.947    -9.686    -0.03    0.11
 -58350.123    -9.761    -0.20    0.68
 -57981.234    -9.834    -0.20    0.94
 -57612.281    -9.686     0.40    0.11
 -57243.263    -9.674     0.03    0.00
 -56874.181    -9.674     0.00    0.00
 -56505.033    -9.674     0.00    0.00
 -56135.821    -9.674     0.00    0.00
 -55766.544    -9.674     0.00    0.00
 -55397.202    -9.674     0.00    0.00
 -55027.795    -9.674     0.00    0.00
 -54658.324    -9.674     0.00    0.00
 -54288.787    -9.674     0.00    0.00
 -53919.186    -9.674     0.00    0.00
 -53549.519    -9.674     0.00    0.00
 -53179.787    -9.674     0.00    0.00
 -52809.991    -9.674     0.00    0.00
 -52440.129    -9.674     0.00    0.00
 -52070.202    -9.674     0.00    0.00
 -51700.209    -9.576     0.26    0.30
 -51330.152    -9.404     0.46    0.45
 -50960.029    -9.259     0.39    0.52
 -50589.841    -9.071     0.51    0.65
 -50219.588    -8.995     0.21    0.73
 -49849.269    -8.943     0.14    0.73
 -49478.885    -8.859     0.23    0.67
 -49108.435    -8.921    -0.17    0.60
 -48737.920    -9.144    -0.60    0.55
 -48367.340    -9.390    -0.66    0.45
 -47996.693    -9.563    -0.47    0.32
 -47625.982    -9.515     0.13    0.37
 -47255.204    -9.529    -0.04    0.35
 -46884.361    -9.610    -0.22    0.25
 -46513.453    -9.674    -0.17    0.00
 -46142.478    -9.674     0.00    0.00
 -45771.438    -9.650     0.06    0.15
 -45400.332    -9.549     0.27    0.33
 -45029.161    -9.433     0.31    0.43
 -44657.923    -9.192     0.65    0.57
 -44286.620    -8.661     1.43    0.84
 -43915.250    -8.427     0.63    0.89
 -43543.815    -8.332     0.25    0.79
 -43172.313    -8.513    -0.49    0.81
 -42800.746    -8.974    -1.24    0.66
 -42429.112    -9.143    -0.46    0.55
 -42057.413    -9.198    -0.15    0.53
 -41685.647    -9.027     0.46    0.60
 -41313.815    -8.565     1.24    0.70
 -40941.917    -8.032     1.43    0.80
 -40569.953    -7.381     1.75    0.85
 -40197.922    -6.735     1.74    0.90
 -39825.825    -6.064     1.80    0.78
 -39453.662    -5.513     1.48    0.68
 -39081.432    -5.088     1.14    0.50
 -38709.136    -4.869     0.59    0.40
 -38336.773    -4.674     0.52    0.00
 -37964.344    -4.674     0.00    0.00
 -37591.849    -4.674     0.00    0.00
 -37219.286    -4.674     0.00    0.00
 -36846.657    -4.674     0.00    0.00
 -36473.962    -4.698    -0.07    0.16
 -36101.200    -4.724    -0.07    0.22
 -35728.371    -4.748    -0.06    0.26
 -35355.476    -4.808    -0.16    0.34
 -34982.513    -4.884    -0.20    0.41
 -34609.484    -4.945    -0.17    0.45
 -34236.388    -4.933     0.03    0.44
 -33863.225    -4.854     0.21    0.39
 -33489.995    -4.736     0.32    0.24
 -33116.698    -4.674     0.17    0.00
 -32743.334    -4.625     0.13    0.22
 -32369.904    -4.433     0.51    0.43
 -31996.406    -4.205     0.61    0.50
 -31622.841    -3.971     0.63    0.46
 -31249.208    -3.771     0.54    0.30
 -30875.509    -3.674     0.26    0.00
 -30501.742    -3.674     0.00    0.00
 -30127.909    -3.674     0.00    0.00
 -29754.008    -3.674     0.00    0.00
 -29380.039    -3.674     0.00    0.00
 -29006.003    -3.674     0.00    0.00
 -28631.900    -3.674     0.00    0.00
 -28257.729    -3.461     0.57    0.41
 -27883.491    -3.155     0.82    0.50
 -27509.186    -2.864     0.78    0.39
 -27134.812    -2.697     0.44    0.15
 -26760.372    -2.674     0.06    0.00
 -26385.863    -2.674     0.00    0.00
 -26011.287    -2.674     0.00    0.00
 -25636.644    -2.674     0.00    0.00
 -25261.932    -2.674     0.00    0.00
 -24887.153    -2.674     0.00    0.00
 -24512.306    -2.674     0.00    0.00
 -24137.391    -2.674     0.00    0.00
 -23762.408    -2.622     0.14    0.22
 -23387.358    -2.565     0.15    0.31
 -23012.239    -2.558     0.02    0.32
 -22637.052    -2.564    -0.02    0.31
 -22261.798    -2.610    -0.12    0.25
 -21886.475    -2.674    -0.17    0.00
 -21511.084    -2.674     0.00    0.00
 -21135.626    -2.674     0.00    0.00
 -20760.098    -2.674     0.00    0.00
 -20384.503    -2.674     0.00    0.00
 -20008.840    -2.674     0.00    0.00
 -19633.108    -2.674     0.00    0.00
 -19257.308    -2.513     0.43    0.37
 -18881.439    -2.264     0.66    0.49
 -18505.502    -1.979     0.76    0.46
 -18129.497    -1.734     0.65    0.24
 -17753.423    -1.710     0.06    0.19
 -17377.281    -1.759    -0.13    0.28
 -17001.070    -1.805    -0.12    0.34
 -16624.791    -1.820    -0.04    0.36
 -16248.443    -1.796     0.06    0.33
 -15872.026    -1.749     0.12    0.27
 -15495.541    -1.733     0.04    0.24
 -15118.986    -1.711     0.06    0.19
 -14742.364    -1.674     0.10    0.00
 -14365.672    -1.674     0.00    0.00
 -13988.911    -1.674     0.00    0.00
 -13612.082    -1.674     0.00    0.00
 -13235.184    -1.674     0.00    0.00
 -12858.216    -1.674     0.00    0.00
 -12481.180    -1.674     0.00    0.00
 -12104.075    -1.674     0.00    0.00
 -11726.900    -1.674     0.00    0.00
 -11349.657    -1.674     0.00    0.00
 -10972.344    -1.674     0.00    0.00
 -10594.962    -1.674     0.00    0.00
 -10217.511    -1.674     0.00    0.00
  -9839.991    -1.674     0.00    0.00
  -9462.401    -1.674     0.00    0.00
  -9084.742    -1.674     0.00    0.00
  -8707.014    -1.674     0.00    0.00
  -8329.216    -1.674     0.00    0.00
  -7951.349    -1.674     0.00    0.00
  -7573.412    -1.674     0.00    0.00
  -7195.406    -1.686    -0.03    0.11
  -6817.330    -2.168    -1.27    1.76
  -6439.184    -2.965    -2.11    2.64
  -6060.969    -3.274    -0.82    2.82
  -5682.685    -3.122     0.40    2.76
  -5304.330    -2.782     0.90    2.69
  -4925.906    -2.084     1.84    2.28
  -4547.412    -1.376     1.87    0.64
  -4168.848    -1.353     0.06    0.59
  -3790.214    -1.291     0.16    0.51
  -3411.511    -1.081     0.55    0.61
  -3032.737    -0.674     1.08    0.74
  -2653.893    -0.161     1.35    0.82
  -2274.980     0.206     0.97    0.88
  -1895.996     0.058    -0.39    1.81
  -1516.942    -1.491    -4.09    3.86
  -1137.818    -3.531    -5.38    4.63
   -758.624    -5.650    -5.59    4.42
   -379.360    -2.445     8.45   17.25
     -0.025    19.114    56.83   50.18
    379.380    61.265   111.10   77.28
    758.855   104.147   113.00   76.26
   1138.401   141.808    99.23   59.33
   1518.017   162.929    55.64   36.25
   1897.704   163.351     1.11   34.00
   2277.461   147.440   -41.90   37.40
   2657.288   119.555   -73.42   43.76
   3037.186    97.064   -59.20   38.66
   3417.155    88.862   -21.59   31.60
   3797.195    87.183    -4.42   29.54
   4177.305    89.558     6.25   32.63
   4555.024    95.917    16.83   32.59
   4921.658   107.302    31.05   36.28
   5288.357   119.017    31.95   35.42
   5655.121   130.945    32.52   33.12
   6021.950   136.914    16.27   27.64
   6388.844   141.326    12.03   25.35
   6755.804   151.839    28.65   29.41
   7122.829   168.231    44.66   28.65
   7489.920   183.985    42.91   28.42
   7857.076   202.603    50.71   37.80
   8224.297   225.826    63.24   51.76
   8591.584   252.302    72.09   58.83
   8958.936   275.096    62.05   58.00
   9326.354   279.097    10.89   48.49
   9693.837   266.401   -34.55   39.84
  10061.386   254.636   -32.01   36.20
  10429.000   249.164   -14.89   34.51
  10796.680   257.579    22.89   43.68
  11164.426   281.683    65.55   56.31
  11532.238   297.447    42.86   57.64
  11900.115   302.241    13.03   51.20
  12268.059   307.688    14.80   47.67
  12636.068   318.029    28.10   47.90
  13004.142   331.546    36.72   49.93
  13372.283   341.820    27.91   46.55
  13740.490   341.704    -0.31   48.49
  14108.763   329.573   -32.94   61.00
  14477.102   299.697   -81.11   71.29
  14845.506   269.117   -83.01   69.08
  15213.977   239.030   -81.65   61.79
  15582.514   211.156   -75.64   43.67
  15951.118   193.570   -47.71   33.51
  16319.787   179.738   -37.52   26.61
  16688.523   168.121   -31.51   21.86
  17057.325   158.025   -27.38   13.36
  17426.193   151.172   -18.58    8.93
  17795.127   145.926   -14.22    9.92
  18164.128   142.681    -8.80    9.62
  18533.196   143.109     1.16    9.60
  18902.329   147.437    11.72   11.96
  19271.530   155.679    22.32   12.40
  19640.796   160.910    14.16   13.89
  20010.130   167.652    18.25   15.57
  20379.530   176.114    22.91   13.86
  20748.996   179.886    10.21   11.49
  21118.529   173.433   -17.46   17.90
  21488.129   163.712   -26.30   21.00
  21857.796   160.820    -7.82   19.62
  22227.529   166.555    15.51   22.88
  22597.330   175.785    24.96   23.90
  22967.197   183.180    19.99   19.97
  23337.131   176.531   -17.97   27.25
  23707.132   158.603   -48.45   29.21
  24077.200   142.519   -43.46   20.85
  24447.334   131.981   -28.47   11.03
  24817.536   129.550    -6.57    8.58
  25187.805   131.049     4.05   10.29
  25558.141   134.338     8.88   14.97
  25928.544   139.598    14.20   18.11
  26299.015   148.175    23.15   21.40
  26669.552   160.021    31.97   22.75
  27040.157   177.410    46.92   22.29
  27410.829   196.820    52.37   25.71
  27781.568   217.315    55.28   38.42
  28152.375   244.704    73.87   48.41
  28523.249   269.938    68.04   50.43
  28894.191   286.826    45.53   50.30
  29265.200   295.206    22.59   42.56
  29636.276   296.073     2.34   38.90
  30007.420   295.044    -2.77   38.47
  30378.632   293.249    -4.83   34.51
  30749.911   297.435    11.27   32.26
  31121.258   291.172   -16.86   35.92
  31492.673   278.067   -35.28   38.57
  31864.155   268.214   -26.53   30.24
  32235.705   274.803    17.73   34.03
  32607.323   294.200    52.20   45.76
  32979.009   324.067    80.36   62.07
  33350.763   340.276    43.60   65.33
  33722.584   342.624     6.32   64.45
  34094.473   335.200   -19.96   61.00
  34466.431   337.409     5.94   53.11
  34838.456   347.339    26.69   48.25
  35210.550   348.688     3.63   39.35
  35582.712   349.023     0.90   39.56
  35954.941   339.279   -26.18   38.88
  36327.239   327.215   -32.41   31.34
  36699.605   312.029   -40.78   30.13
  37072.040   306.151   -15.78   25.99
  37444.542   303.644    -6.73   19.36
  37817.113   311.570    21.28   25.53
  38189.753   345.398    90.78   52.96
  38562.460   382.968   100.81   60.66
  38935.237   409.707    71.73   49.76
  39308.081   430.265    55.14   41.54
  39680.994   420.573   -25.99   42.60
  40053.976   412.277   -22.24   44.08
  40427.026   417.624    14.33   49.57
  40800.145   427.561    26.63   53.57
  41173.333   441.164    36.45   50.53
  41546.589   466.989    69.19   48.73
  41919.914   469.960     7.96   50.22
  42293.308   451.277   -50.04   55.51
  42666.770   436.200   -40.37   58.62
  43040.302   417.783   -49.31   42.47
  43413.902   407.412   -27.76   29.78
  43787.571   407.489     0.21   31.04
  44161.310   400.515   -18.66   36.10
  44535.117   387.692   -34.30   31.57
  44908.993   385.338    -6.30   31.40
  45282.939   380.276   -13.54   28.26
  45656.953   381.020     1.99   26.71
  46031.037   374.901   -16.36   32.37
  46405.189   361.303   -36.35   34.31
  46779.411   353.466   -20.94   32.31
  47153.703   362.017    22.85   40.69
  47528.063   378.788    44.80   42.85
  47902.493   376.838    -5.21   42.51
  48276.993   360.926   -42.49   43.73
  48651.561   328.886   -85.54   40.70
  49026.200   299.744   -77.79   22.95
  49400.907   278.103   -57.76   26.89
  49775.685   265.997   -32.30   25.86
  50150.532   261.779   -11.25   29.35
  50525.448   261.864     0.23   35.60
  50900.434   254.409   -19.88   34.09
  51275.490   246.466   -21.18   29.30
  51650.616   256.660    27.18   39.58
  52025.811   282.506    68.89   55.17
  52401.076   329.197   124.43   60.72
  52776.411   360.014    82.11   46.26
  53151.816   385.397    67.62   45.34
  53527.291   393.976    22.85   45.44
  53902.836   384.612   -24.94   51.65
  54278.450   370.018   -38.86   59.74
  54654.135   346.177   -63.46   61.33
  55029.890   327.104   -50.76   51.52
  55405.715   314.997   -32.22   40.85
  55781.610   308.832   -16.40   37.62
  56157.576   307.315    -4.04   38.86
  56533.611   301.079   -16.58   34.91
  56909.717   306.656    14.83   43.09
  57285.893   324.206    46.66   50.06
  57662.140   340.242    42.62   47.09
  58038.457   349.861    25.56   43.26
  58414.845   338.375   -30.52   49.91
  58791.302   303.495   -92.66   55.34
  59167.831   271.012   -86.27   56.63
  59544.430   234.503   -96.95   49.70
  59921.099   207.109   -72.73   41.60
  60297.840   198.797   -22.07   41.66
  60674.651   216.652    47.39   66.25
  61051.532   246.926    80.33   73.70
  61428.485   270.437    62.37   62.47
  61805.508   286.993    43.91   44.10
  62182.602   301.863    39.43   45.10
  62559.767   320.200    48.62   50.52
  62937.002   327.951    20.55   50.18
  63314.309   324.041   -10.37   43.72
  63691.687   305.589   -48.90   36.44
  64069.136   303.879    -4.53   31.95
  64446.655   321.401    46.42   48.45
  64824.246   358.173    97.39   63.18
  65201.908   388.466    80.21   46.69
  65579.642   393.844    14.24   36.06
  65957.446   382.375   -30.36   39.51
  66335.322   365.605   -44.38   33.89
  66713.269   349.153   -43.53   25.53
  67091.288   340.255   -23.54   24.07
  67469.377   334.326   -15.68   21.60
  67847.539   327.893   -17.01   19.45
  68225.771   314.445   -35.55   22.20
  68604.076   304.717   -25.72   24.00
  68982.452   291.049   -36.12   23.00
  69360.899   278.839   -32.27   20.78
  69739.418   265.444   -35.39   21.56
  70118.009   253.302   -32.07   20.83
  70496.671   241.001   -32.49   16.52
  70875.405   232.820   -21.60   12.13
  71254.211   225.738   -18.70    9.47
  71633.089   222.301    -9.07    9.66
  72012.039   222.338     0.10   15.02
  72391.061   226.601    11.25   22.34
  72770.154   235.664    23.91   29.26
  73149.320   254.689    50.18   42.68
  73528.558   271.183    43.50   43.18
  73907.867   302.524    82.63   60.08
  74287.249   340.257    99.47   75.70
  74666.703   378.643   101.17   77.23
  75046.230   412.195    88.41   60.18
  75425.828   407.917   -11.27   53.03
  75805.499   383.172   -65.18   60.97
  76185.242   358.576   -64.77   48.29
  76565.057   349.856   -22.96   36.86
  76944.945   363.350    35.52   37.12
  77324.906   375.056    30.81   28.61
  77704.938   379.053    10.52   25.13
  78085.044   373.146   -15.54   26.52
  78465.222   364.768   -22.04   23.31
  78845.472   353.014   -30.91   31.30
  79225.796   330.703   -58.67   43.90
  79593.816   302.864   -75.65   50.93
  79960.308   284.743   -49.45   49.67
  80326.867   278.635   -16.66   47.54
  80693.492   273.993   -12.66   47.65
  81060.185   278.715    12.88   57.00
  81426.944   289.726    30.03   57.89
  81793.770   307.025    47.16   48.08
  82160.663   331.517    66.76   40.50
  82527.623   356.291    67.52   46.93
  82894.650   374.704    50.17   56.52
  83261.745   386.126    31.12   52.90
  83628.906   382.687    -9.37   57.02
  83996.134   381.644    -2.84   62.86
  84363.430   362.968   -50.85   64.62
  84730.793   336.820   -71.18   69.64
  85098.223   292.751  -119.95   84.79
  85465.720   242.009  -138.09   80.19
  85833.285   212.214   -81.07   63.13
  86200.917   206.997   -14.19   54.11
  86568.617   233.748    72.76   70.99
  86936.384   264.385    83.31   64.93
  87304.218   288.896    66.64   59.19
  87672.120   305.809    45.97   53.85
  88040.090   327.736    59.59   63.53
  88408.127   360.645    89.42   73.55
  88776.231   385.445    67.38   69.28
  89144.404   413.254    75.54   60.40
  89512.644   430.056    45.63   52.56
  89880.952   442.620    34.12   43.39
  90249.327   442.924     0.82   38.36
  90617.771   415.278   -75.04   60.38
  90986.282   376.220  -106.00   76.15
  91354.861   325.783  -136.85   70.56
  91723.508   290.361   -96.09   54.90
  92092.223   264.239   -70.85   47.29
  92461.006   247.350   -45.80   48.10
  92829.857   225.214   -60.02   45.62
  93198.777   202.844   -60.64   38.98
  93567.764   183.789   -51.65   30.25
  93936.819   167.131   -45.14   25.38
  94305.943   152.529   -39.56   25.71
  94675.135   132.919   -53.12   29.19
  95044.395   112.400   -55.57   30.04
  95413.723    87.444   -67.58   31.45
  95783.120    66.350   -57.11   26.61
  96152.585    47.695   -50.49   17.84
  96522.118    36.338   -30.74   11.45
  96891.720    27.085   -25.04    9.12
  97261.391    19.814   -19.67    9.27
  97631.130    12.973   -18.50    8.38
  98000.937     6.954   -16.28    7.70
  98370.814     0.953   -16.23    6.60
  98740.758    -2.944   -10.54    6.68
  99110.772    -7.964   -13.57    5.46
  99480.854   -11.881   -10.58    3.88
  99851.005   -14.915    -8.20    3.15
 100221.225   -16.732    -4.91    2.46
 100591.513   -17.859    -3.04    2.71
 100961.871   -18.329    -1.27    3.28
 101332.297   -18.970    -1.73    3.78
 101702.793   -19.731    -2.05    3.90
 102073.357   -20.474    -2.00    3.91
 102443.990   -21.537    -2.87    3.63
 102814.693   -22.501    -2.60    3.15
 103185.464   -23.581    -2.91    2.08
 103556.305   -24.193    -1.65    0.96
 103927.215   -24.450    -0.69    0.62
 104298.194   -24.552    -0.27    0.46
 104669.242   -24.616    -0.17    0.32
 105040.360   -24.674    -0.16    0.00
 105411.547   -24.674     0.00    0.00
 105782.803   -24.674     0.00    0.00
 106154.129   -24.674     0.00    0.00
 106525.524   -24.674     0.00    0.00
 106896.989   -24.674     0.00    0.00
 107268.523   -24.674     0.00    0.00
 107640.127   -24.674     0.00    0.00
 108011.800   -24.674     0.00    0.00
 108383.543   -24.674     0.00    0.00
 108755.356   -24.674     0.00    0.00
 109127.238   -24.674     0.00    0.00
 109499.190   -24.674     0.00    0.00
 109871.212   -24.674     0.00    0.00
 110243.304   -24.674     0.00    0.00
 110615.466   -24.674     0.00    0.00
 110987.698   -24.674     0.00    0.00
 111359.999   -24.674     0.00    0.00
 111732.371   -24.674     0.00    0.00
 112104.812   -24.674     0.00    0.00
 112477.324   -24.674     0.00    0.00
 112849.906   -24.674     0.00    0.00
 113222.558   -24.674     0.00    0.00
 113595.280   -24.674     0.00    0.00
 113968.073   -24.674     0.00    0.00
 114340.935   -24.674     0.00    0.00
 114713.868   -24.674     0.00    0.00
 115086.872   -24.674     0.00    0.00
 115459.946   -24.674     0.00    0.00
 115833.090   -24.674     0.00    0.00
 116206.304   -24.674     0.00    0.00
 116579.590   -24.674     0.00    0.00
 116952.945   -24.674     0.00    0.00
 117326.372   -24.674     0.00    0.00
 117699.869   -24.674     0.00    0.00
 118073.436   -24.674     0.00    0.00
 118447.075   -24.674     0.00    0.00
 118820.784   -24.674     0.00    0.00
 119194.564   -24.674     0.00    0.00
 119568.415   -24.674     0.00    0.00
 119942.336   -24.674     0.00    0.00
 120316.329   -24.674     0.00    0.00
 120690.392   -24.674     0.00    0.00
 121064.527   -24.674     0.00    0.00
 121438.732   -24.674     0.00    0.00
 121813.009   -24.674     0.00    0.00
 122187.357   -24.674     0.00    0.00
 122561.775   -24.674     0.00    0.00
 122936.265   -24.674     0.00    0.00
 123310.827   -24.674     0.00    0.00
 123685.459   -24.674     0.00    0.00
 124060.163   -24.674     0.00    0.00
 124434.938   -24.674     0.00    0.00
 124809.785   -24.674     0.00    0.00
 125184.703   -24.674     0.00    0.00
 125559.693   -24.674     0.00    0.00
 125934.754   -24.674     0.00    0.00
