# NaN NaN NaN ;Mean Elev.(m), Avg Gradient(m/km), RMS Gradient(m/km) - SRTM1     
#   98.268  -0.187   5.550 ;Mean Elev.(m), Avg Gradient(m/km), RMS Gradient(m/km) - ASTER GDEM
#   94.105  -0.719   0.840 ;Mean Elev.(m), Avg Gradient(m/km), RMS Gradient(m/km) - GMTED2010 
  6    96.893 52419.88424512 46.76 211.504362  66.194894 40.834
  6    96.711 52419.88424576 49.89 211.501122  66.191814 40.834
  6    96.813 52419.88424641 52.08 211.497882  66.188724 40.834
  6    96.714 52419.88424705 50.77 211.494642  66.185644 40.834
  6    96.473 52419.88425092 52.27 211.475212  66.167134 40.834
  6    96.398 52419.88425156 52.70 211.471982  66.164044 40.834
  6    96.410 52419.88425221 51.96 211.468742  66.160964 40.834
  6    96.430 52419.88425285 52.48 211.465512  66.157874 40.834
  6    96.410 52419.88425350 55.64 211.462284  66.154789 39.831
  6    96.399 52419.88425414 49.49 211.459044  66.151709 39.831
  6    96.341 52419.88425479 49.52 211.455814  66.148619 39.831
  6    96.298 52419.88425543 51.27 211.452584  66.145539 39.831
  6    96.259 52419.88425608 48.89 211.449354  66.142449 39.831
  7    94.202 52454.88427084 50.79 211.491966  66.189564 37.997
  7    94.151 52454.88427149 51.40 211.488726  66.186474 37.997
  7    93.933 52454.88427213 47.71 211.485486  66.183384 37.997
  7    93.940 52454.88427278 54.20 211.482246  66.180304 37.997
  7    93.915 52454.88427407 52.85 211.475774  66.174134 44.946
  7    93.884 52454.88427471 43.80 211.472534  66.171044 44.946
  7    93.987 52454.88427536 48.58 211.469304  66.167964 44.946
  7    93.912 52454.88427600 45.19 211.466074  66.164874 44.946
  7    93.818 52454.88427665 47.01 211.462834  66.161794 44.946
  7    93.728 52454.88427729 48.14 211.459604  66.158704 44.946
  7    93.643 52454.88427793 44.88 211.456374  66.155624 44.946
  7    93.302 52454.88428051 50.38 211.443454  66.143284 44.946
  8    94.287 52489.88424594 49.16 211.501885  66.192683 50.412
  8    94.283 52489.88424658 54.13 211.498645  66.189593 50.412
  8    94.298 52489.88424723 53.49 211.495405  66.186513 50.412
  8    94.278 52489.88424787 51.19 211.492165  66.183423 50.412
  8    93.970 52489.88425110 55.79 211.475985  66.168003 50.412
  8    94.003 52489.88425174 54.13 211.472755  66.164913 50.412
  8    94.015 52489.88425239 49.15 211.469525  66.161833 50.412
  8    93.866 52489.88425303 51.37 211.466285  66.158743 50.412
  8    93.766 52489.88425368 55.70 211.463055  66.155663 50.412
  8    93.696 52489.88425432 51.76 211.459825  66.152573 50.412
  8    93.607 52489.88425497 49.62 211.456595  66.149493 50.412
  8    93.533 52489.88425561 53.87 211.453365  66.146403 50.412
  8    93.488 52489.88425625 50.83 211.450135  66.143313 50.412
  8    93.444 52489.88425690 48.71 211.446905  66.140233 50.412
  9    94.243 52524.88422533 23.26 211.482398  66.187523 29.681
  9    94.103 52524.88422598 20.59 211.479160  66.184433 22.760
  9    93.919 52524.88422662 20.61 211.475920  66.181343 22.760
  9    94.110 52524.88422727 26.23 211.472690  66.178263 22.760
  9    93.939 52524.88422791 27.50 211.469450  66.175173 22.760
  9    93.945 52524.88422856 26.96 211.466220  66.172093 22.760
  9    93.856 52524.88422920 23.24 211.462980  66.169003 22.760
  9    93.833 52524.88422985 21.17 211.459750  66.165923 22.760
  9    93.954 52524.88423049 21.73 211.456520  66.162833 22.760
 10    92.460 52559.88427242 46.82 211.506868  66.194946 31.250
 10    92.449 52559.88427306 54.74 211.503628  66.191856 31.250
 10    92.524 52559.88427371 52.38 211.500388  66.188776 31.250
 10    92.476 52559.88427435 51.46 211.497151  66.185695 42.802
 10    92.173 52559.88427887 52.80 211.474481  66.164095 42.802
 10    92.120 52559.88427951 50.13 211.471251  66.161015 42.802
 10    91.865 52559.88428016 46.90 211.468021  66.157925 42.802
 10    91.796 52559.88428080 43.25 211.464781  66.154845 42.802
 10    91.749 52559.88428145 50.51 211.461551  66.151755 42.802
 10    91.704 52559.88428209 44.69 211.458321  66.148675 42.802
 10    91.616 52559.88428273 51.74 211.455091  66.145585 42.802
 10    91.568 52559.88428338 49.70 211.451861  66.142505 42.802
 10    91.376 52559.88428402 51.77 211.448631  66.139415 42.802
 11    92.731 52594.88428003 25.02 211.486783  66.188085 11.513
 11    92.696 52594.88428067 23.91 211.483543  66.184995 11.513
 11    92.818 52594.88428132 24.39 211.480303  66.181915 11.513
 11    92.838 52594.88428196 23.85 211.477073  66.178825 11.513
 11    92.861 52594.88428261 24.14 211.473833  66.175745 11.513
 11    92.886 52594.88428325 24.26 211.470593  66.172655 11.513
 11    92.737 52594.88428390 24.44 211.467363  66.169575 11.513
 11    92.532 52594.88428454 24.88 211.464123  66.166485 11.513
 11    92.504 52594.88428519 25.61 211.460893  66.163405 11.513
 11    92.346 52594.88428583 28.78 211.457663  66.160315 11.513
 12    92.660 52629.88421067 18.83 211.511148  66.189057  5.773
 12    92.250 52629.88421647 19.99 211.482007  66.161299  5.195
 12    92.185 52629.88421712 19.67 211.478777  66.158209  5.195
 12    92.065 52629.88421776 19.19 211.475537  66.155129  5.195
 12    92.148 52629.88421841 18.10 211.472307  66.152039  5.195
 12    92.271 52629.88421905 16.87 211.469077  66.148959  5.195
 12    91.979 52629.88421970 18.25 211.465847  66.145869  5.195
 12    91.988 52629.88422034 16.90 211.462617  66.142789  5.195
 12    91.992 52629.88422098 16.89 211.459377  66.139699  5.195
 12    91.963 52629.88422163 16.49 211.456157  66.136619  5.195
 13    92.344 52664.88424107 12.75 211.494078  66.189670  3.687
 13    92.183 52664.88424171 13.10 211.490839  66.186587  2.791
 13    92.233 52664.88424236 12.63 211.487599  66.183497  2.791
 13    92.244 52664.88424300 12.36 211.484359  66.180417  2.791
 13    92.564 52664.88424493 12.33 211.474649  66.171157  2.791
 13    92.619 52664.88424558 12.01 211.471419  66.168077  2.791
 13    92.612 52664.88424622 11.79 211.468179  66.164987  2.791
 13    92.427 52664.88424687 11.92 211.464949  66.161907  2.791
 13    92.350 52664.88424751 11.60 211.461719  66.158817  2.791
 13    92.210 52664.88424816 11.96 211.458479  66.155737  2.791
 13    92.049 52664.88425074 12.58 211.445559  66.143387  2.791
 14    94.716 52699.88422005 11.67 211.485713  66.159128  2.463
 14    94.992 52699.88422069 11.29 211.482473  66.156048  2.463
 14    95.017 52699.88422134 10.92 211.479243  66.152958  2.463
 14    94.641 52699.88422198 11.39 211.476013  66.149878  2.463
 14    95.273 52699.88422263 11.08 211.472773  66.146788  2.463
 14    95.331 52699.88422327 11.39 211.469543  66.143708  2.463
 15    92.927 52734.88424411 10.64 211.500472  66.192146  1.870
 15    92.929 52734.88424475 11.19 211.497232  66.189056  1.870
 15    93.068 52734.88424540 11.35 211.493992  66.185976  1.870
 15    93.537 52734.88424926 10.65 211.474572  66.167466  1.870
 15    93.758 52734.88424991 10.57 211.471342  66.164376  1.870
 15    93.831 52734.88425055 10.67 211.468112  66.161296  1.870
 15    94.042 52734.88425120 10.41 211.464872  66.158206  1.870
 15    96.128 52734.88425184 10.57 211.461642  66.155126  1.870
 15    95.690 52734.88425249 10.55 211.458412  66.152036  1.870
 15    93.516 52734.88425313 11.05 211.455182  66.148956  1.870
 15    93.849 52734.88425378 10.92 211.451952  66.145866  1.870
 15    94.191 52734.88425442 11.08 211.448721  66.142784  1.939
 16    96.603 52769.88423580 40.29 211.478685  66.186510 28.023
 16    96.481 52769.88423644 38.24 211.475445  66.183420 28.023
 16    96.582 52769.88423709 35.64 211.472211  66.180337 35.155
 16    96.457 52769.88423773 35.62 211.468971  66.177257 35.155
 16    96.463 52769.88423838 36.02 211.465741  66.174167 35.155
 16    96.282 52769.88423902 36.32 211.462501  66.171087 35.155
 16    96.283 52769.88423967 36.90 211.459271  66.167997 35.155
 16    96.344 52769.88424031 38.33 211.456041  66.164917 35.155
 17    94.982 52804.88426813 51.06 211.512950  66.191758 33.809
 17    94.953 52804.88426878 52.29 211.509715  66.188672 44.584
 17    94.744 52804.88427458 51.71 211.480565  66.160912 44.584
 17    94.533 52804.88427522 48.11 211.477325  66.157832 44.584
 17    94.451 52804.88427587 52.89 211.474095  66.154742 44.584
 17    94.445 52804.88427651 52.54 211.470865  66.151662 44.584
 17    94.434 52804.88427716 57.17 211.467625  66.148572 44.584
 17    94.426 52804.88427780 53.13 211.464395  66.145492 44.584
 17    94.432 52804.88427845 52.64 211.461165  66.142402 44.584
 17    94.425 52804.88427909 52.20 211.457935  66.139322 44.584
 17    94.379 52804.88427974 50.71 211.454705  66.136232 44.584
 18    94.260 52839.88432954 53.03 211.511299  66.192900 39.105
 18    94.239 52839.88433019 51.98 211.508049  66.189820 39.105
 18    94.187 52839.88433083 51.24 211.504809  66.186731 48.707
 18    93.819 52839.88433599 48.08 211.478909  66.162061 48.707
 18    93.573 52839.88433663 48.59 211.475679  66.158971 48.707
 18    93.559 52839.88433728 51.99 211.472439  66.155891 48.707
 18    93.552 52839.88433792 53.38 211.469209  66.152801 48.707
 18    93.549 52839.88433857 52.16 211.465979  66.149721 48.707
 18    93.540 52839.88433921 46.74 211.462749  66.146631 48.707
 18    93.516 52839.88433986 52.66 211.459519  66.143551 48.707
 18    93.338 52839.88434050 52.23 211.456279  66.140461 48.707
 18    93.288 52839.88434115 52.82 211.453059  66.137381 48.707
 19    93.788 52874.88436842 17.40 211.508995  66.195719 27.161
 19    93.698 52874.88436906 17.24 211.505755  66.192629 27.161
 19    93.460 52874.88436971 18.56 211.502515  66.189549 27.161
 19    93.349 52874.88437035 22.31 211.499277  66.186468 18.407
 19    93.013 52874.88437487 19.62 211.476607  66.164868 18.407
 19    93.131 52874.88437551 26.50 211.473377  66.161788 18.407
 19    93.209 52874.88437616 25.96 211.470147  66.158698 18.407
 19    93.073 52874.88437680 21.81 211.466907  66.155618 18.407
 19    93.073 52874.88437745 22.55 211.463677  66.152528 18.407
 19    92.879 52874.88437809 22.36 211.460447  66.149448 18.407
 19    92.979 52874.88437873 18.28 211.457217  66.146358 18.407
 19    92.697 52874.88437938 19.89 211.453987  66.143278 18.407
 19    92.718 52874.88438002 22.75 211.450757  66.140188 18.407
 20    92.501 52909.88434273 52.00 211.494676  66.189628 23.560
 20    92.532 52909.88434338 51.59 211.491436  66.186538 23.560
 20    92.488 52909.88434402 53.14 211.488196  66.183458 23.560
 20    92.312 52909.88434660 50.96 211.475256  66.171108 29.405
 20    92.425 52909.88434725 50.58 211.472016  66.168028 29.405
 20    92.269 52909.88434789 48.04 211.468786  66.164938 29.405
 20    92.121 52909.88434854 41.48 211.465556  66.161858 29.405
 20    91.858 52909.88434918 43.01 211.462326  66.158768 29.405
 20    91.754 52909.88434983 47.64 211.459096  66.155688 29.405
 20    91.582 52909.88435240 44.28 211.446176  66.143348 29.405
 21    91.548 52944.88428800 49.62 211.489045  66.160004 31.796
 21    91.557 52944.88428864 49.00 211.485805  66.156914 31.796
 21    91.252 52944.88428929 43.48 211.482575  66.153834 31.796
 21    91.235 52944.88428993 46.59 211.479345  66.150744 31.796
 21    91.226 52944.88429057 52.91 211.476105  66.147664 31.796
 23    91.665 53014.88433042 16.05 211.485945  66.187955  5.992
 23    91.926 53014.88433106 14.90 211.482711  66.184868  4.864
 23    92.167 53014.88433171 14.87 211.479471  66.181778  4.864
 23    92.149 53014.88433235 16.00 211.476231  66.178698  4.864
 23    92.227 53014.88433299 15.65 211.473001  66.175608  4.864
 23    92.210 53014.88433364 16.45 211.469761  66.172528  4.864
 23    92.200 53014.88433428 17.43 211.466531  66.169438  4.864
 23    92.132 53014.88433493 16.54 211.463291  66.166358  4.864
 23    91.872 53014.88433557 17.73 211.460061  66.163268  4.864
 23    91.511 53014.88433622 18.33 211.456831  66.160188  4.864
 24    92.003 53049.88430253 12.81 211.511779  66.191891  4.070
 24    89.846 53049.88430318 12.75 211.508539  66.188811  4.070
 24    91.898 53049.88430834 12.32 211.482634  66.164132  4.819
 24    91.663 53049.88430898 13.82 211.479394  66.161042  4.819
 24    91.080 53049.88430963 18.73 211.476164  66.157962  4.819
 24    90.749 53049.88431027 22.04 211.472934  66.154872  4.819
 24    91.099 53049.88431091 15.25 211.469694  66.151792  4.819
 24    93.506 53049.88431156 11.03 211.466464  66.148702  4.819
 24    94.248 53049.88431220 10.73 211.463234  66.145622  4.819
 24    95.249 53049.88431285 10.14 211.460004  66.142532  4.819
 24    95.907 53049.88431349 10.62 211.456774  66.139452  4.819
 24    96.527 53049.88431414 10.56 211.453544  66.136362  4.819
 25    92.230 53084.88434048  9.90 211.479343  66.186526  3.558
 25    92.127 53084.88434112 10.60 211.476103  66.183436  3.558
 25    92.040 53084.88434177 11.51 211.472863  66.180356  3.558
 25    92.036 53084.88434241 10.98 211.469633  66.177266  3.558
 25    91.824 53084.88434306 11.27 211.466393  66.174186  3.558
 25    91.905 53084.88434370 10.83 211.463163  66.171096  3.558
 25    91.882 53084.88434435 11.14 211.459923  66.168016  3.558
 25    91.687 53084.88434499 11.52 211.456693  66.164926  3.558
 26    92.155 53119.88430799 18.33 211.509755  66.196031 19.338
 26    91.335 53119.88430864 23.88 211.506505  66.192951 19.338
 26    92.570 53119.88430928 20.66 211.503265  66.189861 19.338
 26    92.638 53119.88430993 19.26 211.500025  66.186781 19.338
 26    91.946 53119.88431444 17.95 211.477361  66.165190 19.966
 26    91.954 53119.88431509 15.69 211.474121  66.162100 19.966
 26    91.557 53119.88431573 19.66 211.470891  66.159020 19.966
 26    90.642 53119.88431638 27.76 211.467661  66.155930 19.966
 26    90.743 53119.88431702 32.15 211.464421  66.152850 19.966
 26    90.815 53119.88431767 32.13 211.461191  66.149760 19.966
 26    90.601 53119.88431831 25.20 211.457961  66.146680 19.966
 26    90.508 53119.88431895 24.86 211.454731  66.143590 19.966
 26    90.307 53119.88431960 24.20 211.451501  66.140510 19.966
 27    96.544 53154.88436149 48.11 211.498447  66.192303 35.717
 27    96.613 53154.88436213 53.50 211.495207  66.189223 35.717
 27    96.551 53154.88436277 53.61 211.491973  66.186140 48.745
 27    96.427 53154.88436342 53.29 211.488733  66.183050 48.745
 27    96.285 53154.88436600 55.23 211.475783  66.170710 48.745
 27    96.259 53154.88436664 52.69 211.472543  66.167630 48.745
 27    96.229 53154.88436729 49.27 211.469303  66.164540 48.745
 27    96.197 53154.88436793 49.95 211.466073  66.161460 48.745
 27    96.153 53154.88436858 51.66 211.462843  66.158370 48.745
 27    96.116 53154.88436922 50.69 211.459603  66.155290 48.745
 27    96.065 53154.88436987 53.99 211.456373  66.152200 48.745
 27    95.976 53154.88437116 49.92 211.449913  66.146030 48.745
 27    95.939 53154.88437180 49.99 211.446683  66.142950 48.745
 28    94.045 53189.88435078 46.59 211.509758  66.194960 41.052
 28    93.937 53189.88435142 41.66 211.506518  66.191870 41.052
 28    93.874 53189.88435207 38.58 211.503278  66.188790 41.052
 28    93.897 53189.88435271 45.33 211.500036  66.185706 44.210
 28    93.571 53189.88435722 36.22 211.477376  66.164106 44.210
 28    93.607 53189.88435787 44.18 211.474146  66.161026 44.210
 28    93.515 53189.88435851 45.72 211.470916  66.157936 44.210
 28    93.453 53189.88435916 44.91 211.467676  66.154856 44.210
 28    93.427 53189.88435980 47.49 211.464446  66.151766 44.210
 28    93.387 53189.88436045 43.05 211.461216  66.148686 44.210
 28    93.215 53189.88436109 48.13 211.457986  66.145596 44.210
 28    93.234 53189.88436174 53.25 211.454756  66.142516 44.210
 28    93.164 53189.88436238 51.13 211.451526  66.139426 44.210
 29    93.332 53224.88436312 54.05 211.494772  66.189506 39.650
 29    93.320 53224.88436376 53.12 211.491532  66.186426 39.650
 29    93.309 53224.88436440 52.47 211.488298  66.183339 45.427
 29    93.233 53224.88436698 51.51 211.475348  66.170999 45.427
 29    93.253 53224.88436763 50.38 211.472118  66.167909 45.427
 29    93.231 53224.88436827 47.71 211.468878  66.164829 45.427
 29    92.967 53224.88436892 44.86 211.465648  66.161739 45.427
 29    92.859 53224.88436956 54.18 211.462418  66.158659 45.427
 29    92.795 53224.88437021 53.23 211.459188  66.155569 45.427
 29    92.606 53224.88437214 45.97 211.449498  66.146319 45.427
 29    92.569 53224.88437279 49.61 211.446268  66.143229 45.427
 30    91.880 53259.88433853 39.53 211.479492  66.188203 32.891
 30    92.038 53259.88433917 41.83 211.476251  66.185113 35.681
 30    92.090 53259.88433982 46.56 211.473011  66.182033 35.681
 30    92.246 53259.88434046 45.26 211.469781  66.178943 35.681
 30    92.234 53259.88434110 46.97 211.466541  66.175853 35.681
 30    92.169 53259.88434175 41.13 211.463311  66.172773 35.681
 30    91.910 53259.88434239 40.17 211.460071  66.169693 35.681
 30    91.835 53259.88434304 45.32 211.456841  66.166603 35.681
 31    91.897 53294.88436441 40.37 211.501557  66.193525 21.257
 31    91.782 53294.88436505 52.35 211.498317  66.190435 21.257
 31    91.724 53294.88436570 53.96 211.495077  66.187355 21.257
 31    91.833 53294.88436634 51.64 211.491841  66.184275 42.120
 31    91.601 53294.88436957 48.75 211.475651  66.168845 42.120
 31    91.645 53294.88437021 51.37 211.472411  66.165765 42.120
 31    91.556 53294.88437085 39.58 211.469181  66.162675 42.120
 31    91.299 53294.88437150 42.70 211.465941  66.159595 42.120
 31    91.011 53294.88437214 41.55 211.462711  66.156505 42.120
 31    90.925 53294.88437279 51.30 211.459471  66.153425 42.120
 31    90.878 53294.88437343 49.87 211.456241  66.150335 42.120
 31    90.796 53294.88437408 53.15 211.453011  66.147255 42.120
 31    90.784 53294.88437472 45.18 211.449781  66.144165 42.120
 31    90.690 53294.88437537 39.95 211.446551  66.141085 42.120
 32    91.700 53329.88433767 24.57 211.500534  66.192713 11.644
 32    91.878 53329.88433832 25.99 211.497294  66.189633 11.644
 32    91.790 53329.88433896 28.96 211.494054  66.186550 11.254
 32    91.734 53329.88433961 20.45 211.490814  66.183460 11.254
 32    91.798 53329.88434283 24.16 211.474634  66.168040 11.254
 32    91.647 53329.88434348 22.80 211.471394  66.164950 11.254
 32    91.439 53329.88434412 20.96 211.468164  66.161870 11.254
 32    91.182 53329.88434477 20.51 211.464934  66.158780 11.254
 32    91.031 53329.88434541 20.19 211.461694  66.155700 11.254
 32    90.977 53329.88434606 18.89 211.458464  66.152610 11.254
 32    90.955 53329.88434670 18.40 211.455234  66.149530 11.254
 32    90.852 53329.88434734 17.78 211.452004  66.146440 11.254
 32    90.940 53329.88434799 17.78 211.448774  66.143360 11.254
 32    90.975 53329.88434863 17.57 211.445544  66.140270 11.254
 33    91.454 53364.88428890 10.88 211.488079  66.188182  3.619
 33    91.434 53364.88428954 11.07 211.484836  66.185093  4.450
 33    91.471 53364.88429018 10.89 211.481596  66.182003  4.450
 33    91.627 53364.88429083 12.02 211.478366  66.178923  4.450
 33    91.828 53364.88429147 12.27 211.475126  66.175833  4.450
 33    91.880 53364.88429212 13.03 211.471896  66.172753  4.450
 33    91.757 53364.88429276 13.00 211.468656  66.169663  4.450
 33    91.652 53364.88429341 13.69 211.465426  66.166583  4.450
 33    91.685 53364.88429405 12.96 211.462196  66.163493  4.450
 33    91.584 53364.88429470 12.51 211.458966  66.160413  4.450
 35    92.037 53434.88430388  9.27 211.487509  66.187233  3.011
 35    91.625 53434.88430453  9.53 211.484269  66.184143  3.011
 35    91.806 53434.88430517  9.36 211.481029  66.181063  3.011
 35    91.756 53434.88430582  9.43 211.477799  66.177973  3.011
 35    91.802 53434.88430646  9.55 211.474559  66.174893  3.011
 35    92.069 53434.88430711  9.74 211.471329  66.171803  3.011
 35    91.843 53434.88430775 10.14 211.468089  66.168723  3.011
 35    91.730 53434.88430840 10.24 211.464859  66.165633  3.011
 35    91.815 53434.88430904  9.55 211.461629  66.162553  3.011
 35    91.810 53434.88430969 10.28 211.458399  66.159463  3.011
 36    92.605 53469.88434659  8.32 211.509484  66.194483  4.157
 36    90.675 53469.88434724 14.63 211.506244  66.191403  4.157
 36    90.359 53469.88434788 14.80 211.503006  66.188314  3.993
 36    90.072 53469.88434853  9.94 211.499766  66.185234  3.993
 36    92.141 53469.88435304  8.04 211.477096  66.163644  3.993
 36    91.910 53469.88435368  8.89 211.473866  66.160554  3.993
 36    91.128 53469.88435433 11.73 211.470626  66.157474  3.993
 36    91.017 53469.88435497 11.38 211.467396  66.154384  3.993
 36    94.546 53469.88435562  7.33 211.464166  66.151304  3.993
 36    94.277 53469.88435626  7.81 211.460936  66.148214  3.993
 36    94.669 53469.88435691  6.94 211.457696  66.145134  3.993
 36    95.614 53469.88435755  6.12 211.454466  66.142044  3.993
 36    96.073 53469.88435820  6.62 211.451236  66.138964  3.993
 37    95.989 53504.88438883 48.67 211.491048  66.188829 34.278
 37    96.076 53504.88438948 47.53 211.487808  66.185749 34.278
 37    95.831 53504.88439012 36.72 211.484565  66.182662 40.529
 37    95.835 53504.88439077 35.24 211.481325  66.179572 40.529
 37    95.813 53504.88439206 33.65 211.474855  66.173402 40.529
 37    95.680 53504.88439270 33.93 211.471615  66.170322 40.529
 37    95.825 53504.88439335 35.73 211.468385  66.167232 40.529
 37    95.835 53504.88439399 39.71 211.465145  66.164152 40.529
 37    95.782 53504.88439464 41.89 211.461915  66.161062 40.529
 37    95.804 53504.88439528 43.26 211.458685  66.157982 40.529
 37    95.422 53504.88439850 36.60 211.442525  66.142552 40.529
 38    95.549 53539.88438803 20.33 211.496263  66.191827 28.450
 38    95.163 53539.88438868 18.60 211.493023  66.188747 28.450
 38    94.777 53539.88438932 18.27 211.489788  66.185661 18.730
 38    97.780 53539.88438996 25.65 211.486548  66.182571 18.730
 38    95.392 53539.88439254 25.54 211.473598  66.170231 18.730
 38    94.445 53539.88439319 23.59 211.470368  66.167151 18.730
 38    94.369 53539.88439383 19.50 211.467128  66.164061 18.730
 38    96.935 53539.88439448 16.46 211.463898  66.160981 18.730
 38    96.913 53539.88439512 15.20 211.460668  66.157891 18.730
 38    96.499 53539.88439577 15.59 211.457428  66.154811 18.730
 38    94.479 53539.88439835 18.92 211.444508  66.142461 18.730
 39    93.938 53574.88438442 46.92 211.485062  66.187829 36.861
 39    93.860 53574.88438506 52.51 211.481828  66.184742 45.976
 39    93.800 53574.88438571 52.09 211.478588  66.181652 45.976
 39    93.761 53574.88438635 52.76 211.475348  66.178572 45.976
 39    93.722 53574.88438699 51.26 211.472118  66.175482 45.976
 39    93.731 53574.88438764 51.37 211.468878  66.172402 45.976
 39    93.775 53574.88438828 49.73 211.465648  66.169312 45.976
 39    93.735 53574.88438893 44.10 211.462408  66.166232 45.976
 39    93.684 53574.88438957 49.98 211.459178  66.163142 45.976
 39    93.488 53574.88439022 43.65 211.455948  66.160062 45.976
 40    92.777 53609.88433477 43.34 211.480494  66.189410 22.742
 40    92.579 53609.88433542 34.43 211.477254  66.186320 29.328
 40    92.772 53609.88433606 40.27 211.474014  66.183230 29.328
 40    92.785 53609.88433671 36.69 211.470784  66.180150 29.328
 40    92.858 53609.88433735 34.94 211.467544  66.177060 29.328
 40    92.514 53609.88433800 40.64 211.464314  66.173980 29.328
 40    92.486 53609.88433864 40.76 211.461074  66.170890 29.328
 40    92.454 53609.88433929 31.29 211.457844  66.167810 29.328
 41    94.167 53644.88433636 17.60 211.511804  66.192054 24.183
 41    93.219 53644.88433700 20.42 211.508564  66.188974 24.183
 41    99.462 53644.88433765 19.90 211.505324  66.185884 24.183
 41    93.217 53644.88434216 30.58 211.482655  66.164294 32.381
 41    93.204 53644.88434281 20.92 211.479425  66.161204 32.381
 41    93.207 53644.88434345 20.48 211.476185  66.158124 32.381
 41    93.093 53644.88434410 25.28 211.472955  66.155034 32.381
 41    93.122 53644.88434474 28.77 211.469715  66.151954 32.381
 41    93.165 53644.88434539 28.63 211.466485  66.148864 32.381
 41    92.907 53644.88434603 28.24 211.463255  66.145784 32.381
 41    92.927 53644.88434667 26.92 211.460025  66.142694 32.381
 41    92.851 53644.88434732 28.54 211.456795  66.139614 32.381
 41    92.910 53644.88434796 33.65 211.453565  66.136524 32.381
 42    91.571 53679.88435559 36.61 211.484898  66.186294 32.055
 42    91.514 53679.88435623 37.41 211.481658  66.183204 32.055
 42    91.488 53679.88435688 42.93 211.478418  66.180124 32.055
 42    91.519 53679.88435752 47.43 211.475178  66.177034 32.055
 42    91.618 53679.88435817 46.82 211.471948  66.173954 32.055
 42    91.635 53679.88435881 47.34 211.468708  66.170864 32.055
 42    91.491 53679.88435946 47.98 211.465478  66.167784 32.055
 42    91.245 53679.88436010 33.41 211.462238  66.164694 32.055
 42    91.073 53679.88436075 29.59 211.459008  66.161614 32.055
 43    92.354 53714.88428320 19.11 211.488428  66.188284  4.054
 43    92.338 53714.88428384 19.46 211.485192  66.185196  6.356
 43    92.444 53714.88428449 19.29 211.481962  66.182106  6.356
 43    92.433 53714.88428513 20.08 211.478722  66.179026  6.356
 43    92.394 53714.88428578 20.17 211.475482  66.175936  6.356
 43    92.312 53714.88428642 20.73 211.472252  66.172856  6.356
 43    92.448 53714.88428707 20.26 211.469012  66.169766  6.356
 43    92.505 53714.88428771 20.54 211.465782  66.166686  6.356
 43    92.383 53714.88428836 20.42 211.462552  66.163596  6.356
 43    92.248 53714.88428900 23.80 211.459322  66.160516  6.356
 43    92.221 53714.88428964 23.27 211.456092  66.157426  6.356
 44    91.826 53749.88420391 21.56 211.488754  66.161726  7.219
 44    91.615 53749.88420456 29.35 211.485514  66.158646  7.219
 44    91.735 53749.88420520 27.28 211.482284  66.155556  7.219
 44    91.656 53749.88420584 19.40 211.479044  66.152476  7.219
 44    91.548 53749.88420649 16.27 211.475814  66.149386  7.219
 44    91.528 53749.88420713 14.58 211.472584  66.146306  7.219
 45    91.652 53784.88422870 13.99 211.499590  66.191650  4.797
 45    91.610 53784.88422935 13.99 211.496360  66.188570  4.797
 45    91.225 53784.88422999 14.88 211.493113  66.185485  3.281
 45    92.191 53784.88423386 13.78 211.473693  66.166975  3.281
 45    92.072 53784.88423451 13.76 211.470463  66.163885  3.281
 45    92.017 53784.88423515 13.52 211.467233  66.160805  3.281
 45    91.905 53784.88423580 14.13 211.464003  66.157715  3.281
 45    91.702 53784.88423644 14.46 211.460773  66.154635  3.281
 45    91.610 53784.88423709 13.16 211.457533  66.151545  3.281
 45    91.449 53784.88423773 13.51 211.454303  66.148465  3.281
 45    91.458 53784.88423837 13.14 211.451083  66.145375  3.281
 45    91.606 53784.88423902 12.60 211.447853  66.142295  3.281
 46    91.868 53819.88418972 10.88 211.479029  66.187215  2.986
 46    91.871 53819.88419036 10.91 211.475799  66.184135  2.986
 46    91.955 53819.88419101 11.51 211.472559  66.181045  2.986
 46    92.006 53819.88419165 11.81 211.469330  66.177959  3.734
 46    91.920 53819.88419230 12.54 211.466090  66.174879  3.734
 46    91.887 53819.88419294 12.54 211.462860  66.171789  3.734
 46    92.124 53819.88419359 12.04 211.459620  66.168709  3.734
 46    91.793 53819.88419423 12.68 211.456390  66.165619  3.734
 47    91.139 53854.88427047 18.20 211.504859  66.193915 12.136
 47    90.774 53854.88427111 13.80 211.501619  66.190825 12.136
 47    90.491 53854.88427176 14.72 211.498369  66.187745 12.136
 47    90.232 53854.88427240 10.12 211.495129  66.184655 12.136
 47    91.393 53854.88427627 11.29 211.475703  66.166151 13.478
 47    91.277 53854.88427692 11.50 211.472473  66.163061 13.478
 47    90.863 53854.88427756 13.79 211.469233  66.159981 13.478
 47    90.657 53854.88427821 19.13 211.466003  66.156891 13.478
 47    90.691 53854.88427885 17.38 211.462773  66.153811 13.478
 47    90.520 53854.88427950 17.78 211.459543  66.150721 13.478
 47    90.573 53854.88428014 26.86 211.456303  66.147641 13.478
 47    90.320 53854.88428079 15.18 211.453073  66.144551 13.478
 47    90.339 53854.88428143  8.86 211.449843  66.141471 13.478
 48    95.972 53889.88428018 21.21 211.509592  66.192756 12.762
 48    95.672 53889.88428083 21.63 211.506352  66.189666 12.762
 48    99.372 53889.88428147 24.07 211.503112  66.186586 12.762
 48    96.531 53889.88428598 23.75 211.480452  66.164986 12.762
 48    96.665 53889.88428663 17.95 211.477212  66.161906 12.762
 48    96.290 53889.88428727 16.26 211.473982  66.158816 12.762
 48    95.841 53889.88428792 16.81 211.470752  66.155736 12.762
 48    95.806 53889.88428856 17.74 211.467522  66.152646 12.762
 48    95.707 53889.88428921 17.99 211.464282  66.149566 12.762
 48    96.320 53889.88428985 18.40 211.461052  66.146476 12.762
 48    96.504 53889.88429050 20.55 211.457822  66.143396 12.762
 48    96.611 53889.88429114 20.42 211.454592  66.140306 12.762
 48    96.123 53889.88429179 20.96 211.451372  66.137216 12.762
 49    94.689 53924.88434716 48.14 211.487522  66.187566 36.924
 49    94.518 53924.88434781 45.65 211.484282  66.184476 36.924
 49    94.429 53924.88434845 33.95 211.481042  66.181396 36.924
 49    94.459 53924.88434909 35.39 211.477809  66.178309 39.686
 49    94.536 53924.88434974 36.40 211.474569  66.175219 39.686
 49    94.503 53924.88435038 36.28 211.471329  66.172139 39.686
 49    94.406 53924.88435103 40.92 211.468099  66.169049 39.686
 49    94.375 53924.88435167 46.93 211.464859  66.165969 39.686
 49    94.338 53924.88435232 46.27 211.461629  66.162879 39.686
 49    94.294 53924.88435296 44.33 211.458389  66.159799 39.686
 50    93.342 53959.88433689 31.73 211.479829  66.186553 29.042
 50    93.456 53959.88433754 24.65 211.476589  66.183473 29.042
 50    93.322 53959.88433818 25.12 211.473359  66.180383 29.042
 50    93.343 53959.88433882 26.11 211.470120  66.177302 32.680
 50    93.177 53959.88433947 26.33 211.466880  66.174222 32.680
 50    93.126 53959.88434011 33.78 211.463650  66.171132 32.680
 50    93.292 53959.88434076 29.21 211.460420  66.168052 32.680
 50    93.190 53959.88434140 26.14 211.457180  66.164962 32.680
 51    92.943 53994.88427604 52.87 211.488980  66.158340 37.928
 51    92.865 53994.88427668 54.95 211.485740  66.155250 37.928
 51    92.747 53994.88427733 48.35 211.482510  66.152170 37.928
 51    92.693 53994.88427797 46.76 211.479280  66.149080 37.928
 51    92.631 53994.88427862 47.11 211.476040  66.146000 37.928
 52    92.353 54029.88432675 38.65 211.511008  66.191086 30.502
 52    92.375 54029.88432740 47.13 211.507768  66.187996 30.502
 52    91.828 54029.88433256 48.89 211.481858  66.163323 43.444
 52    91.810 54029.88433320 44.95 211.478628  66.160233 43.444
 52    91.753 54029.88433385 45.97 211.475388  66.157153 43.444
 52    91.812 54029.88433449 48.71 211.472158  66.154063 43.444
 52    91.822 54029.88433513 47.78 211.468928  66.150983 43.444
 52    91.568 54029.88433578 49.06 211.465698  66.147893 43.444
 52    91.432 54029.88433642 48.59 211.462458  66.144813 43.444
 52    91.312 54029.88433707 52.44 211.459228  66.141723 43.444
 52    91.276 54029.88433771 52.73 211.455998  66.138643 43.444
 53    92.234 54064.88432100 25.26 211.498390  66.191214  7.709
 53    92.079 54064.88432165 28.55 211.495150  66.188134  7.709
 53    92.114 54064.88432229 25.76 211.491910  66.185044  7.709
 53    92.067 54064.88432552 24.35 211.475726  66.169617  8.651
 53    92.050 54064.88432616 20.77 211.472496  66.166537  8.651
 53    91.840 54064.88432681 20.76 211.469256  66.163447  8.651
 53    91.522 54064.88432745 24.72 211.466026  66.160367  8.651
 53    91.333 54064.88432810 27.36 211.462796  66.157277  8.651
 53    91.249 54064.88432874 25.56 211.459556  66.154197  8.651
 53    91.226 54064.88432939 22.28 211.456326  66.151107  8.651
 53    91.029 54064.88433003 20.16 211.453106  66.148027  8.651
 53    90.906 54064.88433067 18.71 211.449876  66.144937  8.651
 53    90.952 54064.88433132 17.25 211.446646  66.141857  8.651
 54    91.763 54099.88428709 20.12 211.483575  66.187738  5.549
 54    91.865 54099.88428773 20.23 211.480335  66.184648  5.549
 54    92.041 54099.88428838 20.61 211.477095  66.181568  5.549
 54    92.026 54099.88428902 22.36 211.473863  66.178476  5.741
 54    92.022 54099.88428967 22.68 211.470623  66.175396  5.741
 54    91.956 54099.88429031 25.30 211.467393  66.172306  5.741
 54    92.045 54099.88429095 21.04 211.464153  66.169226  5.741
 54    91.898 54099.88429160 19.67 211.460923  66.166136  5.741
 54    91.704 54099.88429224 18.82 211.457693  66.163056  5.741
 55    91.348 54134.88424531 17.64 211.511558  66.193011  7.618
 55    91.392 54134.88424596 17.50 211.508318  66.189921  7.618
 55    91.489 54134.88424660 17.68 211.505068  66.186841  7.618
 55    91.560 54134.88425176 14.22 211.479168  66.162158  3.777
 55    91.325 54134.88425241 14.52 211.475928  66.159078  3.777
 55    91.460 54134.88425305 13.31 211.472698  66.155988  3.777
 55    91.292 54134.88425370 14.29 211.469468  66.152908  3.777
 55    91.193 54134.88425434 13.76 211.466238  66.149818  3.777
 55    91.058 54134.88425498 13.00 211.462998  66.146738  3.777
 55    91.095 54134.88425563 12.91 211.459768  66.143648  3.777
 55    91.151 54134.88425627 12.51 211.456538  66.140568  3.777
 55    90.858 54134.88425692 12.45 211.453308  66.137478  3.777
 57    90.894 54204.88424950  8.50 211.512693  66.194593 10.041
 57    90.815 54204.88425014  7.79 211.509443  66.191503 10.041
 57    90.314 54204.88425079  6.21 211.506203  66.188423 10.041
 57    89.783 54204.88425143  7.77 211.502963  66.185333 10.041
 57    90.943 54204.88425594  5.44 211.480293  66.163743 10.041
 57    89.770 54204.88425659 11.09 211.477063  66.160663 10.041
 57    89.941 54204.88425723 18.26 211.473833  66.157573 10.041
 57    90.277 54204.88425788 20.71 211.470593  66.154493 10.041
 57    89.987 54204.88425852 23.40 211.467366  66.151401  9.425
 57    89.992 54204.88425917 22.31 211.464126  66.148321  9.425
 57    89.907 54204.88425981 15.77 211.460896  66.145231  9.425
 57    89.560 54204.88426046  6.29 211.457666  66.142151  9.425
 57    91.292 54204.88426110  2.67 211.454436  66.139061  9.425
 58    92.959 54239.88428365 43.72 211.504244  66.194658 37.193
 58    92.845 54239.88428429 54.21 211.501004  66.191568 37.193
 58    92.934 54239.88428493 53.45 211.497764  66.188488 37.193
 58    92.868 54239.88428558 52.17 211.494524  66.185398 37.193
 58    92.606 54239.88428945 53.49 211.475104  66.166888 37.193
 58    92.525 54239.88429009 50.77 211.471864  66.163808 37.193
 58    92.373 54239.88429074 47.80 211.468634  66.160718 37.193
 58    92.210 54239.88429138 47.74 211.465404  66.157638 37.193
 58    92.374 54239.88429203 49.11 211.462164  66.154548 37.193
 58    92.304 54239.88429267 51.09 211.458934  66.151459 34.851
 58    92.241 54239.88429332 48.82 211.455704  66.148379 34.851
 58    92.138 54239.88429396 50.99 211.452474  66.145289 34.851
 58    92.016 54239.88429461 48.30 211.449244  66.142209 34.851
 59    94.164 54274.88430084 21.43 211.499534  66.191603 15.185
 59    94.092 54274.88430149 22.63 211.496294  66.188523 15.185
 59    94.278 54274.88430213 21.51 211.493054  66.185433 15.185
 59    93.749 54274.88430600 18.36 211.473634  66.166923 15.185
 59    93.846 54274.88430664 15.29 211.470394  66.163843 15.185
 59    94.097 54274.88430729 21.88 211.467164  66.160753 15.185
 59    93.940 54274.88430793 30.66 211.463934  66.157673 15.185
 59    93.953 54274.88430858 26.80 211.460704  66.154583 15.185
 59    93.558 54274.88430922 20.54 211.457468  66.151495 14.159
 59    93.896 54274.88430987 17.53 211.454238  66.148415 14.159
 59    93.635 54274.88431051 21.68 211.451008  66.145325 14.159
 59    93.540 54274.88431116 22.43 211.447778  66.142245 14.159
 61    93.233 54344.88428004 29.85 211.482143  66.185593 36.155
 61    93.199 54344.88428068 32.68 211.478903  66.182513 36.155
 61    93.344 54344.88428133 39.99 211.475673  66.179423 36.155
 61    93.278 54344.88428197 39.80 211.472433  66.176343 36.155
 61    93.182 54344.88428262 39.69 211.469203  66.173253 36.155
 61    93.160 54344.88428326 45.70 211.465963  66.170173 36.155
 61    93.189 54344.88428390 41.82 211.462733  66.167083 36.155
 61    93.146 54344.88428455 42.65 211.459503  66.164003 36.155
 61    93.059 54344.88428519 46.13 211.456263  66.160913 36.155
 62    92.685 54379.88423766 42.37 211.510357  66.194752 24.770
 62    92.651 54379.88423831 34.89 211.507117  66.191662 24.770
 62    92.542 54379.88423895 31.68 211.503877  66.188582 24.770
 62    92.691 54379.88423960 36.40 211.500637  66.185492 24.770
 62    92.583 54379.88424411 39.27 211.477977  66.163902 24.770
 62    92.219 54379.88424475 34.15 211.474737  66.160812 24.770
 62    92.132 54379.88424540 34.33 211.471507  66.157732 24.770
 62    92.022 54379.88424604 33.86 211.468277  66.154642 24.770
 62    91.927 54379.88424669 35.86 211.465039  66.151558 34.828
 62    91.862 54379.88424733 41.06 211.461809  66.148478 34.828
 62    91.790 54379.88424798 40.40 211.458579  66.145388 34.828
 62    91.711 54379.88424862 35.91 211.455349  66.142308 34.828
 62    91.593 54379.88424927 39.95 211.452119  66.139218 34.828
 63    91.887 54414.88422749 41.32 211.492188  66.189447 33.385
 63    91.855 54414.88422814 46.53 211.488948  66.186357 33.385
 63    91.986 54414.88422878 46.11 211.485708  66.183277 33.385
 63    91.956 54414.88422943 43.55 211.482468  66.180187 33.385
 63    91.912 54414.88423072 41.38 211.475998  66.174017 33.385
 63    91.894 54414.88423136 48.42 211.472768  66.170937 33.385
 63    91.808 54414.88423201 47.89 211.469528  66.167847 33.385
 63    91.689 54414.88423265 43.31 211.466298  66.164767 33.385
 63    91.647 54414.88423330 38.74 211.463058  66.161677 33.385
 63    91.516 54414.88423394 40.52 211.459828  66.158597 33.385
 63    91.183 54414.88423459 40.17 211.456598  66.155507 33.385
 63    90.810 54414.88423717 34.05 211.443681  66.143168 25.481
 64    92.894 54449.88420574 13.12 211.510181  66.191533  3.825
 64    92.744 54449.88420638 12.36 211.506941  66.188453  3.825
 64    92.192 54449.88420703 12.76 211.503701  66.185363  3.825
 64    92.040 54449.88421154 13.20 211.481031  66.163773  3.825
 64    91.924 54449.88421219 15.12 211.477801  66.160683  3.825
 64    91.903 54449.88421283 14.03 211.474561  66.157603  3.825
 64    91.841 54449.88421347 14.51 211.471331  66.154513  3.825
 64    91.793 54449.88421412 13.53 211.468104  66.151431  3.743
 64    93.356 54449.88421476 13.06 211.464864  66.148351  3.743
 64    91.620 54449.88421541 13.44 211.461634  66.145261  3.743
 64    91.708 54449.88421605 13.56 211.458404  66.142181  3.743
 64    93.304 54449.88421670 13.85 211.455174  66.139091  3.743
 65    92.238 54484.88422142 11.00 211.503246  66.193001  3.935
 65    92.071 54484.88422206 11.51 211.500006  66.189911  3.935
 65    91.919 54484.88422271 11.57 211.496766  66.186831  3.935
 65    91.761 54484.88422335 12.06 211.493526  66.183741  3.935
 65    92.113 54484.88422722 12.07 211.474115  66.165235  3.364
 65    92.022 54484.88422786 12.07 211.470875  66.162145  3.364
 65    91.880 54484.88422851 12.73 211.467645  66.159065  3.364
 65    91.757 54484.88422915 12.41 211.464415  66.155975  3.364
 65    91.741 54484.88422980 11.70 211.461185  66.152895  3.364
 65    91.779 54484.88423044 11.54 211.457945  66.149805  3.364
 65    92.761 54484.88423109 11.72 211.454715  66.146725  3.364
 65    92.736 54484.88423173 11.21 211.451485  66.143635  3.364
 65    93.346 54484.88423238 11.07 211.448265  66.140555  3.364
 66    92.039 54519.88421914  8.74 211.509300  66.192600  2.728
 66    92.068 54519.88421978  8.88 211.506060  66.189520  2.728
 66    91.404 54519.88422043  8.85 211.502820  66.186440  2.728
 66    92.133 54519.88422494  9.06 211.480160  66.164840  2.728
 66    91.979 54519.88422558  9.92 211.476920  66.161760  2.728
 66    92.001 54519.88422623  8.91 211.473690  66.158670  2.728
 66    91.939 54519.88422687  8.56 211.470460  66.155590  2.728
 66    94.845 54519.88422752  8.45 211.467220  66.152500  2.728
 66    93.384 54519.88422816  8.69 211.463990  66.149420  2.728
 66    93.803 54519.88422881  8.72 211.460760  66.146330  2.728
 66    93.950 54519.88422945  8.14 211.457530  66.143250  2.728
 66    95.571 54519.88423010  8.39 211.454300  66.140160  2.728
 66    95.950 54519.88423074  8.32 211.451070  66.137080  2.728
 67    91.903 54554.88423394  7.07 211.487366  66.188729  2.804
 67    91.667 54554.88423458  7.10 211.484126  66.185649  2.804
 67    91.861 54554.88423523  6.56 211.480896  66.182559  2.804
 67    91.930 54554.88423587  6.97 211.477656  66.179479  2.804
 67    92.269 54554.88423652  6.89 211.474416  66.176389  2.804
 67    92.065 54554.88423716  7.05 211.471186  66.173309  2.804
 67    91.921 54554.88423781  7.44 211.467946  66.170219  2.804
 67    92.300 54554.88423845  6.22 211.464716  66.167139  2.804
 67    92.065 54554.88423910  6.97 211.461486  66.164049  2.804
 67    91.841 54554.88423974  7.14 211.458246  66.160969  2.804
 68    92.225 54589.88421477 30.56 211.505554  66.193591 22.842
 68    92.048 54589.88421542 30.44 211.502319  66.190510 28.316
 68    92.167 54589.88421606 30.47 211.499069  66.187420 28.316
 68    92.825 54589.88421671 26.51 211.495839  66.184340 28.316
 68    92.226 54589.88422057 31.82 211.476409  66.165830 28.316
 68    91.706 54589.88422122 37.14 211.473179  66.162740 28.316
 68    91.651 54589.88422186 36.10 211.469939  66.159660 28.316
 68    91.547 54589.88422251 32.34 211.466709  66.156570 28.316
 68    91.292 54589.88422315 35.74 211.463479  66.153490 28.316
 68    91.127 54589.88422380 35.43 211.460249  66.150400 28.316
 68    91.101 54589.88422444 35.07 211.457019  66.147320 28.316
 68    91.006 54589.88422509 29.51 211.453779  66.144230 28.316
 68    91.944 54589.88422573 28.00 211.450549  66.141150 28.316
 69    94.718 54624.88423230 52.51 211.497107  66.191960 45.621
 69    94.804 54624.88423295 52.61 211.493867  66.188870 45.621
 69    94.596 54624.88423359 50.43 211.490627  66.185790 45.621
 69    94.705 54624.88423424 51.54 211.487387  66.182700 45.621
 69    94.544 54624.88423682 53.80 211.474437  66.170360 45.621
 69    94.531 54624.88423746 51.01 211.471207  66.167280 45.621
 69    94.476 54624.88423811 49.22 211.467977  66.164190 45.621
 69    94.435 54624.88423875 46.66 211.464737  66.161110 45.621
 69    94.374 54624.88423940 47.14 211.461507  66.158020 45.621
 69    94.310 54624.88424004 42.18 211.458277  66.154940 45.621
 69    94.156 54624.88424197 49.77 211.448587  66.145680 45.621
 69    94.132 54624.88424262 45.69 211.445357  66.142590 45.621
 70    94.771 54659.88424065 49.33 211.498957  66.192165 50.057
 70    94.761 54659.88424130 54.75 211.495717  66.189075 50.057
 70    94.760 54659.88424194 52.84 211.492477  66.185995 50.057
 70    94.782 54659.88424259 50.59 211.489247  66.182905 50.057
 70    94.644 54659.88424581 51.68 211.473057  66.167485 50.057
 70    94.548 54659.88424645 52.12 211.469827  66.164395 50.057
 70    94.453 54659.88424710 49.76 211.466587  66.161315 50.057
 70    94.354 54659.88424774 50.10 211.463357  66.158225 50.057
 70    94.295 54659.88424839 49.83 211.460127  66.155145 50.057
 70    94.241 54659.88424903 50.54 211.456897  66.152055 50.057
 70    94.169 54659.88425032 50.75 211.450427  66.145885 50.057
 70    94.139 54659.88425097 49.65 211.447207  66.142805 50.057
 71    94.587 54694.88422035 51.56 211.492098  66.190087 43.481
 71    94.643 54694.88422099 51.09 211.488858  66.186997 43.481
 71    94.608 54694.88422164 52.49 211.485618  66.183917 43.481
 71    94.581 54694.88422228 51.60 211.482388  66.180827 43.481
 71    94.558 54694.88422293 53.66 211.479148  66.177747 43.481
 71    94.508 54694.88422357 53.74 211.475908  66.174657 43.481
 71    94.483 54694.88422422 52.00 211.472678  66.171577 43.481
 71    94.464 54694.88422486 48.91 211.469438  66.168487 43.481
 71    94.428 54694.88422550 48.71 211.466208  66.165407 43.481
 71    94.427 54694.88422615 49.95 211.462978  66.162317 43.481
 71    94.354 54694.88422679 49.86 211.459738  66.159237 43.481
 71    94.247 54694.88422744 48.40 211.456508  66.156147 43.481
 71    93.996 54694.88423002 48.61 211.443588  66.143807 43.481
 72    94.168 54729.88419442 16.81 211.511616  66.195608 27.184
 72    94.373 54729.88419506 17.17 211.508376  66.192528 27.184
 72    93.639 54729.88419571 18.36 211.505138  66.189439 25.851
 72    93.270 54729.88419635 19.33 211.501898  66.186359 25.851
 72    93.111 54729.88420087 24.13 211.479228  66.164769 25.851
 72    93.104 54729.88420151 24.59 211.475998  66.161679 25.851
 72    93.150 54729.88420215 27.71 211.472758  66.158599 25.851
 72    93.091 54729.88420280 30.23 211.469528  66.155509 25.851
 72    92.950 54729.88420344 25.69 211.466298  66.152429 25.851
 72    92.817 54729.88420409 27.59 211.463058  66.149339 25.851
 72    92.771 54729.88420473 29.28 211.459828  66.146259 25.851
 72    92.707 54729.88420538 25.46 211.456598  66.143169 25.851
 72    92.698 54729.88420602 20.59 211.453368  66.140089 25.851
 73    93.085 54764.88419811 39.71 211.499995  66.192638 40.857
 73    93.124 54764.88419875 47.13 211.496755  66.189548 40.857
 73    93.134 54764.88419940 45.22 211.493515  66.186468 40.857
 73    93.094 54764.88420004 44.46 211.490275  66.183378 40.857
 73    92.859 54764.88420326 48.45 211.474095  66.167958 40.857
 73    92.775 54764.88420391 43.27 211.470865  66.164868 40.857
 73    92.547 54764.88420455 39.54 211.467625  66.161788 40.857
 73    92.393 54764.88420520 40.19 211.464395  66.158698 40.857
 73    92.271 54764.88420584 43.58 211.461165  66.155618 40.857
 73    92.191 54764.88420649 42.52 211.457935  66.152528 40.857
 73    92.084 54764.88420713 43.49 211.454705  66.149448 40.857
 73    91.998 54764.88420778 42.60 211.451475  66.146358 40.857
 73    91.794 54764.88420842 41.02 211.448245  66.143278 40.857
 74    92.968 54799.88418865 20.96 211.511014  66.192962 17.420
 74    92.917 54799.88418930 22.67 211.507774  66.189882 17.420
 74    92.787 54799.88418994 19.61 211.504534  66.186792 17.420
 74    92.470 54799.88419510 25.40 211.478624  66.162122 17.420
 74    92.304 54799.88419574 34.36 211.475394  66.159032 17.420
 74    92.337 54799.88419639 31.16 211.472154  66.155952 17.420
 74    92.411 54799.88419703 41.89 211.468924  66.152862 17.420
 74    92.514 54799.88419768 35.33 211.465694  66.149782 17.420
 74    92.362 54799.88419832 36.94 211.462464  66.146692 17.420
 74    92.144 54799.88419897 23.66 211.459224  66.143612 17.420
 74    91.775 54799.88419961 23.71 211.455994  66.140522 17.420
 74    91.925 54799.88420026 22.44 211.452774  66.137442 17.420
 75    92.145 54834.88418947 12.77 211.496458  66.190935  3.504
 75    92.114 54834.88419011 13.34 211.493218  66.187845  3.504
 75    92.212 54834.88419076 12.89 211.489978  66.184765  3.504
 75    92.200 54834.88419140 13.46 211.486738  66.181675  3.504
 75    92.878 54834.88419398 12.47 211.473798  66.169335  3.504
 75    92.652 54834.88419463 12.28 211.470558  66.166255  3.504
 75    92.506 54834.88419527 11.78 211.467328  66.163165  3.504
 75    92.438 54834.88419592 12.09 211.464088  66.160085  3.504
 75    92.134 54834.88419656 13.04 211.460858  66.156995  3.504
 75    92.083 54834.88419720 12.85 211.457628  66.153915  3.504
 75    92.295 54834.88419914 11.62 211.447938  66.144655  3.504
 75    92.259 54834.88419978 12.02 211.444708  66.141575  3.504
 76    92.568 54869.88418586 12.54 211.511861  66.192689  3.603
 76    91.383 54869.88418650 12.70 211.508611  66.189609  3.603
 76    91.571 54869.88418714 13.84 211.505371  66.186519  3.603
 76    92.644 54869.88419230 11.64 211.479471  66.161849  3.603
 76    92.374 54869.88419295 11.91 211.476241  66.158759  3.603
 76    92.410 54869.88419359 11.75 211.473001  66.155679  3.603
 76    92.458 54869.88419424 11.55 211.469771  66.152589  3.603
 76    92.676 54869.88419488 12.08 211.466541  66.149509  3.603
 76    93.415 54869.88419553 11.22 211.463311  66.146419  3.603
 76    92.428 54869.88419617 11.62 211.460081  66.143339  3.603
 76    95.688 54869.88419682 11.37 211.456851  66.140249  3.603
 76    96.521 54869.88419746 11.28 211.453621  66.137169  3.603
 77    92.730 54904.88419936  8.69 211.483274  66.188409  2.860
 77    92.375 54904.88420000  9.00 211.480034  66.185319  2.860
 77    92.281 54904.88420065  9.17 211.476794  66.182239  2.860
 77    92.508 54904.88420129  9.34 211.473564  66.179149  2.860
 77    92.662 54904.88420194  9.32 211.470324  66.176069  2.860
 77    92.634 54904.88420258  9.39 211.467084  66.172979  2.860
 77    92.753 54904.88420323  9.39 211.463854  66.169899  2.860
 77    92.796 54904.88420387  8.45 211.460624  66.166809  2.860
 77    92.557 54904.88420452  8.73 211.457384  66.163729  2.860
 78    92.515 54939.88417705  7.39 211.508617  66.193993  3.246
 78    93.317 54939.88417770  7.47 211.505377  66.190903  3.246
 78    92.178 54939.88417834  7.22 211.502127  66.187823  3.246
 78    91.084 54939.88417899  7.89 211.498887  66.184733  3.246
 78    92.707 54939.88418350  6.16 211.476231  66.163138  3.437
 78    92.152 54939.88418414  8.40 211.472991  66.160058  3.437
 78    90.945 54939.88418479 12.75 211.469761  66.156968  3.437
 78    92.264 54939.88418543  9.01 211.466531  66.153888  3.437
 78    93.542 54939.88418608  5.97 211.463301  66.150798  3.437
 78    94.376 54939.88418672  5.27 211.460061  66.147718  3.437
 78    94.848 54939.88418737  5.28 211.456831  66.144628  3.437
 78    95.882 54939.88418801  4.86 211.453601  66.141548  3.437
 78    96.077 54939.88418866  5.14 211.450371  66.138458  3.437
 79    94.522 54974.88420726 29.37 211.503975  66.194193 22.672
 79    94.415 54974.88420791 27.89 211.500733  66.191111 16.743
 79    96.648 54974.88420855 24.49 211.497493  66.188021 16.743
 79    96.848 54974.88420919 23.60 211.494253  66.184941 16.743
 79    94.061 54974.88421306 25.81 211.474833  66.166431 16.743
 79    96.672 54974.88421371 24.96 211.471603  66.163341 16.743
 79    96.413 54974.88421435 26.23 211.468363  66.160261 16.743
 79    94.038 54974.88421500 30.33 211.465133  66.157171 16.743
 79    94.368 54974.88421564 26.46 211.461903  66.154091 16.743
 79    96.052 54974.88421629 22.54 211.458673  66.151001 16.743
 79    96.216 54974.88421693 21.32 211.455443  66.147921 16.743
 79    95.489 54974.88421758 22.59 211.452203  66.144831 16.743
 79    95.736 54974.88421822 24.06 211.448973  66.141751 16.743
 80    95.116 55009.88422115 28.45 211.491793  66.188423 15.713
 80    95.012 55009.88422180 23.67 211.488553  66.185343 15.713
 80    97.850 55009.88422244 26.63 211.485313  66.182253 15.713
 80    95.015 55009.88422309 33.18 211.482073  66.179173 15.713
 80    96.556 55009.88422438 23.87 211.475603  66.173003 15.713
 80    96.838 55009.88422502 19.91 211.472363  66.169913 15.713
 80    96.912 55009.88422567 18.56 211.469133  66.166833 15.713
 80    96.718 55009.88422631 18.82 211.465903  66.163743 15.713
 80    96.696 55009.88422696 17.77 211.462663  66.160663 15.713
 80    96.641 55009.88422760 17.55 211.459433  66.157573 15.713
 80    95.617 55009.88422825 19.33 211.456203  66.154493 15.713
 80    94.489 55009.88423082 28.94 211.443283  66.142153 15.713
 81    93.450 55044.88421022 18.72 211.503753  66.193862 30.590
 81    92.835 55044.88421087 17.68 211.500505  66.190779 30.135
 81    92.728 55044.88421151 18.69 211.497265  66.187689 30.135
 81    92.950 55044.88421216 17.98 211.494025  66.184609 30.135
 81    92.321 55044.88421602 26.90 211.474605  66.166099 30.135
 81    92.428 55044.88421667 29.30 211.471375  66.163009 30.135
 81    92.394 55044.88421731 32.22 211.468135  66.159929 30.135
 81    92.203 55044.88421796 39.29 211.464905  66.156839 30.135
 81    92.177 55044.88421860 40.94 211.461675  66.153759 30.135
 81    92.126 55044.88421925 44.88 211.458445  66.150669 30.135
 81    92.044 55044.88421989 38.12 211.455215  66.147589 30.135
 81    91.851 55044.88422054 30.14 211.451985  66.144499 30.135
 81    91.838 55044.88422118 26.38 211.448755  66.141419 30.135
 82    93.855 55079.88418755 50.92 211.484868  66.187006 42.050
 82    93.826 55079.88418819 52.10 211.481628  66.183926 42.050
 82    93.808 55079.88418884 50.37 211.478388  66.180836 42.050
 82    93.788 55079.88418948 51.20 211.475158  66.177756 42.050
 82    93.757 55079.88419013 50.93 211.471918  66.174666 42.050
 82    93.732 55079.88419077 51.15 211.468688  66.171586 42.050
 82    93.708 55079.88419142 47.96 211.465448  66.168496 42.050
 82    93.644 55079.88419206 45.71 211.462218  66.165416 42.050
 82    93.572 55079.88419271 53.74 211.458988  66.162326 42.050
 83    92.830 55114.88414237 48.84 211.508672  66.194277 28.724
 83    92.783 55114.88414302 48.53 211.505431  66.191189 41.512
 83    92.735 55114.88414366 42.18 211.502191  66.188109 41.512
 83    92.613 55114.88414431 48.25 211.498951  66.185029 41.512
 83    92.485 55114.88414882 50.78 211.476291  66.163429 41.512
 83    92.246 55114.88414946 49.06 211.473051  66.160349 41.512
 83    92.200 55114.88415011 49.22 211.469821  66.157259 41.512
 83    92.127 55114.88415075 42.34 211.466591  66.154179 41.512
 83    92.073 55114.88415140 49.94 211.463361  66.151089 41.512
 83    91.952 55114.88415204 44.65 211.460121  66.148009 41.512
 83    91.851 55114.88415269 47.41 211.456891  66.144919 41.512
 83    91.826 55114.88415333 52.56 211.453661  66.141839 41.512
 83    91.665 55114.88415398 52.93 211.450431  66.138749 41.512
 84    92.159 55149.88414329 24.56 211.494854  66.189668 16.827
 84    92.371 55149.88414394 36.93 211.491614  66.186588 16.827
 84    92.308 55149.88414458 27.03 211.488374  66.183498 16.827
 84    92.298 55149.88414716 27.77 211.475434  66.171158 16.827
 84    92.297 55149.88414780 35.03 211.472194  66.168078 16.827
 84    92.292 55149.88414845 42.68 211.468964  66.164988 16.827
 84    92.355 55149.88414909 37.26 211.465724  66.161908 16.827
 84    92.143 55149.88414974 25.03 211.462494  66.158818 16.827
 84    91.553 55149.88415038 27.70 211.459264  66.155738 16.827
 84    91.239 55149.88415232 23.87 211.449574  66.146478 16.827
 84    91.227 55149.88415296 24.59 211.446344  66.143398 16.827
 85    92.536 55184.88412594 17.88 211.512207  66.194639  7.441
 85    92.655 55184.88412659 17.26 211.508972  66.191551  9.851
 85    92.642 55184.88412723 16.96 211.505722  66.188471  9.851
 85    92.545 55184.88412787 16.83 211.502482  66.185391  9.851
 85    92.219 55184.88413239 33.69 211.479822  66.163791  9.851
 85    92.094 55184.88413303 31.21 211.476582  66.160711  9.851
 85    91.800 55184.88413368 27.03 211.473352  66.157621  9.851
 85    91.665 55184.88413432 24.51 211.470122  66.154541  9.851
 85    91.639 55184.88413497 20.56 211.466882  66.151451  9.851
 85    91.509 55184.88413561 18.92 211.463652  66.148371  9.851
 85    91.654 55184.88413626 18.30 211.460422  66.145281  9.851
 85    91.663 55184.88413690 18.23 211.457192  66.142201  9.851
 85    91.616 55184.88413755 17.65 211.453962  66.139111  9.851
 86    91.888 55219.88414149 12.06 211.491220  66.188654  3.562
 86    91.948 55219.88414213 11.71 211.487980  66.185574  3.562
 86    91.906 55219.88414278 11.61 211.484740  66.182484  3.562
 86    91.875 55219.88414342 11.78 211.481500  66.179404  3.562
 86    92.187 55219.88414471 11.27 211.475030  66.173234  3.562
 86    92.482 55219.88414536 11.66 211.471790  66.170144  3.562
 86    92.197 55219.88414600 11.81 211.468560  66.167064  3.562
 86    92.132 55219.88414665 12.03 211.465330  66.163974  3.562
 86    91.998 55219.88414729 14.32 211.462090  66.160894  3.562
 86    91.661 55219.88414794 15.86 211.458860  66.157804  3.562
 86    91.618 55219.88415116 10.50 211.442710  66.142384  3.562
 87    92.386 55254.88412241  9.84 211.509922  66.193497  3.379
 87    92.324 55254.88412305  9.49 211.506682  66.190417  3.379
 87    92.213 55254.88412370 10.04 211.503442  66.187327  3.379
 87    92.069 55254.88412886 11.79 211.477542  66.162657  3.379
 87    92.009 55254.88412950 12.79 211.474312  66.159567  3.379
 87    91.761 55254.88413015 14.49 211.471072  66.156487  3.379
 87    91.715 55254.88413079 14.01 211.467842  66.153397  3.379
 87    91.630 55254.88413143 12.60 211.464612  66.150317  3.379
 87    93.642 55254.88413208 11.32 211.461382  66.147227  3.379
 87    93.732 55254.88413272 10.71 211.458152  66.144147  3.379
 87    93.216 55254.88413337 10.56 211.454922  66.141057  3.379
 87    95.798 55254.88413401  9.84 211.451692  66.137977  3.379
 88    92.572 55289.88413118  8.24 211.483272  66.187718  3.322
 88    92.439 55289.88413182  8.17 211.480032  66.184638  3.322
 88    92.327 55289.88413246  8.89 211.476792  66.181548  3.322
 88    92.282 55289.88413311  8.68 211.473562  66.178468  3.322
 88    92.280 55289.88413375  9.69 211.470322  66.175378  3.322
 88    92.226 55289.88413440  9.73 211.467092  66.172298  3.322
 88    92.187 55289.88413504  9.41 211.463852  66.169208  3.322
 88    91.997 55289.88413569 11.02 211.460622  66.166128  3.322
 88    91.937 55289.88413633 10.19 211.457392  66.163038  3.322
 89    95.860 55324.88410948 50.55 211.496129  66.189988 38.714
 89    95.747 55324.88411013 45.19 211.492889  66.186898 38.714
 89    95.612 55324.88411077 41.66 211.489649  66.183818 38.714
 89    95.309 55324.88411399 37.08 211.473459  66.168388 38.714
 89    95.539 55324.88411464 41.78 211.470229  66.165308 38.714
 89    95.539 55324.88411528 43.67 211.466999  66.162218 38.714
 89    95.523 55324.88411593 45.39 211.463759  66.159138 38.714
 89    95.511 55324.88411657 45.01 211.460529  66.156048 38.714
 89    95.473 55324.88411722 46.56 211.457299  66.152968 38.714
 89    95.366 55324.88411851 47.39 211.450839  66.146798 38.714
 89    95.343 55324.88411915 47.77 211.447609  66.143708 38.714
 90    93.227 55359.88410767 27.30 211.492400  66.188745 32.865
 90    93.150 55359.88410832 23.22 211.489160  66.185665 32.865
 90    97.705 55359.88410896 21.15 211.485920  66.182575 32.865
 90    93.135 55359.88410961 30.68 211.482680  66.179495 32.865
 90    93.321 55359.88411089 28.38 211.476210  66.173325 32.865
 90    92.978 55359.88411154 27.58 211.472970  66.170235 32.865
 90    92.909 55359.88411218 28.14 211.469740  66.167155 32.865
 90    93.155 55359.88411283 28.66 211.466510  66.164065 32.865
 90    93.030 55359.88411347 34.16 211.463270  66.160985 32.865
 90    92.936 55359.88411412 34.39 211.460040  66.157895 32.865
 90    92.928 55359.88411476 34.84 211.456810  66.154815 32.865
 90    92.546 55359.88411734 33.76 211.443890  66.142475 32.865
 91    94.445 55394.88411102 15.89 211.508411  66.194364 31.510
 91    94.480 55394.88411166 17.44 211.505167  66.191284 16.296
 91    94.118 55394.88411230 19.87 211.501927  66.188194 16.296
 91    94.374 55394.88411295 21.63 211.498687  66.185114 16.296
 91    94.069 55394.88411746 18.10 211.476027  66.163514 16.296
 91    94.089 55394.88411811 22.65 211.472787  66.160434 16.296
 91    94.167 55394.88411875 27.58 211.469557  66.157344 16.296
 91    93.939 55394.88411940 27.70 211.466327  66.154264 16.296
 91    93.753 55394.88412004 21.38 211.463097  66.151174 16.296
 91    93.772 55394.88412069 15.86 211.459857  66.148094 16.296
 91    93.965 55394.88412133 14.40 211.456627  66.145004 16.296
 91    93.844 55394.88412197 16.05 211.453397  66.141924 16.296
 91    95.481 55394.88412262 16.48 211.450167  66.138834 16.296
 92    94.303 55429.88412152 47.30 211.505897  66.195549 36.421
 92    94.268 55429.88412216 48.90 211.502657  66.192469 36.421
 92    94.209 55429.88412281 50.56 211.499416  66.189385 49.587
 92    94.170 55429.88412345 43.09 211.496176  66.186295 49.587
 92    93.963 55429.88412732 50.38 211.476756  66.167785 49.587
 92    94.040 55429.88412796 54.37 211.473516  66.164705 49.587
 92    93.899 55429.88412861 50.72 211.470286  66.161615 49.587
 92    93.834 55429.88412925 46.89 211.467046  66.158535 49.587
 92    93.854 55429.88412990 51.73 211.463816  66.155445 49.587
 92    93.860 55429.88413054 48.57 211.460586  66.152365 49.587
 92    93.783 55429.88413119 45.85 211.457356  66.149275 49.587
 92    93.596 55429.88413183 50.01 211.454126  66.146195 49.587
 92    93.561 55429.88413248 49.82 211.450896  66.143105 49.587
 92    93.531 55429.88413312 49.58 211.447666  66.140025 49.587
 93    92.466 55464.88408586 29.85 211.483537  66.187172 22.928
 93    92.689 55464.88408650 35.54 211.480307  66.184092 22.928
 93    92.780 55464.88408715 40.03 211.477067  66.181002 22.928
 93    92.847 55464.88408779 41.66 211.473827  66.177922 22.928
 93    92.666 55464.88408844 31.48 211.470597  66.174832 22.928
 93    92.639 55464.88408908 32.28 211.467357  66.171752 22.928
 93    92.388 55464.88408972 35.53 211.464127  66.168662 22.928
 93    92.428 55464.88409037 36.61 211.460897  66.165582 22.928
 93    92.448 55464.88409101 33.79 211.457667  66.162492 22.928
