-196523.582   615.700     0.00   36.99
-196153.520   636.894    57.28   41.13
-195783.536   657.987    57.02   42.16
-195413.630   684.312    71.18   36.31
-195043.802   710.812    71.66   40.61
-194674.051   742.355    85.32   46.65
-194304.378   772.486    81.52   50.00
-193934.783   806.309    91.53   55.48
-193565.266   833.216    72.82   59.37
-193195.825   849.181    43.22   62.17
-192826.463   834.071   -40.91   75.11
-192457.178   814.886   -51.96   81.51
-192087.970   770.337  -120.68   85.07
-191718.839   726.101  -119.85   94.66
-191349.786   673.655  -142.13   94.72
-190980.810   610.826  -170.30   88.60
-190611.911   563.974  -127.02   60.77
-190243.090   547.018   -45.98   42.32
-189874.345   553.060    16.39   45.89
-189505.678   586.652    91.13   55.41
-189137.087   621.445    94.41   49.54
-188768.574   651.773    82.31   34.02
-188400.137   662.309    28.60   25.55
-188031.777   654.975   -19.91   36.86
-187663.494   622.671   -87.73   54.22
-187295.288   580.641  -114.16   53.55
-186927.158   538.278  -115.09   51.67
-186559.106   502.801   -96.40   42.41
-186191.129   466.029   -99.94   38.35
-185823.230   435.294   -83.55   37.79
-185455.407   404.720   -83.13   32.64
-185087.660   392.351   -33.64   23.37
-184719.990   392.529     0.48   22.29
-184352.396   404.749    33.25   25.70
-183984.879   422.807    49.14   16.80
-183617.437   433.351    28.70   11.78
-183250.072   443.614    27.94   15.19
-182882.784   461.686    49.21   26.52
-182515.571   486.749    68.26   38.54
-182148.434   518.369    86.14   41.30
-181781.374   547.924    80.53   40.42
-181414.390   563.028    41.16   38.43
-181047.481   548.755   -38.91   57.14
-180680.648   510.585  -104.07   76.82
-180313.892   466.809  -119.37   71.33
-179947.211   438.518   -77.16   49.39
-179580.606   449.297    29.40   62.52
-179214.076   477.965    78.22   70.63
-178847.623   525.912   130.86   57.05
-178481.244   572.695   127.71   52.44
-178114.942   620.584   130.75   61.26
-177748.715   669.213   132.80   64.20
-177382.564   715.907   127.54   50.45
-177016.488   737.486    58.95   36.15
-176650.487   738.928     3.94   40.11
-176284.562   707.841   -84.97   63.66
-175918.712   659.981  -130.83   83.15
-175552.937   586.475  -200.98  104.94
-175187.238   524.718  -168.90  100.24
-174821.613   466.561  -159.08   64.32
-174456.064   443.639   -62.71   43.27
-174090.590   433.241   -28.45   43.37
-173711.785   444.914    30.82   48.23
-173330.653   463.325    48.31   48.13
-172949.605   472.305    23.57   49.91
-172568.639   484.392    31.73   47.15
-172187.756   510.688    69.05   57.45
-171806.956   548.129    98.33   61.14
-171426.239   595.435   124.27   59.93
-171045.604   644.649   129.31   46.79
-170665.051   683.946   103.28   39.06
-170284.581   708.252    63.89   20.15
-169904.194   703.018   -13.76   27.21
-169523.889   676.864   -68.78   42.25
-169143.666   638.370  -101.25   45.54
-168763.526   619.204   -50.43   39.55
-168383.467   627.518    21.88   61.36
-168003.491   648.707    55.77   71.10
-167623.597   671.219    59.26   63.95
-167243.785   689.077    47.03   54.70
-166864.055   697.539    22.29   49.25
-166484.407   720.464    60.39   52.48
-166104.841   754.065    88.54   57.47
-165725.357   797.431   114.29   56.66
-165345.955   835.955   101.55   48.10
-164966.634   873.167    98.11   41.03
-164587.395   911.611   101.39   53.90
-164208.238   961.377   131.27   69.32
-163829.162  1016.128   144.45   78.38
-163450.168  1068.841   139.10   63.18
-163071.255  1100.086    82.47   36.69
-162692.424  1091.939   -21.51   44.10
-162313.674  1047.423  -117.55   78.75
-161935.006   969.386  -206.11   97.47
-161556.418   900.528  -181.90   93.40
-161177.912   836.079  -170.29   67.99
-160799.487   803.903   -85.03   61.80
-160421.144   782.203   -57.36   60.59
-160042.881   769.528   -33.51   52.21
-159664.700   770.639     2.94   43.10
-159286.599   780.455    25.96   41.92
-158908.579   790.677    27.05   34.85
-158530.640   779.223   -30.31   46.24
-158152.782   737.595  -110.18   76.68
-157775.005   674.369  -167.38   85.31
-157397.309   601.638  -192.59   69.77
-157019.693   548.580  -140.52   63.64
-156642.158   500.837  -126.47   46.21
-156264.703   481.393   -51.52   31.56
-155887.329   481.085    -0.82   36.18
-155510.035   505.770    65.43   50.63
-155132.822   534.931    77.31   47.95
-154755.689   551.716    44.51   42.52
-154378.636   554.606     7.67   35.22
-154001.664   541.610   -34.48   31.08
-153624.772   525.629   -42.41   37.02
-153247.960   492.434   -88.11   48.35
-152871.228   461.575   -81.92   44.78
-152494.576   431.997   -78.54   41.51
-152118.004   405.821   -69.52   29.90
-151741.513   389.901   -42.29   25.36
-151365.101   382.473   -19.74   22.64
-150988.769   391.869    24.97   32.81
-150612.516   398.074    16.49   30.82
-150236.344   391.476   -17.54   30.89
-149860.251   376.573   -39.63   28.46
-149484.238   361.247   -40.76   20.54
-149108.304   350.790   -27.82   20.21
-148732.451   344.065   -17.89   18.34
-148356.676   338.419   -15.03   14.04
-147980.981   332.444   -15.91    6.23
-147605.365   329.980    -6.56    3.34
-147229.829   328.466    -4.03    2.79
-146854.372   328.066    -1.06    4.45
-146478.995   329.118     2.80    7.12
-146103.696   331.529     6.42    9.62
-145728.477   339.581    21.46   16.65
-145353.337   351.936    32.94   26.67
-144978.276   373.435    57.33   42.30
-144603.293   392.692    51.36   50.80
-144228.390   406.667    37.28   50.69
-143853.566   404.018    -7.07   45.87
-143478.821   407.626     9.63   36.25
-143104.154   411.933    11.50   30.48
-142729.566   426.485    38.85   35.35
-142355.057   437.402    29.15   42.77
-141980.627   440.399     8.00   48.42
-141606.275   443.337     7.85   47.78
-141232.002   446.441     8.29   44.12
-140857.807   455.763    24.91   43.33
-140483.691   475.710    53.32   39.60
-140109.653   491.055    41.03   39.53
-139735.694   510.937    53.17   32.91
-139361.813   524.433    36.10   26.73
-138988.010   529.791    14.34   16.53
-138614.285   518.050   -31.42   21.14
-138240.639   498.035   -53.57   24.64
-137867.071   475.091   -61.43   25.92
-137493.580   453.627   -57.47   24.89
-137120.168   432.213   -57.35   24.54
-136746.834   414.035   -48.70   21.08
-136373.578   400.507   -36.25   17.79
-136000.399   388.916   -31.06   17.67
-135627.299   386.880    -5.46   20.19
-135254.276   391.794    13.18   24.45
-134881.331   406.116    38.40   26.50
-134508.464   418.949    34.42   21.48
-134135.674   428.818    26.48   12.63
-133762.962   431.837     8.10    7.60
-133390.328   431.768    -0.18    4.49
-133017.771   429.142    -7.05    5.13
-132645.292   427.617    -4.09    4.74
-132272.889   428.571     2.56    5.06
-131900.565   431.933     9.03    5.99
-131528.317   437.263    14.32    5.55
-131156.147   441.344    10.97    5.21
-130784.054   444.185     7.63    4.68
-130412.038   445.973     4.81    4.76
-130040.100   447.177     3.24    5.35
-129668.238   447.991     2.19    6.01
-129296.454   449.656     4.48    8.38
-128924.746   449.841     0.50   11.39
-128553.116   447.949    -5.09   15.42
-128181.562   442.529   -14.59   17.91
-127810.085   436.443   -16.39   16.26
-127438.685   434.225    -5.97   11.45
-127067.362   439.432    14.03   12.29
-126696.115   448.757    25.12   14.89
-126324.945   458.804    27.07   13.13
-125953.852   457.294    -4.07   21.51
-125582.835   440.641   -44.89   37.93
-125211.894   399.907  -109.82   55.18
-124841.031   356.450  -117.19   54.33
-124470.243   330.050   -71.21   39.39
-124099.532   321.163   -23.97   32.95
-123728.897   319.314    -4.99   36.32
-123358.339   316.540    -7.49   38.50
-122987.857   305.626   -29.46   33.98
-122617.451   293.475   -32.81   24.26
-122247.121   291.703    -4.79   25.19
-121876.867   304.220    33.81   36.90
-121506.689   335.394    84.22   45.37
-121136.587   362.560    73.41   39.33
-120766.561   383.705    57.15   31.00
-120396.612   391.865    22.06   35.87
-120026.738   402.212    27.98   42.07
-119656.939   405.273     8.28   42.49
-119287.217   410.564    14.31   41.16
-118917.570   424.773    38.44   38.87
-118547.999   442.771    48.70   40.98
-118178.503   471.830    78.65   46.66
-117809.084   508.679    99.76   50.39
-117439.739   554.628   124.42   56.81
-117070.470   597.528   116.19   63.96
-116701.277   642.246   121.13   57.25
-116332.159   671.604    79.54   52.43
-115963.116   696.238    66.76   45.31
-115594.149   717.954    58.86   44.02
-115225.257   743.105    68.19   44.88
-114856.440   768.432    68.68   34.31
-114487.698   776.112    20.83   30.23
-114119.032   747.655   -77.20   59.39
-113750.440   703.120  -120.83   75.91
-113381.924   633.562  -188.77   84.29
-113013.482   579.174  -147.63   75.04
-112645.116   544.595   -93.88   52.42
-112276.824   540.023   -12.41   47.27
-111908.607   551.518    31.22   44.28
-111540.465   561.837    28.03   31.39
-111172.398   558.806    -8.24   29.16
-110804.406   552.013   -18.46   30.23
-110436.488   543.587   -22.90   36.99
-110068.645   548.897    14.44   44.85
-109700.876   558.120    25.08   50.85
-109333.182   581.322    63.11   56.44
-108965.563   600.679    52.66   50.93
-108598.017   612.618    32.49   38.42
-108230.547   609.357    -8.88   36.31
-107863.150   597.807   -31.44   44.37
-107495.828   586.571   -30.59   49.50
-107128.580   576.496   -27.44   49.12
-106761.407   579.263     7.54   44.33
-106394.307   600.496    57.85   56.43
-106027.282   632.518    87.25   71.61
-105660.331   676.260   119.21   71.40
-105293.454   714.241   103.53   56.27
-104926.651   728.626    39.22   51.24
-104559.922   727.069    -4.24   45.84
-104193.266   707.905   -52.27   51.33
-103826.685   672.878   -95.56   53.74
-103460.177   635.167  -102.90   55.94
-103093.744   601.737   -91.24   47.08
-102727.384   575.094   -72.73   45.24
-102361.097   543.029   -87.55   49.29
-101994.884   510.507   -88.81   55.00
-101628.745   488.401   -60.38   54.84
-101262.680   474.885   -36.92   57.51
-100896.688   488.177    36.32   73.49
-100530.769   515.035    73.40   72.50
-100164.924   533.960    51.73   67.00
 -99799.152   537.121     8.64   64.84
 -99433.454   524.869   -33.51   62.62
 -99058.890   500.148   -66.00   58.47
 -98677.923   463.518   -96.16   63.71
 -98297.037   428.350   -92.34   61.05
 -97916.232   390.195  -100.20   64.53
 -97535.508   363.818   -69.29   60.92
 -97154.864   340.933   -60.13   63.22
 -96774.300   320.644   -53.32   60.17
 -96393.817   307.335   -34.98   59.03
 -96013.414   294.530   -33.66   58.55
 -95633.092   282.604   -31.36   54.16
 -95252.849   270.358   -32.21   44.58
 -94872.687   255.314   -39.58   36.60
 -94492.606   234.269   -55.37   29.66
 -94112.604   214.920   -50.92   30.58
 -93732.683   192.844   -58.11   20.77
 -93352.841   184.550   -21.84   13.20
 -92973.079   186.617     5.44   18.37
 -92593.398   199.191    33.12   29.67
 -92213.796   217.233    47.53   37.64
 -91834.274   237.337    52.98   45.43
 -91454.832   266.322    76.39   51.41
 -91075.470   290.120    62.73   61.39
 -90696.187   318.638    75.19   70.36
 -90316.984   335.798    45.26   81.28
 -89937.860   345.149    24.67   79.91
 -89558.816   333.464   -30.83   69.95
 -89179.852   316.200   -45.56   55.00
 -88800.967   298.615   -46.41   44.81
 -88422.161   285.707   -34.08   35.14
 -88043.435   292.390    17.65   35.72
 -87664.787   320.707    74.79   54.71
 -87286.220   356.120    93.55   63.11
 -86907.731   391.107    92.44   56.85
 -86529.321   399.442    22.03   59.14
 -86150.991   399.985     1.44   52.50
 -85772.740   404.217    11.19   50.16
 -85394.567   419.252    39.76   60.73
 -85016.474   437.894    49.31   69.05
 -84638.459   445.596    20.38   64.86
 -84260.523   428.174   -46.10   64.21
 -83882.666   404.429   -62.84   56.06
 -83504.888   389.432   -39.70   46.45
 -83127.189   389.942     1.35   45.57
 -82749.568   398.170    21.79   48.82
 -82372.026   408.888    28.39   41.31
 -81994.562   415.572    17.71   39.16
 -81617.177   427.975    32.87   41.67
 -81239.870   437.787    26.01   44.29
 -80862.642   449.116    30.03   40.05
 -80485.492   464.410    40.56   42.19
 -80108.420   494.279    79.22   47.18
 -79731.427   533.399   103.77   58.33
 -79354.512   589.409   148.61   82.05
 -78977.675   657.826   181.57   97.89
 -78600.916   742.615   225.06  100.86
 -78224.235   804.312   163.80   86.26
 -77847.632   841.066    97.60   57.53
 -77471.107   856.649    41.39   43.80
 -77094.660   862.529    15.62   41.70
 -76718.291   873.301    28.62   41.86
 -76342.000   867.149   -16.35   52.19
 -75965.787   837.257   -79.46   83.53
 -75589.651   771.844  -173.92  100.06
 -75213.593   718.705  -141.31   70.41
 -74837.613   708.185   -27.98   58.89
 -74461.710   738.551    80.79   66.22
 -74085.885   798.862   160.48   63.97
 -73710.137   858.375   158.39   68.30
 -73334.467   924.109   174.99   80.20
 -72958.874   991.035   178.20   75.37
 -72583.358  1059.464   182.24   69.65
 -72207.920  1122.727   168.51   81.62
 -71832.559  1190.604   180.84   87.15
 -71457.276  1233.703   114.85   79.68
 -71082.069  1249.870    43.09   83.80
 -70706.940  1224.888   -66.60  105.19
 -70331.887  1176.112  -130.06  107.44
 -69956.912  1129.380  -124.63   98.71
 -69582.014  1085.189  -117.88  103.16
 -69207.192  1046.869  -102.24   94.74
 -68832.448  1011.788   -93.62   64.23
 -68457.780  1004.366   -19.81   36.17
 -68083.189  1023.484    51.04   36.12
 -67708.675  1047.627    64.47   41.91
 -67334.237  1071.112    62.72   52.43
 -66959.877  1106.409    94.29   79.50
 -66585.592  1145.240   103.75   82.54
 -66211.385  1158.833    36.33   68.66
 -65837.254  1146.263   -33.60   66.42
 -65463.199  1088.681  -153.95   86.51
 -65089.221  1014.751  -197.69   67.98
 -64715.319   954.692  -160.64   61.59
 -64341.493   905.944  -130.41   53.50
 -63967.744   862.018  -117.53   60.81
 -63594.071   834.729   -73.03   58.36
 -63220.474   806.305   -76.09   55.83
 -62846.954   785.507   -55.68   52.22
 -62473.509   759.013   -70.95   60.89
 -62100.140   735.367   -63.33   65.32
 -61726.848   700.287   -93.98   80.71
 -61353.631   670.324   -80.29   88.59
 -60980.491   634.152   -96.95   82.01
 -60607.426   605.410   -77.04   70.32
 -60234.437   579.896   -68.41   63.70
 -59861.523   568.419   -30.78   62.20
 -59488.686   546.962   -57.55   57.42
 -59115.924   537.550   -25.25   55.03
 -58743.238   530.144   -19.87   58.31
 -58370.627   539.034    23.86   76.09
 -57998.092   529.860   -24.63   76.13
 -57625.633   515.375   -38.89   66.67
 -57253.249   501.599   -37.00   58.43
 -56880.940   503.903     6.19   66.44
 -56508.707   513.054    24.58   80.08
 -56136.549   499.877   -35.41   79.71
 -55764.466   489.437   -28.06   83.66
 -55392.459   470.909   -49.81   75.55
 -55020.526   452.887   -48.46   67.74
 -54648.669   453.396     1.37   65.37
 -54276.887   461.208    21.01   75.34
 -53905.180   474.068    34.60   84.70
 -53533.548   469.712   -11.72   81.60
 -53161.991   478.804    24.47   70.54
 -52790.509   487.394    23.12   70.44
 -52419.102   520.303    88.61   90.27
 -52047.769   556.929    98.64   96.57
 -51676.511   591.420    92.91   92.25
 -51305.329   605.200    37.12   77.44
 -50934.220   608.475     8.83   58.59
 -50563.187   599.200   -25.00   40.76
 -50192.228   576.707   -60.64   46.13
 -49821.343   541.105   -96.00   57.12
 -49450.533   499.075  -113.35   55.11
 -49079.798   459.453  -106.88   56.05
 -48709.137   420.554  -104.95   42.81
 -48338.550   392.281   -76.29   32.59
 -47968.038   369.695   -60.96   14.60
 -47597.600   356.801   -34.81   11.18
 -47227.236   346.416   -28.04   14.77
 -46856.946   332.779   -36.83   19.59
 -46486.731   321.289   -31.04   19.71
 -46116.589   309.529   -31.77   26.54
 -45746.522   297.586   -32.28   27.97
 -45376.529   286.189   -30.81   24.55
 -45006.610   277.429   -23.68   14.41
 -44636.764   280.572     8.50   19.62
 -44266.993   293.463    34.86   31.07
 -43897.295   315.207    58.82   40.77
 -43527.671   339.170    64.83   42.25
 -43158.121   361.263    59.78   33.90
 -42788.645   371.377    27.37   31.79
 -42419.242   372.089     1.93   34.59
 -42049.913   366.138   -16.11   34.36
 -41680.658   357.428   -23.59   32.28
 -41311.476   350.079   -19.91   26.80
 -40942.368   343.068   -18.99   24.64
 -40573.333   334.903   -22.13   22.04
 -40204.371   327.298   -20.61   19.07
 -39835.483   323.952    -9.07   14.78
 -39466.668   332.474    23.11   21.34
 -39097.927   354.002    58.38   31.20
 -38729.258   377.083    62.61   34.12
 -38360.663   396.737    53.32   29.16
 -37992.141   414.045    46.97   28.32
 -37623.692   437.626    64.00   34.49
 -37255.316   466.344    77.96   51.36
 -36887.014   501.064    94.27   61.06
 -36518.784   540.123   106.07   59.42
 -36150.627   574.763    94.09   42.28
 -35782.543   598.782    65.26   30.20
 -35414.532   613.163    39.08   30.73
 -35046.593   624.585    31.04   37.10
 -34678.728   622.980    -4.36   38.49
 -34310.935   609.394   -36.94   42.34
 -33943.215   582.996   -71.79   48.66
 -33575.567   553.082   -81.37   40.42
 -33207.992   541.285   -32.09   31.58
 -32840.490   539.484    -4.90   36.66
 -32473.060   553.276    37.54   39.53
 -32105.703   573.312    54.54   41.65
 -31738.418   606.670    90.83   56.68
 -31371.205   648.496   113.90   64.76
 -31004.065   702.178   146.22   64.28
 -30636.997   733.408    85.08   48.91
 -30270.001   742.105    23.70   39.35
 -29903.077   722.606   -53.14   52.62
 -29536.226   681.275  -112.67   59.38
 -29169.447   631.818  -134.84   62.85
 -28802.739   580.903  -138.85   60.25
 -28436.104   547.575   -90.90   46.99
 -28069.541   542.147   -14.81   41.42
 -27703.050   575.941    92.21   66.21
 -27336.631   622.314   126.56   72.28
 -26970.283   688.441   180.51   71.72
 -26604.008   742.696   148.13   70.75
 -26237.804   779.200    99.68   64.41
 -25871.672   784.276    13.87   63.34
 -25505.612   761.814   -61.36   79.09
 -25139.623   711.409  -137.72   91.69
 -24773.706   650.983  -165.14   93.35
 -24403.053   582.268  -185.39  100.05
 -24022.248   502.295  -210.01  104.42
 -23641.522   417.892  -221.70  103.37
 -23260.874   369.284  -127.70   75.76
 -22880.305   375.080    15.23   76.97
 -22499.814   438.205   165.91  105.31
 -22119.401   510.732   190.66   90.66
 -21739.067   557.425   122.77   77.71
 -21358.811   568.683    29.61   84.39
 -20978.634   593.553    65.42   89.40
 -20598.534   640.364   123.16  108.03
 -20218.513   716.220   199.61  111.04
 -19838.569   761.429   118.99   74.05
 -19458.704   754.125   -19.23   75.31
 -19078.916   705.363  -128.40   94.65
 -18699.207   641.274  -168.79   90.27
 -18319.575   606.374   -91.93   94.06
 -17940.022   574.152   -84.90  101.28
 -17560.546   545.058   -76.67  103.95
 -17181.148   516.400   -75.54  106.12
 -16801.827   478.178  -100.77  101.59
 -16422.584   427.804  -132.83   99.79
 -16043.419   374.956  -139.38   95.05
 -15664.331   312.298  -165.29   83.01
 -15285.321   271.235  -108.35   55.26
 -14906.389   274.156     7.71   63.56
 -14527.533   312.098   100.15   94.79
 -14148.755   374.804   165.55  100.40
 -13770.055   442.814   179.59   87.70
 -13391.431   502.507   157.66   78.93
 -13012.885   537.093    91.37   61.93
 -12634.416   547.529    27.57   43.43
 -12256.024   530.391   -45.29   54.24
 -11877.710   496.475   -89.65   67.03
 -11499.472   448.079  -127.95   71.70
 -11121.311   397.551  -133.61   73.16
 -10743.228   377.079   -54.15   74.33
 -10365.221   404.167    71.66   89.05
  -9987.291   432.343    74.55   82.06
  -9609.438   436.170    10.13   68.50
  -9231.661   408.698   -72.72   77.92
  -8853.962   352.024  -150.05   72.66
  -8476.339   303.412  -128.73   63.55
  -8098.792   251.833  -136.62   59.67
  -7721.322   207.031  -118.69   53.55
  -7343.929   173.958   -87.64   48.27
  -6966.612   149.391   -65.11   41.95
  -6589.372   133.496   -42.13   34.20
  -6212.208   126.460   -18.66   33.33
  -5835.120   121.771   -12.44   37.78
  -5458.109   121.208    -1.49   44.30
  -5081.174   120.344    -2.29   48.97
  -4704.315   124.552    11.17   56.93
  -4327.532   122.650    -5.05   56.88
  -3950.826   119.361    -8.73   54.26
  -3574.195   107.189   -32.32   43.71
  -3197.641    98.323   -23.54   37.68
  -2821.162    88.618   -25.78   32.12
  -2444.760    84.310   -11.45   25.30
  -2068.433    77.474   -18.16   18.22
  -1692.182    78.778     3.47   20.33
  -1316.007    87.496    23.18   31.68
   -939.908    83.695   -10.11   39.53
   -563.884    63.129   -54.69   52.49
   -187.936    37.228   -68.90   53.51
    187.936    11.329   -68.90   26.24
    563.733    19.462    21.64   37.00
    939.454    57.518   101.29   60.91
   1315.100   118.791   163.11   76.16
   1690.670   182.320   169.15   77.33
   2066.165   237.204   146.16   59.17
   2441.585   264.606    72.99   37.45
   2816.929   269.473    12.97   34.44
   3192.198   242.068   -73.03   47.07
   3567.392   204.668   -99.68   51.33
   3942.510   165.696  -103.89   53.92
   4317.554   122.891  -114.13   49.92
   4692.522    80.788  -112.28   53.82
   5067.415    42.074  -103.27   43.20
   5442.234    17.294   -66.11   30.23
   5816.977     2.126   -40.47    5.32
   6191.646     2.652     1.40    4.00
   6566.239     5.166     6.71    2.09
   6940.758     6.107     2.51    1.01
   7315.202     6.555     1.20    0.26
   7689.572     6.583     0.08    0.27
   8063.866     6.624     0.11    0.32
   8438.087     5.975    -1.73    2.62
   8812.232     3.821    -5.76    5.24
   9186.303     1.475    -6.27    6.24
   9560.299    -1.207    -7.17    6.25
   9934.221    -3.848    -7.06    5.03
  10308.069    -5.528    -4.49    3.08
  10681.842    -6.482    -2.55    0.11
  11055.541    -5.469     2.71    2.89
  11429.166    -2.560     7.78    5.60
  11802.716     0.272     7.58    6.11
  12176.192     3.474     8.57    5.05
  12549.594     5.806     6.25    2.41
  12922.922     6.507     1.88    0.00
  13296.176     6.507     0.00    0.00
  13669.356     6.507     0.00    0.00
  14042.462     6.507     0.00    0.00
  14415.494     6.507     0.00    0.00
  14788.452     6.507     0.00    0.00
  15161.336     6.631     0.33    0.47
  15534.146     8.485     4.97    4.47
  15906.883    12.096     9.69    6.95
  16279.546    14.337     6.01    6.40
  16652.135    15.923     4.26    5.09
  17024.651    15.118    -2.16    5.00
  17397.093    13.585    -4.12    3.73
  17769.461    13.990     1.09    3.61
  18141.756    15.645     4.44    4.08
  18513.978    18.193     6.84    3.61
  18886.126    21.047     7.67    3.22
  19258.201    23.822     7.46    6.06
  19630.202    29.507    15.28   12.47
  20002.130    35.271    15.50   15.00
  20373.985    40.914    15.17   16.02
  20745.767    41.732     2.20   15.08
  21117.476    40.079    -4.45   12.84
  21489.111    37.364    -7.30    9.55
  21860.673    37.948     1.57    8.14
  22232.163    42.007    10.93   10.63
  22603.579    47.781    15.55   12.07
  22974.923    53.266    14.77   12.23
  23346.193    56.025     7.43   11.22
  23717.391    57.642     4.36    9.56
  24088.516    61.437    10.23   10.63
  24459.568    70.653    24.84   16.65
  24830.547    79.565    24.02   18.95
  25201.454    93.342    37.15   19.60
  25572.288   104.587    30.32   17.81
  25943.050   115.260    28.79   15.03
  26313.739   121.837    17.74   12.97
  26684.355   126.905    13.67   13.57
  27054.899   130.749    10.37   14.24
  27425.371   137.875    19.24   14.33
  27795.770   144.074    16.74   11.81
  28166.097   149.751    15.33    7.33
  28536.351   150.929     3.18    7.41
  28906.533   150.926    -0.01    7.57
  29276.643   152.079     3.11    7.35
  29646.681   154.143     5.58    6.09
  30016.647   156.474     6.30    4.65
  30386.540   158.019     4.18    2.98
  30756.362   158.530     1.38    2.30
  31126.112   155.856    -7.23    7.13
  31495.789   149.732   -16.57   10.84
  31865.395   146.542    -8.63    9.93
  32234.929   148.429     5.10    9.89
  32604.390   154.599    16.70   10.67
  32973.781   160.788    16.75    7.70
  33343.099   160.053    -1.99   10.01
  33712.346   154.246   -15.73   13.95
  34081.521   151.620    -7.11   12.73
  34450.624   152.852     3.34   12.04
  34819.656   153.608     2.05   12.37
  35188.616   146.174   -20.15   23.19
  35557.505   135.375   -29.27   23.65
  35926.322   124.662   -29.05   21.30
  36295.068   119.812   -13.15   22.23
  36663.742   125.055    14.22   24.83
  37032.345   133.123    21.89   22.13
  37400.877   138.461    14.48   17.28
  37769.337   142.030     9.69   13.66
  38137.727   141.726    -0.83   15.44
  38506.045   132.316   -25.55   22.47
  38874.292   122.746   -25.99   27.37
  39242.467   110.098   -34.35   29.20
  39610.572   103.769   -17.19   29.03
  39978.606   102.553    -3.30   27.35
  40346.569   116.080    36.76   27.00
  40714.461   128.472    33.68   26.21
  41082.282   128.757     0.78   29.63
  41450.032   122.555   -16.86   35.99
  41817.711   111.463   -30.17   37.49
  42185.320   103.960   -20.41   32.66
  42552.858   103.885    -0.20   33.69
  42920.325   110.622    18.33   34.83
  43287.721   120.837    27.80   34.61
  43655.047   127.013    16.81   36.09
  44022.302   130.575     9.70   36.33
  44389.487   126.485   -11.14   39.77
  44756.601   118.019   -23.06   38.69
  45123.645   112.848   -14.09   32.32
  45490.619   108.346   -12.27   21.32
  45857.522   110.507     5.89   14.43
  46224.354   109.784    -1.97   17.50
  46591.117   111.174     3.79   18.26
  46957.809   113.652     6.76   18.33
  47324.431   115.507     5.06   18.83
  47690.983   113.668    -5.02   23.87
  48057.465   106.019   -20.87   29.08
  48423.876   100.564   -14.89   30.62
  48790.218    89.339   -30.64   31.00
  49156.489    78.114   -30.64   29.49
  49522.691    66.139   -32.70   24.56
  49888.823    58.607   -20.57   18.78
  50255.887    51.519   -19.31    4.79
  50636.531    55.894    11.49    9.81
  51017.099    67.450    30.36   17.48
  51397.590    80.047    33.11   18.41
  51778.005    92.266    32.12   12.73
  52158.344    99.461    18.92    6.44
  52538.607   104.170    12.38    5.97
  52918.793   107.263     8.13    5.88
  53298.903   110.215     7.77    5.02
  53678.937   112.358     5.64    2.86
  54058.895   113.121     2.01    1.48
  54438.776   112.554    -1.49    2.59
  54818.582   111.928    -1.65    3.74
  55198.312   111.065    -2.27    4.86
  55577.965   111.585     1.37    5.09
  55957.543   113.648     5.44    5.41
  56337.045   118.163    11.90    8.52
  56716.472   124.912    17.79   10.52
  57095.822   135.597    28.17   16.72
  57475.097   147.958    32.59   21.01
  57854.296   160.450    32.94   26.31
  58233.420   175.117    38.69   28.21
  58612.468   196.280    55.83   39.17
  58991.440   221.143    65.60   46.80
  59370.337   243.687    59.50   46.13
  59749.158   256.914    34.92   41.96
  60127.905   261.746    12.76   41.08
  60506.575   266.979    13.82   39.98
  60885.171   279.608    33.36   41.77
  61263.691   298.404    49.65   37.18
  61642.136   304.231    15.40   37.20
  62020.506   305.427     3.16   43.72
  62398.801   301.369   -10.73   42.66
  62777.020   293.712   -20.25   34.27
  63155.165   290.878    -7.49   31.14
  63533.234   291.473     1.57   33.82
  63911.229   290.110    -3.61   35.10
  64289.149   285.848   -11.28   34.59
  64666.994   277.803   -21.29   33.24
  65044.764   266.799   -29.13   36.57
  65422.459   258.439   -22.13   35.51
  65800.080   252.200   -16.52   39.12
  66177.625   252.116    -0.22   46.30
  66555.097   235.382   -44.33   56.09
  66932.493   204.182   -82.67   56.19
  67309.815   171.962   -85.39   39.62
  67687.063   153.437   -49.10   21.76
  68064.236   149.204   -11.22   14.62
  68441.335   157.507    22.02   21.81
  68818.359   166.829    24.72   27.05
  69195.309   172.366    14.69   25.95
  69572.185   175.746     8.97   21.36
  69948.986   180.349    12.21   16.36
  70325.714   184.700    11.55   14.09
  70702.367   197.507    34.00   26.54
  71078.946   221.714    64.28   54.50
  71455.451   262.110   107.29   78.73
  71831.881   301.741   105.28   90.94
  72208.238   333.141    83.43   96.47
  72584.521   341.452    22.08   93.54
  72960.730   337.215   -11.26   86.03
  73336.866   330.644   -17.47   73.76
  73712.927   323.117   -20.01   64.32
  74088.915   331.220    21.55   59.42
  74464.828   334.641     9.10   49.72
  74840.669   338.337     9.83   43.15
  75216.435   347.602    24.66   43.21
  75592.128   345.222    -6.34   37.72
  75967.748   348.269     8.11   33.20
  76343.294   363.996    41.87   30.68
  76718.766   374.837    28.87   24.90
  77094.165   373.777    -2.82   23.66
  77469.491   359.410   -38.28   29.65
  77844.743   333.132   -70.02   31.09
  78219.922   308.507   -65.63   22.69
  78595.028   291.885   -44.31   19.42
  78970.060   281.074   -28.83   19.44
  79345.019   272.473   -22.94   24.27
  79719.906   268.105   -11.65   25.87
  80094.719   273.939    15.56   30.44
  80469.459   283.983    26.80   35.74
  80844.126   296.346    33.00   33.79
  81218.720   304.676    22.23   26.30
  81593.241   305.118     1.18   25.84
  81967.690   306.458     3.58   28.17
  82342.065   314.002    20.15   27.82
  82716.368   318.117    10.99   29.67
  83090.598   300.967   -45.82   41.50
  83464.755   272.178   -76.94   40.12
  83838.840   250.519   -57.90   31.29
  84212.852   231.800   -50.05   17.19
  84586.791   224.685   -19.03   16.58
  84960.658   225.129     1.19   18.52
  85334.452   230.863    15.34   18.86
  85708.174   240.068    24.63   20.33
  86081.824   253.783    36.70   21.11
  86455.401   268.666    39.84   17.88
  86828.906   273.381    12.62   17.57
  87202.338   269.593   -10.14   22.75
  87575.699   254.597   -40.16   26.36
  87948.987   235.995   -49.83   20.71
  88322.203   221.665   -38.39   17.69
  88695.346   211.013   -28.54   10.26
  89068.418   210.030    -2.64   13.14
  89441.418   212.817     7.47   19.76
  89814.346   219.621    18.24   26.35
  90187.201   222.907     8.81   30.83
  90559.985   224.178     3.41   32.14
  90932.697   221.884    -6.15   30.94
  91305.337   216.912   -13.34   26.98
  91677.906   210.007   -18.53   21.77
  92050.402   199.564   -28.03   18.09
  92422.827   189.356   -27.41   15.33
  92795.180   177.898   -30.77   13.45
  93167.462   168.542   -25.13   11.60
  93539.672   163.968   -12.29   12.32
  93911.810   162.242    -4.64   14.55
  94283.877   166.087    10.33   20.08
  94655.873   173.041    18.69   26.18
  95027.797   185.895    34.56   31.71
  95399.650   199.439    36.42   33.08
  95771.431   215.358    42.81   28.75
  96143.141   225.060    26.10   23.60
  96514.780   231.926    18.47   15.35
  96886.348   232.105     0.48   12.06
  97257.844   226.013   -16.40   15.18
  97629.270   218.939   -19.04   16.99
  98000.624   214.616   -11.64   17.20
  98371.907   213.916    -1.88   21.89
  98743.119   213.884    -0.09   25.90
  99114.260   209.723   -11.21   31.19
  99485.331   198.662   -29.81   34.43
  99856.330   186.645   -32.39   32.86
 100227.259   173.989   -34.12   24.34
 100598.116   165.541   -22.78   21.28
 100968.903   158.483   -19.03   18.31
 101339.619   152.405   -16.39   18.27
 101710.265   146.483   -15.98   14.84
 102080.840   145.243    -3.35   14.94
 102451.344   144.824    -1.13   16.97
 102821.778   142.185    -7.12   16.96
 103192.141   137.954   -11.42   14.95
 103562.434   138.599     1.74   18.47
 103932.656   143.162    12.32   27.81
 104302.808   150.844    20.75   32.30
 104672.889   156.031    14.01   29.87
 105042.901   157.437     3.80   23.73
 105412.841   155.178    -6.11   18.81
 105782.712   148.882   -17.02   17.81
 106152.512   139.143   -26.34   20.52
 106522.243   126.182   -35.05   16.33
 106891.903   120.093   -16.47   10.32
 107261.493   121.424     3.60   11.63
 107631.013   131.749    27.94   17.97
 108000.463   147.079    41.49   20.00
 108369.843   160.632    36.69   19.77
 108739.153   176.222    42.21   15.19
 109108.393   187.565    30.72   12.98
 109477.564   197.556    27.06    9.54
 109846.664   205.655    21.94    9.38
 110215.695   210.666    13.58   13.87
 110584.656   218.369    20.88   20.98
 110953.547   228.049    26.24   27.06
 111322.369   244.427    44.40   33.91
 111691.121   259.147    39.92   38.26
 112059.803   280.042    56.67   43.20
 112428.416   287.414    20.00   42.43
 112796.960   284.007    -9.24   40.22
 113165.434   273.612   -28.21   38.48
 113533.838   258.990   -39.69   33.82
 113902.174   262.598     9.79   34.92
 114270.440   281.579    51.54   45.61
 114638.636   303.795    60.33   42.98
 115006.763   321.888    49.15   26.30
 115374.822   317.530   -11.84   35.79
 115742.810   302.300   -41.38   42.46
 116110.730   295.087   -19.60   44.88
 116478.581   295.361     0.75   48.83
 116846.363   299.598    11.52   48.35
 117214.075   299.068    -1.44   48.16
 117581.719   288.898   -27.66   43.36
 117949.293   272.507   -44.59   38.45
 118316.799   255.019   -47.58   31.79
 118684.236   241.036   -38.05   27.19
 119051.604   237.587    -9.39   29.37
 119418.903   237.437    -0.41   33.24
 119786.133   240.002     6.98   36.14
 120153.295   239.553    -1.22   34.96
 120520.388   236.507    -8.30   29.07
 120887.413   233.575    -7.99   22.81
 121254.368   233.245    -0.90   15.80
 121621.256   235.670     6.61   13.74
 121988.074   244.995    25.42   17.36
 122354.825   256.519    31.42   21.25
 122721.506   269.037    34.14   21.05
 123088.120   277.833    23.99   22.16
 123454.665   284.205    17.38   27.58
 123821.141   288.798    12.53   33.13
 124187.550   291.864     8.37   37.85
 124553.890   286.415   -14.87   37.14
 124920.162   278.150   -22.56   32.74
 125298.140   265.795   -32.69   25.71
 125678.553   262.059    -9.82   27.04
 126058.892   262.245     0.49   30.22
 126439.156   266.763    11.88   32.30
 126819.346   276.763    26.30   31.20
 127199.462   286.471    25.54   25.57
 127579.504   286.124    -0.91   20.64
 127959.471   275.733   -27.34   28.36
 128339.365   254.220   -56.62   31.81
 128719.184   236.742   -46.01   20.07
 129098.929   235.887    -2.25   21.58
 129478.600   240.310    11.65   24.03
 129858.198   243.587     8.63   18.84
 130237.721   241.654    -5.09   13.29
 130617.170   233.461   -21.59   13.39
 130996.546   222.055   -30.06   11.90
 131375.848   212.277   -25.78   11.75
 131755.076   204.554   -20.36    8.07
 132134.230   201.360    -8.43    6.15
 132513.310   200.242    -2.95    5.71
 132892.317   201.795     4.10    5.15
 133271.251   203.898     5.55    3.69
 133650.111   205.676     4.69    3.63
 134028.897   205.381    -0.78    4.96
 134407.610   202.228    -8.32    7.14
 134786.249   197.312   -12.98    7.56
 135164.815   196.019    -3.42    8.74
 135543.308   196.786     2.03   10.10
 135921.728   199.134     6.20    9.41
 136300.074   199.298     0.43    7.74
 136678.347   197.242    -5.43    6.32
 137056.547   195.047    -5.80    5.13
 137434.673   194.050    -2.64    4.16
 137812.727   196.735     7.10    8.01
 138190.708   201.727    13.21   11.52
 138568.615   208.860    18.87   11.77
 138946.450   214.727    15.53    7.20
 139324.212   214.082    -1.71    7.20
 139701.900   210.158   -10.39    7.49
 140079.516   207.228    -7.76    7.95
 140457.060   207.555     0.87   12.25
 140834.530   212.813    13.93   16.89
 141211.928   221.293    22.47   20.38
 141589.253   226.749    14.46   19.39
 141966.506   227.112     0.96   18.41
 142343.686   223.717    -9.00   16.57
 142720.793   217.555   -16.34   13.00
 143097.828   214.622    -7.78    9.68
 143474.790   212.622    -5.30    5.32
 143851.681   214.995     6.30    6.69
 144228.498   222.025    18.65   13.44
 144605.244   231.703    25.69   18.60
 144981.917   244.186    33.14   21.15
 145358.517   253.841    25.63   22.61
 145735.046   262.891    24.03   24.01
 146111.503   266.953    10.79   24.50
 146487.887   271.622    12.40   24.74
 146864.199   279.778    21.67   26.51
 147240.439   292.875    34.81   32.25
 147616.608   299.903    18.68   35.18
 147992.704   305.786    15.64   35.82
 148368.728   303.519    -6.03   36.98
 148744.681   300.001    -9.36   37.75
 149120.561   297.972    -5.40   40.14
 149496.370   303.484    14.67   44.13
 149872.107   310.664    19.11   47.24
 150247.773   324.193    36.01   51.95
 150623.366   340.098    42.34   53.37
 150998.888   365.286    67.07   57.37
 151374.339   379.061    36.69   51.27
 151749.718   377.208    -4.94   48.24
 152125.025   367.544   -25.75   52.07
 152500.261   354.937   -33.59   50.85
 152875.426   350.112   -12.86   51.41
 153250.519   344.635   -14.60   54.41
 153625.541   323.754   -55.67   62.18
 154000.491   289.019   -92.63   68.95
 154375.371   240.946  -128.22   53.73
 154750.179   201.358  -105.61   40.16
 155124.916   170.657   -81.92   25.18
 155499.581   153.852   -44.85   17.67
 155874.176   145.382   -22.61    8.53
 156248.699   149.182    10.14   11.47
 156623.152   158.645    25.27   15.40
 156997.533   170.019    30.38   17.31
 157371.844   177.620    20.30   16.59
 157746.084   174.174    -9.21   23.74
 158120.252   165.620   -22.86   29.85
 158494.351   151.193   -38.56   33.54
 158868.378   134.582   -44.41   29.04
 159242.334   124.766   -26.25   24.96
 159616.220   116.445   -22.25   18.95
 159990.035   112.119   -11.57   14.92
 160363.780   110.595    -4.08   15.39
 160737.454   108.530    -5.52   13.82
 161111.057   106.270    -6.05   10.55
 161484.590   105.065    -3.22    6.99
 161858.052   106.384     3.53    6.69
 162231.444   107.248     2.32    6.11
 162604.766   106.581    -1.79    4.55
 162978.017   106.485    -0.26    4.27
 163351.198   106.483    -0.01    3.41
 163724.309   107.956     3.95    4.04
 164097.349   111.310     8.99    5.74
 164470.320   116.566    14.09    9.35
 164843.220   122.445    15.76   11.05
 165216.050   130.231    20.88   13.03
 165588.810   139.832    25.75   13.32
 165961.500   150.404    28.36   17.90
 166334.120   164.223    37.08   21.57
 166706.670   186.810    60.62   33.27
 167079.150   217.359    82.01   43.12
 167451.560   254.837   100.62   52.95
 167823.900   287.668    88.16   46.04
 168196.171   310.323    60.85   34.07
 168568.372   318.114    20.93   28.69
 168940.503   319.972     4.99   29.07
 169312.564   318.206    -4.75   30.21
 169684.556   317.352    -2.29   33.43
 170056.478   315.784    -4.22   41.40
 170428.331   313.381    -6.46   46.68
 170800.114   309.401   -10.70   50.29
 171171.828   318.295    23.92   53.02
 171543.472   334.260    42.95   50.97
 171915.047   361.356    72.91   47.52
 172286.552   378.728    46.76   39.41
 172657.989   390.001    30.35   32.49
 173029.355   386.166   -10.33   35.92
 173400.653   369.598   -44.62   44.12
 173771.881   349.472   -54.21   46.89
 174143.041   338.638   -29.18   42.61
 174514.131   333.632   -13.49   41.64
 174885.152   332.917    -1.93   41.77
 175256.104   328.864   -10.92   46.35
 175626.987   320.966   -21.29   47.75
 175997.801   312.448   -22.97   41.59
 176368.546   303.339   -24.57   35.17
 176739.222   292.844   -28.31   34.82
 177109.829   278.496   -38.71   39.66
 177480.368   265.059   -36.26   42.05
 177850.837   262.300    -7.45   47.68
 178221.238   262.055    -0.66   53.78
 178591.570   269.112    19.05   60.69
 178961.834   270.600     4.02   60.48
 179332.029   267.075    -9.52   56.05
 179702.155   252.751   -38.69   46.37
 180072.213   239.682   -35.31   40.20
 180442.202   229.647   -27.12   32.07
 180812.123   224.720   -13.32   35.51
 181181.975   234.695    26.97   45.26
 181551.759   247.495    34.61   48.07
 181921.474   257.937    28.24   50.56
 182291.121   270.107    32.92   52.47
 182660.700   286.095    43.25   57.81
 183030.211   297.472    30.78   57.48
 183399.653   298.612     3.09   45.78
 183769.028   293.347   -14.25   35.20
 184138.334   279.837   -36.58   30.52
 184507.572   270.471   -25.36   29.18
 184876.742   276.543    16.44   42.91
 185245.844   296.251    53.39   56.45
 185614.877   321.740    69.06   55.41
 185983.843   334.351    34.17   47.48
 186352.741   336.305     5.30   41.35
 186721.572   329.426   -18.65   39.82
 187090.334   321.869   -20.49   39.73
 187459.028   316.682   -14.07   37.66
 187827.655   307.341   -25.34   35.51
 188196.214   287.990   -52.50   37.82
 188564.706   260.545   -74.47   47.44
 188933.129   221.388  -106.27   50.31
 189301.485   182.773  -104.82   36.38
 189669.774   157.754   -67.92   23.32
 190037.995   143.052   -39.92   10.47
 190406.148   145.590     6.89   20.05
 190774.234   152.606    19.06   30.86
 191142.253   161.731    24.79   36.20
 191510.204   166.449    12.82   38.72
 191878.088   167.907     3.96   34.32
 192245.904   170.763     7.76   31.21
 192613.653   182.507    31.93   32.71
 192981.335   194.810    33.45   37.74
 193348.950   203.628    23.98   38.10
 193716.498   201.352    -6.19   42.40
 194083.978   191.391   -27.10   42.13
 194451.391   190.119    -3.46   40.26
 194818.738   212.149    59.96   56.49
 195186.017   249.049   100.45   63.07
 195553.229   284.075    95.37   52.22
 195920.374   294.124    27.36   56.85
 196287.453   297.558     9.35   61.99
 196654.464   301.926    11.90   55.31
 197021.409   312.963    30.07   51.61
 197388.287   330.719    48.39   61.23
 197755.098   345.638    40.67   71.13
 198121.842   336.054   -26.13   69.03
 198488.520   317.013   -51.92   63.01
 198855.131   290.943   -71.10   59.36
 199221.675   269.912   -57.37   44.98
 199588.153   255.676   -38.84   33.59
 199962.755   255.833     0.42   41.84
 200343.014   237.031   -49.44   63.45
 200723.201   208.327   -75.49   66.02
 201103.315   189.907   -48.45   58.89
 201483.357   173.705   -42.63   51.02
 201863.327   162.825   -28.63   47.72
 202243.224   152.207   -27.94   43.31
 202623.050   139.019   -34.72   35.11
 203002.803   128.382   -28.00   27.22
 203382.484   119.095   -24.46   18.39
 203762.093   113.760   -14.05   11.05
 204141.629   109.178   -12.07    6.60
 204521.094   106.422    -7.26    4.20
 204900.487   104.507    -5.05    1.97
 205279.808   103.719    -2.08    0.47
 205659.057   103.648    -0.19    0.35
 206038.234   103.628    -0.05    0.33
 206417.339   103.628     0.00    0.33
 206796.373   103.680     0.14    0.44
 207175.334   104.056     0.99    0.85
 207554.224   104.637     1.53    1.06
 207933.043   105.272     1.68    1.12
 208311.790   106.007     1.94    0.84
 208690.465   106.751     1.96    1.27
 209069.069   107.637     2.34    2.06
 209447.601   108.682     2.76    2.67
 209826.062   109.240     1.47    2.86
 210204.451   109.845     1.60    2.97
 210582.769   111.388     4.08    4.17
 210961.016   114.178     7.37    8.50
 211339.191   118.426    11.23   12.67
 211717.295   122.273    10.17   15.60
 212095.328   125.056     7.36   18.38
 212473.290   125.507     1.19   19.64
 212851.180   122.426    -8.15   16.58
 213229.000   118.048   -11.58    9.98
 213606.748   114.695    -8.87    2.33
 213984.426   114.616    -0.21    1.14
 214362.032   115.170     1.47    1.65
 214739.568   115.875     1.87    2.04
 215117.032   116.690     2.16    2.65
 215494.426   118.929     5.93    4.29
 215871.749   121.048     5.62    5.13
 216249.002   123.554     6.64    4.74
 216626.183   125.767     5.86    2.72
 217003.294   125.037    -1.94    3.12
 217380.334   123.888    -3.05    3.34
 217757.304   122.566    -3.51    3.25
 218134.203   121.396    -3.10    2.91
 218511.031   120.884    -1.36    2.41
 218887.789   121.115     0.61    2.38
 219264.476   122.390     3.38    2.95
 219641.094   124.445     5.46    2.73
 220017.640   127.198     7.31    3.55
 220394.117   130.469     8.69    5.82
 220770.523   135.519    13.41   11.65
 221146.859   140.976    14.50   14.23
 221523.124   141.483     1.35   14.87
 221899.320   138.887    -6.90   15.89
 222275.445   133.237   -15.02   12.84
 222651.500   127.227   -15.98    2.86
 223027.485   128.531     3.47    7.04
 223403.400   132.657    10.97   14.26
 223779.245   134.852     5.84   16.56
 224155.020   134.449    -1.07   16.29
 224530.726   131.766    -7.14   14.46
 224906.361   125.581   -16.46    4.26
 225281.927   123.507    -5.52    2.57
 225657.422   121.460    -5.45    2.81
 226032.848   119.507    -5.20    2.64
 226408.205   117.837    -4.45    2.06
 226783.491   116.763    -2.86    1.78
 227158.708   115.893    -2.32    1.43
 227533.856   115.387    -1.35    1.18
 227908.934   115.037    -0.93    0.97
 228283.942   114.731    -0.82    0.81
 228658.881   114.351    -1.01    0.69
 229033.750   114.061    -0.77    0.59
 229408.550   113.848    -0.57    0.55
 229783.281   113.841    -0.02    0.63
 230157.942   113.917     0.20    0.70
 230532.534   113.816    -0.27    0.89
 230907.057   113.351    -1.24    1.02
 231281.510   112.898    -1.21    0.80
 231655.895   112.684    -0.57    0.47
 232030.210   112.629    -0.15    0.33
 232404.456   112.808     0.48    0.49
 232778.633   113.001     0.51    0.65
 233152.741   113.368     0.98    0.81
 233526.781   113.905     1.44    0.99
 233900.751   114.638     1.96    1.16
 234274.652   115.322     1.83    1.15
 234648.484   115.810     1.30    1.23
 235022.248   116.049     0.64    1.50
 235395.943   116.375     0.87    1.84
 235769.569   116.795     1.12    1.82
 236143.126   117.638     2.26    1.75
 236516.615   118.736     2.94    1.60
 236890.035   120.566     4.90    2.21
 237263.386   122.174     4.31    2.29
 237636.669   123.989     4.86    2.21
 238009.883   125.690     4.56    1.76
 238383.029   126.507     2.19    1.71
 238756.106   127.174     1.79    1.69
 239129.115   127.739     1.51    1.50
 239502.056   128.174     1.17    1.18
 239874.928   128.554     1.02    1.02
 240247.732   128.816     0.70    1.02
 240620.467   129.056     0.64    0.92
 240993.135   129.297     0.65    0.90
 241365.734   129.392     0.25    1.06
 241738.265   129.285    -0.29    1.32
 242110.728   128.678    -1.63    1.89
 242483.123   127.964    -1.92    1.84
 242855.450   127.484    -1.29    1.32
 243227.709   127.519     0.10    0.96
 243599.899   127.800     0.75    0.87
 243972.022   128.100     0.81    0.70
 244344.077   128.391     0.78    0.54
 244716.065   128.654     0.71    0.61
 245087.984   129.154     1.34    0.91
 245459.836   129.594     1.18    1.17
 245831.620   130.084     1.32    1.50
 246203.336   130.543     1.24    1.72
 246574.984   131.580     2.79    3.56
 246946.565   132.707     3.03    5.16
 247318.078   133.924     3.27    5.15
 247689.524   135.060     3.06    4.13
 248060.902   136.186     3.03    3.52
 248432.213   137.640     3.91    4.37
 248803.456   139.376     4.68    5.51
 249174.632   141.638     6.09    7.39
 249545.740   143.055     3.82    7.37
 249916.782   142.712    -0.92    4.93
 250287.755   141.628    -2.92    2.71
 250658.662   140.638    -2.67    2.86
 251029.501   139.129    -4.07    2.90
 251400.274   137.302    -4.93    2.48
 251770.979   136.013    -3.48    2.02
 252141.616   135.543    -1.27    1.91
 252512.187   135.458    -0.23    1.89
 252882.691   135.302    -0.42    1.86
 253253.128   135.117    -0.50    1.83
 253623.498   134.666    -1.22    1.67
 253993.800   134.618    -0.13    2.65
 254364.036   134.343    -0.74    3.39
 254734.205   132.917    -3.85    3.60
 255104.308   130.995    -5.19    2.89
 255474.343   129.631    -3.69    1.85
 255844.312   128.996    -1.72    1.59
 256214.214   128.705    -0.79    1.53
 256584.049   128.470    -0.63    1.48
 256953.818   128.203    -0.72    1.44
 257323.520   127.954    -0.67    1.26
 257693.155   127.841    -0.31    1.18
 258062.724   127.824    -0.04    1.20
 258432.227   127.725    -0.27    1.22
 258801.663   127.695    -0.08    1.11
 259171.032   127.700     0.01    1.05
 259540.335   127.910     0.57    1.10
 259909.572   128.123     0.58    1.22
 260278.743   128.307     0.50    1.31
 260647.847   128.357     0.14    1.28
 261016.885   128.266    -0.25    1.17
 261385.856   128.320     0.14    1.07
 261754.762   128.481     0.44    1.05
 262123.601   128.660     0.48    1.03
