# NaN NaN NaN ;Mean Elev.(m), Avg Gradient(m/km), RMS Gradient(m/km) - SRTM1     
#   11.605  -0.357   3.159 ;Mean Elev.(m), Avg Gradient(m/km), RMS Gradient(m/km) - ASTER GDEM
#    0.000  -0.965   2.245 ;Mean Elev.(m), Avg Gradient(m/km), RMS Gradient(m/km) - GMTED2010 
  7     5.279 52444.32588806 19.20 196.151093  62.310523 27.619
  7     4.154 52444.32588870 16.25 196.148593  62.313663 27.619
  7     3.647 52444.32588935 17.45 196.146083  62.316803 27.619
  7     3.720 52444.32588999 15.97 196.143583  62.319953 27.619
  7     4.039 52444.32589064 15.22 196.141073  62.323093 27.619
  7     4.295 52444.32589128 15.52 196.138573  62.326243 27.619
  8     5.998 52479.32588202 22.19 196.155306  62.314706 32.130
  8     3.055 52479.32588266 18.80 196.152806  62.317846 32.130
  8     3.027 52479.32588331 19.14 196.150296  62.320996 32.130
  8     2.899 52479.32588395 17.82 196.147796  62.324136 32.130
  8     3.179 52479.32588460 18.41 196.145294  62.327284 16.834
  8     3.464 52479.32588524 20.14 196.142784  62.330434 16.834
  9    -1.861 52514.32583006 25.41 196.165929  62.327103 31.490
  9    -1.331 52514.32583071 26.41 196.163419  62.330243 31.490
  9    -1.092 52514.32583135 26.11 196.160919  62.333393 31.490
  9    -0.826 52514.32583200 27.94 196.158409  62.336533 31.490
  9    -0.705 52514.32583264 36.06 196.155903  62.339681 44.079
  9    -0.783 52514.32583329 44.49 196.153403  62.342831 44.079
  9    -0.708 52514.32583393 49.44 196.150893  62.345971 44.079
  9    -0.694 52514.32583458 50.66 196.148383  62.349111 44.079
 11     5.567 52584.32586171 23.23 196.159629  62.321834 23.481
 11     2.035 52584.32586236 22.57 196.157129  62.324974 23.481
 11     2.108 52584.32586300 23.97 196.154625  62.328121 19.486
 11     2.304 52584.32586364 26.35 196.152115  62.331271 19.486
 11     2.273 52584.32586429 29.25 196.149615  62.334411 19.486
 11     2.486 52584.32586493 33.49 196.147105  62.337551 19.486
 11     2.338 52584.32586558 37.50 196.144595  62.340701 19.486
 12     1.554 52619.32583918 38.11 196.161536  62.320860 14.796
 12     1.563 52619.32583982 38.93 196.159026  62.324010 14.796
 12     1.526 52619.32584047 38.52 196.156526  62.327150 14.796
 12     1.508 52619.32584111 38.73 196.154026  62.330300 14.796
 12     1.446 52619.32584176 39.45 196.151516  62.333440 14.796
 12     1.540 52619.32584240 38.50 196.149006  62.336590 14.796
 12     1.486 52619.32584305 37.17 196.146506  62.339730 14.796
 12     1.484 52619.32584369 33.97 196.143996  62.342870 14.796
 13     1.439 52654.32582268 23.75 196.158333  62.319580  4.203
 13     1.534 52654.32582332 23.74 196.155833  62.322730  4.203
 13     1.496 52654.32582397 23.90 196.153323  62.325870  4.203
 13     1.476 52654.32582461 23.59 196.150823  62.329020  4.203
 13     1.408 52654.32582526 23.57 196.148313  62.332160  4.203
 13     1.504 52654.32582590 23.18 196.145803  62.335310  4.203
 13     1.338 52654.32582655 22.87 196.143293  62.338450  4.203
 14     1.412 52689.32581922 22.15 196.163808  62.323766  4.992
 14     1.422 52689.32581986 22.48 196.161298  62.326916  4.992
 14     1.430 52689.32582051 21.95 196.158798  62.330056  4.992
 14     1.400 52689.32582115 21.46 196.156288  62.333206  4.992
 14     1.443 52689.32582180 21.25 196.153788  62.336346  4.992
 14     1.234 52689.32582244 21.78 196.151278  62.339486  4.992
 14     1.244 52689.32582309 21.31 196.148768  62.342636  4.992
 14     1.192 52689.32582373 20.30 196.146268  62.345776  4.992
 15     1.060 52724.32586263 29.06 196.157360  62.316506  6.059
 15     1.076 52724.32586328 29.67 196.154850  62.319646  6.059
 15     1.177 52724.32586392 28.92 196.152350  62.322796  6.059
 15     1.010 52724.32586457 28.72 196.149840  62.325936  6.059
 15     1.079 52724.32586521 29.65 196.147330  62.329086  6.059
 15     1.034 52724.32586586 28.75 196.144830  62.332226  6.059
 15     0.982 52724.32586650 28.03 196.142320  62.335376  6.059
 16     6.582 52759.32588175 31.69 196.157760  62.313528 29.734
 16     6.517 52759.32588240 24.20 196.155260  62.316668 29.734
 16     4.993 52759.32588304 22.93 196.152753  62.319820 15.673
 16     4.681 52759.32588369 24.40 196.150253  62.322960 15.673
 16     4.457 52759.32588433 25.54 196.147753  62.326110 15.673
 16     5.275 52759.32588498 24.18 196.145243  62.329250 15.673
 16     5.715 52759.32588562 25.67 196.142743  62.332400 15.673
 17     3.652 52794.32583668 44.57 196.153438  62.313517 21.073
 17     3.627 52794.32583732 42.86 196.150938  62.316657 21.073
 17     3.581 52794.32583797 35.88 196.148428  62.319807 21.073
 17     3.484 52794.32583861 40.81 196.145918  62.322947 21.073
 17     3.463 52794.32583926 38.55 196.143418  62.326097 21.073
 17     3.467 52794.32583990 40.25 196.140908  62.329237 21.073
 18     4.973 52829.32590359 24.33 196.156353  62.312639 39.659
 18     6.256 52829.32590424 17.83 196.153847  62.315786 14.019
 18     5.153 52829.32590488 17.77 196.151347  62.318936 14.019
 18     5.771 52829.32590553 15.84 196.148837  62.322076 14.019
 18     4.344 52829.32590617 15.76 196.146337  62.325216 14.019
 18     4.536 52829.32590681 16.92 196.143827  62.328366 14.019
 18     4.419 52829.32590746 19.17 196.141317  62.331506 14.019
 19     3.711 52864.32594900 52.68 196.158962  62.317861 32.960
 19     3.781 52864.32594964 51.95 196.156462  62.321011 32.960
 19     3.827 52864.32595029 51.99 196.153952  62.324151 32.960
 19     3.822 52864.32595093 50.95 196.151442  62.327291 32.960
 19     3.812 52864.32595158 50.74 196.148942  62.330441 32.960
 19     3.804 52864.32595222 50.57 196.146432  62.333581 32.960
 19     3.798 52864.32595287 50.95 196.143922  62.336731 32.960
 20     3.897 52899.32597841 28.45 196.158954  62.319074 21.940
 20     3.660 52899.32597905 26.89 196.156454  62.322224 21.940
 20     4.456 52899.32597970 15.89 196.153944  62.325364 21.940
 20     4.221 52899.32598034 15.55 196.151444  62.328514 21.940
 20     3.538 52899.32598099 17.54 196.148934  62.331654 21.940
 20     3.510 52899.32598163 15.95 196.146434  62.334794 21.940
 20     3.585 52899.32598228 22.66 196.143924  62.337944 21.940
 21     5.757 52934.32592257 26.51 196.163347  62.321469 27.347
 21     5.567 52934.32592321 21.05 196.160843  62.324612 10.652
 21     5.307 52934.32592386 18.22 196.158333  62.327752 10.652
 21     4.849 52934.32592450 18.75 196.155833  62.330902 10.652
 21     4.017 52934.32592515 18.10 196.153323  62.334042 10.652
 21     3.400 52934.32592579 17.89 196.150823  62.337192 10.652
 21     2.717 52934.32592643 17.93 196.148313  62.340332 10.652
 21     2.419 52934.32592708 19.83 196.145813  62.343482 10.652
 22     1.442 52969.32593564 32.09 196.153936  62.313449  8.307
 22     1.398 52969.32593629 33.16 196.151436  62.316599  8.307
 22     1.282 52969.32593693 33.12 196.148926  62.319739  8.307
 22     1.416 52969.32593758 32.67 196.146416  62.322879  8.307
 22     1.499 52969.32593822 32.60 196.143916  62.326029  8.307
 22     1.388 52969.32593887 31.36 196.141406  62.329169  8.307
 23     1.759 53004.32595518 17.66 196.153995  62.315128  3.166
 23     1.612 53004.32595582 17.92 196.151485  62.318268  3.166
 23     1.792 53004.32595647 17.45 196.148985  62.321418  3.166
 23     1.746 53004.32595711 17.42 196.146475  62.324558  3.166
 23     1.603 53004.32595776 17.76 196.143975  62.327708  3.166
 23     1.578 53004.32595840 17.29 196.141465  62.330848  3.166
 25     2.489 53074.32593502 13.23 196.157556  62.317201  2.925
 25     1.506 53074.32593566 13.83 196.155046  62.320351  2.925
 25     1.513 53074.32593631 13.89 196.152546  62.323491  2.925
 25     1.473 53074.32593695 13.74 196.150036  62.326641  2.925
 25     1.220 53074.32593760 14.11 196.147536  62.329781  2.925
 25     1.421 53074.32593824 13.48 196.145026  62.332921  2.925
 25     0.921 53074.32593889 14.27 196.142516  62.336071  2.925
 26     6.039 53109.32590275 29.09 196.149683  62.304126 36.107
 26     2.257 53109.32590340 32.30 196.147183  62.307276 36.107
 26     1.963 53109.32590404 32.91 196.144673  62.310416 36.107
 26     1.543 53109.32590468 33.87 196.142170  62.313561 18.727
 26     1.442 53109.32590533 33.00 196.139670  62.316711 18.727
 26     1.415 53109.32590597 29.57 196.137160  62.319851 18.727
 26     2.897 53109.32590662 29.81 196.134650  62.322991 18.727
 26     5.475 53109.32590726 30.08 196.132150  62.326141 18.727
 27     4.045 53144.32594523 32.67 196.154471  62.312817 17.002
 27     3.704 53144.32594587 27.82 196.151961  62.315967 17.002
 27     3.657 53144.32594652 25.68 196.149461  62.319107 17.002
 27     3.626 53144.32594716 25.74 196.146951  62.322257 17.002
 27     3.724 53144.32594781 26.28 196.144451  62.325397 17.002
 27     3.687 53144.32594845 26.85 196.141941  62.328537 17.002
 28     6.431 53179.32596176 18.05 196.159351  62.318484 24.417
 28     5.154 53179.32596241 18.64 196.156841  62.321624 24.417
 28     4.722 53179.32596305 16.22 196.154341  62.324774 24.417
 28     4.561 53179.32596370 15.13 196.151831  62.327914 24.417
 28     4.237 53179.32596434 15.99 196.149321  62.331064 24.417
 28     4.306 53179.32596499 17.69 196.146821  62.334204 24.417
 28     4.408 53179.32596563 19.88 196.144311  62.337344 24.417
 29     2.703 53214.32598261 51.56 196.157765  62.314779 43.393
 29     2.796 53214.32598326 52.21 196.155265  62.317919 43.393
 29     2.644 53214.32598390 51.84 196.152761  62.321068 31.009
 29     2.782 53214.32598454 51.87 196.150251  62.324208 31.009
 29     2.677 53214.32598519 49.17 196.147751  62.327358 31.009
 29     2.604 53214.32598583 46.55 196.145241  62.330498 31.009
 29     2.785 53214.32598648 44.84 196.142731  62.333648 31.009
 30     2.804 53249.32595352 45.54 196.163135  62.322050 30.632
 30     2.581 53249.32595417 33.81 196.160635  62.325190 30.632
 30     2.470 53249.32595481 20.02 196.158125  62.328330 30.632
 30     2.382 53249.32595546 17.96 196.155625  62.331480 30.632
 30     2.206 53249.32595610 20.30 196.153115  62.334620 30.632
 30     2.372 53249.32595675 19.04 196.150615  62.337770 30.632
 30     2.402 53249.32595739 20.31 196.148105  62.340910 30.632
 30     2.381 53249.32595804 25.64 196.145595  62.344060 30.632
 31     1.874 53284.32594635 50.12 196.149818  62.307998 42.312
 31     2.014 53284.32594700 50.91 196.147317  62.311146 33.406
 31     1.975 53284.32594764 50.30 196.144807  62.314286 33.406
 31     1.975 53284.32594829 49.53 196.142307  62.317436 33.406
 31     1.984 53284.32594893 51.20 196.139797  62.320576 33.406
 31     1.834 53284.32594958 52.93 196.137287  62.323726 33.406
 31     1.869 53284.32595022 50.20 196.134787  62.326866 33.406
 32     0.805 53319.32593823 30.96 196.158264  62.319463 10.931
 32     0.808 53319.32593887 33.27 196.155754  62.322613 10.931
 32     0.819 53319.32593951 31.01 196.153254  62.325753 10.931
 32     0.869 53319.32594016 31.88 196.150744  62.328893 10.931
 32     0.907 53319.32594080 30.85 196.148244  62.332043 10.931
 32     0.884 53319.32594145 30.25 196.145734  62.335183 10.931
 32     0.821 53319.32594209 28.73 196.143224  62.338333 10.931
 33     1.408 53354.32590658 26.07 196.164080  62.327117  5.168
 33     1.364 53354.32590722 25.51 196.161570  62.330257  5.168
 33     1.227 53354.32590787 25.38 196.159070  62.333407  5.168
 33     1.258 53354.32590851 24.91 196.156560  62.336547  5.168
 33     1.165 53354.32590916 23.60 196.154060  62.339697  5.168
 33     1.182 53354.32590980 22.41 196.151550  62.342837  5.168
 33     0.987 53354.32591045 21.58 196.149040  62.345977  5.168
 33     1.028 53354.32591109 21.17 196.146530  62.349127  5.168
 34     2.267 53389.32590679 20.80 196.150776  62.310486  3.624
 34     1.728 53389.32590744 21.54 196.148275  62.313632  3.550
 34     1.332 53389.32590808 21.66 196.145775  62.316782  3.550
 34     1.224 53389.32590873 22.54 196.143265  62.319922  3.550
 34     1.176 53389.32590937 22.07 196.140755  62.323062  3.550
 34     1.226 53389.32591002 20.80 196.138255  62.326212  3.550
 35     2.690 53424.32590759 14.89 196.161426  62.323537  2.723
 35     2.369 53424.32590824 14.87 196.158926  62.326677  2.723
 35     1.810 53424.32590888 14.64 196.156416  62.329827  2.723
 35     2.838 53424.32590953 14.27 196.153906  62.332967  2.723
 35     2.415 53424.32591017 14.24 196.151406  62.336117  2.723
 35     1.877 53424.32591082 14.45 196.148896  62.339257  2.723
 35     2.198 53424.32591146 13.76 196.146386  62.342397  2.723
 36     3.679 53459.32591124 14.56 196.154776  62.314565  3.427
 36     1.770 53459.32591188 14.05 196.152276  62.317715  3.427
 36     1.091 53459.32591253 14.47 196.149766  62.320855  3.427
 36     1.088 53459.32591317 14.14 196.147256  62.323995  3.427
 36     0.997 53459.32591382 13.90 196.144756  62.327145  3.427
 36     2.070 53459.32591446 12.99 196.142246  62.330285  3.427
 37     1.754 53494.32599620 30.13 196.151249  62.311690 22.711
 37     1.685 53494.32599685 31.65 196.148749  62.314830 22.711
 37     1.746 53494.32599749 30.34 196.146239  62.317980 22.711
 37     1.620 53494.32599814 32.79 196.143739  62.321120 22.711
 37     1.552 53494.32599878 28.33 196.141229  62.324270 22.711
 37     4.265 53494.32599943 24.50 196.138719  62.327410 22.711
 38     5.026 53529.32597378 43.32 196.160394  62.323049 31.205
 38     4.944 53529.32597442 39.33 196.157894  62.326189 31.205
 38     4.977 53529.32597507 36.68 196.155384  62.329339 31.205
 38     4.957 53529.32597571 33.76 196.152874  62.332479 31.205
 38     4.751 53529.32597636 29.88 196.150374  62.335619 31.205
 38     4.550 53529.32597700 28.66 196.147864  62.338769 31.205
 38     4.795 53529.32597765 29.98 196.145354  62.341909 31.205
 39     6.206 53564.32600289 26.05 196.157642  62.315584 22.666
 39     5.235 53564.32600354 20.53 196.155142  62.318724 22.666
 39     3.440 53564.32600418 20.79 196.152642  62.321874 22.666
 39     3.298 53564.32600483 20.58 196.150132  62.325014 22.666
 39     3.455 53564.32600547 21.60 196.147632  62.328164 22.666
 39     3.716 53564.32600612 23.45 196.145122  62.331304 22.666
 39     3.245 53564.32600676 38.17 196.142622  62.334454 22.666
 40     3.006 53599.32594560 26.40 196.163877  62.322876 29.605
 40     2.745 53599.32594624 20.36 196.161367  62.326016 29.605
 40     2.758 53599.32594689 17.40 196.158867  62.329166 29.605
 40     2.671 53599.32594753 20.12 196.156357  62.332306 29.605
 40     2.679 53599.32594818 20.63 196.153857  62.335446 29.605
 40     2.811 53599.32594882 21.06 196.151347  62.338596 29.605
 40     2.829 53599.32594947 22.27 196.148837  62.341736 29.605
 40     2.817 53599.32595011 25.87 196.146327  62.344886 29.605
 41     5.957 53634.32593923 26.86 196.151837  62.306215 42.195
 41     3.099 53634.32593987 23.88 196.149337  62.309355 42.195
 41     3.073 53634.32594052 23.37 196.146831  62.312503 17.200
 41     3.087 53634.32594116 21.36 196.144321  62.315643 17.200
 41     2.997 53634.32594181 20.02 196.141821  62.318793 17.200
 41     2.855 53634.32594245 20.74 196.139311  62.321933 17.200
 41     3.464 53634.32594310 20.67 196.136801  62.325083 17.200
 42     5.361 53669.32596176 25.39 196.155172  62.311956 26.419
 42     5.469 53669.32596240 22.33 196.152662  62.315105 13.572
 42     5.551 53669.32596305 20.75 196.150162  62.318245 13.572
 42     5.148 53669.32596369 19.35 196.147652  62.321395 13.572
 42     4.676 53669.32596434 18.28 196.145152  62.324535 13.572
 42     3.982 53669.32596498 18.36 196.142642  62.327685 13.572
 42     3.790 53669.32596563 20.89 196.140132  62.330825 13.572
 43     2.043 53704.32590257 23.01 196.163952  62.324061  4.995
 43     1.931 53704.32590322 22.65 196.161442  62.327211  4.995
 43     1.993 53704.32590386 23.59 196.158942  62.330351  4.995
 43     1.896 53704.32590450 22.33 196.156432  62.333501  4.995
 43     1.861 53704.32590515 22.43 196.153922  62.336641  4.995
 43     1.934 53704.32590579 20.15 196.151422  62.339791  4.995
 43     1.947 53704.32590644 19.09 196.148912  62.342931  4.995
 43     1.976 53704.32590708 18.60 196.146402  62.346071  4.995
 44     4.101 53739.32581357 13.89 196.168634  62.333568  2.423
 44     3.628 53739.32581421 13.78 196.166134  62.336708  2.423
 44     2.557 53739.32581486 13.46 196.163624  62.339848  2.423
 44     3.140 53739.32581550 13.34 196.161124  62.342998  2.423
 44     2.218 53739.32581614 13.16 196.158614  62.346138  2.423
 44     2.268 53739.32581679 12.33 196.156104  62.349288  2.423
 44     2.395 53739.32581743 12.30 196.153604  62.352428  2.423
 44     2.817 53739.32581808 11.84 196.151094  62.355578  2.423
 45     4.592 53774.32582965 11.47 196.159393  62.317591  2.845
 45     4.387 53774.32583030 11.80 196.156890  62.320738  2.156
 45     2.271 53774.32583094 10.90 196.154390  62.323888  2.156
 45     2.066 53774.32583159 10.95 196.151880  62.327028  2.156
 45     2.060 53774.32583223 10.91 196.149370  62.330168  2.156
 45     2.212 53774.32583287 10.34 196.146870  62.333318  2.156
 45     1.976 53774.32583352 10.19 196.144360  62.336458  2.156
 46     1.450 53809.32581525 17.36 196.166025  62.326426  4.730
 46     1.491 53809.32581590 16.98 196.163525  62.329576  4.730
 46     1.522 53809.32581654 16.75 196.161015  62.332716  4.730
 46     2.022 53809.32581719 16.62 196.158515  62.335866  4.730
 46     2.051 53809.32581783 15.97 196.156005  62.339006  4.730
 46     1.867 53809.32581847 15.49 196.153495  62.342146  4.730
 46     2.211 53809.32581912 14.57 196.150995  62.345296  4.730
 46     2.030 53809.32581976 14.40 196.148485  62.348436  4.730
 46     1.707 53809.32582041 15.64 196.145975  62.351586  4.730
 48     6.448 53879.32588397 32.28 196.158302  62.314914 30.413
 48     3.948 53879.32588462 32.65 196.155792  62.318054 30.413
 48     3.851 53879.32588526 35.66 196.153282  62.321204 30.413
 48     3.947 53879.32588591 36.15 196.150782  62.324344 30.413
 48     3.825 53879.32588655 37.56 196.148272  62.327494 30.413
 48     3.814 53879.32588720 38.14 196.145772  62.330634 30.413
 48     3.932 53879.32588784 38.55 196.143262  62.333784 30.413
 49     3.937 53914.32593936 18.35 196.152750  62.313276 35.228
 49     4.806 53914.32594000 17.65 196.150246  62.316417 15.375
 49     3.927 53914.32594065 16.92 196.147746  62.319557 15.375
 49     4.009 53914.32594129 16.93 196.145236  62.322707 15.375
 49     4.135 53914.32594193 17.56 196.142736  62.325847 15.375
 49     4.348 53914.32594258 17.50 196.140226  62.328997 15.375
 50     6.087 53949.32595062 20.14 196.153932  62.314648 39.809
 50     3.505 53949.32595126 18.32 196.151425  62.317791 18.113
 50     3.534 53949.32595190 18.87 196.148925  62.320931 18.113
 50     3.513 53949.32595255 18.41 196.146415  62.324081 18.113
 50     4.070 53949.32595319 18.21 196.143915  62.327221 18.113
 50     3.946 53949.32595384 21.16 196.141405  62.330371 18.113
 51     4.040 53984.32589071 44.24 196.161594  62.323045 32.378
 51     4.013 53984.32589136 28.15 196.159094  62.326185 32.378
 51     3.612 53984.32589200 21.97 196.156584  62.329335 32.378
 51     3.493 53984.32589265 22.67 196.154084  62.332475 32.378
 51     3.449 53984.32589329 20.64 196.151574  62.335625 32.378
 51     3.358 53984.32589394 21.51 196.149064  62.338765 32.378
 51     3.526 53984.32589458 21.62 196.146564  62.341915 32.378
 51     3.617 53984.32589523 26.13 196.144054  62.345055 32.378
 52     2.639 54019.32592302 31.43 196.155064  62.311428 42.079
 52     2.690 54019.32592366 27.51 196.152554  62.314568 42.079
 52     2.680 54019.32592431 25.75 196.150046  62.317715 17.422
 52     2.717 54019.32592495 22.52 196.147546  62.320865 17.422
 52     3.338 54019.32592560 19.66 196.145036  62.324005 17.422
 52     3.500 54019.32592624 20.18 196.142536  62.327145 17.422
 52     3.977 54019.32592689 22.60 196.140026  62.330295 17.422
 53     1.298 54054.32591538 31.63 196.161286  62.322170 10.634
 53     1.281 54054.32591602 31.81 196.158786  62.325320 10.634
 53     1.386 54054.32591666 34.24 196.156276  62.328460 10.634
 53     1.284 54054.32591731 35.16 196.153766  62.331600 10.634
 53     1.315 54054.32591795 31.79 196.151266  62.334750 10.634
 53     1.250 54054.32591860 33.89 196.148756  62.337890 10.634
 53     1.409 54054.32591924 32.55 196.146246  62.341040 10.634
 54     1.812 54089.32590642 19.68 196.161256  62.323537  3.326
 54     1.854 54089.32590707 19.57 196.158756  62.326677  3.326
 54     1.913 54089.32590771 18.26 196.156246  62.329827  3.326
 54     1.846 54089.32590836 18.29 196.153746  62.332967  3.326
 54     2.047 54089.32590900 18.11 196.151236  62.336117  3.326
 54     1.952 54089.32590965 17.37 196.148736  62.339257  3.326
 54     1.952 54089.32591029 16.64 196.146226  62.342407  3.326
 55     2.636 54124.32582857 14.69 196.151586  62.311598  2.776
 55     2.011 54124.32582921 15.16 196.149086  62.314738  2.776
 55     2.213 54124.32582986 14.71 196.146576  62.317888  2.776
 55     1.521 54124.32583050 15.32 196.144076  62.321028  2.776
 55     1.383 54124.32583115 14.98 196.141566  62.324168  2.776
 55     1.247 54124.32583179 14.28 196.139056  62.327318  2.776
 56     1.163 54159.32587097 25.16 196.157870  62.317013  8.070
 56     1.303 54159.32587161 27.20 196.155360  62.320153  8.070
 56     1.184 54159.32587226 27.16 196.152860  62.323303  8.070
 56     1.211 54159.32587290 26.57 196.150350  62.326443  8.070
 56     1.248 54159.32587355 25.17 196.147840  62.329583  8.070
 56     1.001 54159.32587419 25.81 196.145340  62.332733  8.070
 56     0.826 54159.32587484 24.76 196.142830  62.335873  8.070
 57     1.079 54194.32583113 31.76 196.152038  62.312077 17.668
 57     1.693 54194.32583177 30.52 196.149528  62.315227 17.668
 57     1.385 54194.32583242 31.21 196.147028  62.318367 17.668
 57     0.940 54194.32583306 30.87 196.144518  62.321517 17.668
 57     0.978 54194.32583370 30.98 196.142008  62.324657 17.668
 57     0.956 54194.32583435 30.60 196.139508  62.327807 17.668
 58     2.857 54229.32588310 43.03 196.157707  62.315214 31.153
 58     2.821 54229.32588375 29.89 196.155197  62.318364 31.153
 58     2.695 54229.32588439 29.27 196.152697  62.321504 31.153
 58     2.693 54229.32588504 26.00 196.150187  62.324644 31.153
 58     2.819 54229.32588568 25.55 196.147687  62.327794 31.153
 58     2.973 54229.32588633 28.09 196.145177  62.330934 31.153
 58     2.913 54229.32588697 32.18 196.142667  62.334084 31.153
 59     6.533 54264.32590108 25.93 196.159047  62.314434 19.204
 59     6.334 54264.32590173 17.67 196.156537  62.317574 19.204
 59     5.181 54264.32590237 17.41 196.154037  62.320724 19.204
 59     5.091 54264.32590302 14.46 196.151527  62.323864 19.204
 59     4.102 54264.32590366 15.22 196.149017  62.327014 19.204
 59     3.387 54264.32590431 15.27 196.146517  62.330154 19.204
 59     3.180 54264.32590495 15.71 196.144007  62.333294 19.204
 60     3.198 54299.32590524 20.21 196.158813  62.317958 15.251
 60     3.190 54299.32590588 17.96 196.156313  62.321098 15.251
 60     2.853 54299.32590653 16.94 196.153803  62.324248 15.251
 60     3.615 54299.32590717 14.92 196.151303  62.327388 15.251
 60     2.785 54299.32590782 16.68 196.148793  62.330538 15.251
 60     2.718 54299.32590846 17.36 196.146293  62.333678 15.251
 60     2.949 54299.32590911 15.11 196.143783  62.336818 15.251
 61     3.726 54334.32589651 39.45 196.159956  62.323238 30.058
 61     3.811 54334.32589715 31.31 196.157456  62.326378 30.058
 61     3.694 54334.32589780 23.74 196.154946  62.329528 30.058
 61     3.084 54334.32589844 23.96 196.152446  62.332668 30.058
 61     2.567 54334.32589909 25.89 196.149936  62.335818 30.058
 61     2.873 54334.32589973 25.50 196.147436  62.338958 30.058
 61     3.436 54334.32590038 24.23 196.144926  62.342108 30.058
 63     2.612 54404.32583990 43.66 196.158378  62.320804 32.763
 63     2.625 54404.32584055 50.17 196.155878  62.323954 32.763
 63     2.711 54404.32584119 50.78 196.153368  62.327094 32.763
 63     2.657 54404.32584184 51.43 196.150868  62.330234 32.763
 63     2.631 54404.32584248 49.93 196.148358  62.333384 32.763
 63     2.656 54404.32584312 51.26 196.145858  62.336524 32.763
 63     2.613 54404.32584377 34.46 196.143348  62.339674 32.763
 64     5.935 54439.32579480 24.61 196.151544  62.306629  5.961
 64     4.703 54439.32579544 24.63 196.149034  62.309769  5.961
 64     3.967 54439.32579609 23.96 196.146534  62.312919  5.961
 64     2.682 54439.32579673 24.41 196.144024  62.316059  5.961
 64     2.292 54439.32579738 23.76 196.141524  62.319209  5.961
 64     2.093 54439.32579802 23.26 196.139014  62.322349  5.961
 64     1.768 54439.32579867 22.99 196.136504  62.325489  5.961
 65     2.921 54474.32582519 20.26 196.159196  62.314324  3.569
 65     1.696 54474.32582584 20.00 196.156696  62.317464  3.569
 65     1.899 54474.32582648 19.95 196.154186  62.320614  3.569
 65     1.755 54474.32582712 19.85 196.151686  62.323754  3.569
 65     1.633 54474.32582777 20.05 196.149176  62.326904  3.569
 65     1.565 54474.32582841 19.26 196.146676  62.330044  3.569
 65     1.534 54474.32582906 18.86 196.144166  62.333194  3.569
 66     2.978 54509.32580787 16.84 196.153766  62.309494  3.559
 66     2.635 54509.32580851 16.45 196.151256  62.312644  3.559
 66     2.453 54509.32580916 16.38 196.148756  62.315784  3.559
 66     1.813 54509.32580980 17.00 196.146246  62.318934  3.559
 66     1.538 54509.32581045 16.50 196.143736  62.322074  3.559
 66     1.580 54509.32581109 16.15 196.141236  62.325224  3.559
 66     1.546 54509.32581174 15.47 196.138726  62.328364  3.559
 67     1.689 54544.32584078 13.74 196.158064  62.320572  4.384
 67     1.442 54544.32584142 13.29 196.155556  62.323720  3.011
 67     1.340 54544.32584207 13.61 196.153056  62.326860  3.011
 67     1.252 54544.32584271 14.21 196.150546  62.330010  3.011
 67     1.390 54544.32584336 13.16 196.148036  62.333150  3.011
 67     1.702 54544.32584400 11.86 196.145536  62.336300  3.011
 68     1.387 54579.32580840 46.80 196.156925  62.315749 41.307
 68     1.436 54579.32580905 46.03 196.154415  62.318899 41.307
 68     1.442 54579.32580969 46.63 196.151915  62.322039 41.307
 68     1.394 54579.32581034 43.08 196.149409  62.325187 20.727
 68     1.326 54579.32581098 39.02 196.146899  62.328327 20.727
 68     1.267 54579.32581163 35.41 196.144399  62.331477 20.727
 68     1.175 54579.32581227 32.76 196.141889  62.334617 20.727
 69     5.522 54614.32583067 28.45 196.158379  62.319831 31.880
 69     5.198 54614.32583131 26.38 196.155871  62.322972 32.524
 69     4.896 54614.32583196 29.69 196.153361  62.326112 32.524
 69     4.797 54614.32583260 29.67 196.150861  62.329262 32.524
 69     4.687 54614.32583325 38.15 196.148351  62.332402 32.524
 69     4.609 54614.32583389 44.05 196.145851  62.335552 32.524
 69     4.664 54614.32583454 48.31 196.143341  62.338692 32.524
 70     3.655 54649.32583915 38.04 196.157473  62.313376 31.102
 70     3.568 54649.32583979 22.74 196.154973  62.316516 31.102
 70     3.471 54649.32584044 19.44 196.152473  62.319666 31.102
 70     3.187 54649.32584108 20.57 196.149963  62.322806 31.102
 70     3.422 54649.32584172 21.03 196.147453  62.325956 31.102
 70     3.663 54649.32584237 24.52 196.144953  62.329096 31.102
 70     3.677 54649.32584301 34.57 196.142443  62.332236 31.102
 71     3.894 54684.32583756 29.86 196.159881  62.321840 38.080
 71     4.952 54684.32583820 15.02 196.157378  62.324991 27.326
 71     4.648 54684.32583885 14.70 196.154868  62.328131 27.326
 71     3.476 54684.32583949 18.01 196.152368  62.331281 27.326
 71     3.418 54684.32584014 17.78 196.149858  62.334421 27.326
 71     3.492 54684.32584078 18.11 196.147348  62.337571 27.326
 71     3.476 54684.32584143 21.54 196.144848  62.340711 27.326
 72     5.123 54719.32578296 28.71 196.154093  62.309573 37.421
 72     3.312 54719.32578361 26.76 196.151583  62.312723 37.421
 72     3.361 54719.32578425 25.49 196.149083  62.315863 37.421
 72     3.163 54719.32578489 23.97 196.146574  62.319009 18.527
 72     2.855 54719.32578554 23.52 196.144064  62.322159 18.527
 72     3.294 54719.32578618 20.29 196.141564  62.325299 18.527
 72     3.732 54719.32578683 22.68 196.139054  62.328439 18.527
 73     2.393 54754.32580988 46.03 196.157740  62.315429 14.441
 73     2.336 54754.32581052 43.74 196.155240  62.318569 14.441
 73     2.408 54754.32581117 41.36 196.152729  62.321716 22.955
 73     2.472 54754.32581181 45.43 196.150229  62.324866 22.955
 73     2.346 54754.32581246 46.44 196.147719  62.328006 22.955
 73     2.456 54754.32581310 45.59 196.145209  62.331146 22.955
 73     2.317 54754.32581374 49.70 196.142709  62.334296 22.955
 74     2.390 54789.32577675 20.75 196.150773  62.311432  4.481
 74     2.239 54789.32577739 22.12 196.148273  62.314572  4.481
 74     2.153 54789.32577804 21.72 196.145763  62.317722  4.481
 74     1.866 54789.32577868 23.00 196.143253  62.320862  4.481
 74     1.888 54789.32577933 25.04 196.140753  62.324012  4.481
 74     1.835 54789.32577997 22.42 196.138243  62.327152  4.481
 75     5.347 54824.32580505 10.76 196.157563  62.313069  3.075
 75     5.219 54824.32580569 11.21 196.155063  62.316209  3.075
 75     3.173 54824.32580633 10.89 196.152552  62.319357  4.017
 75     2.634 54824.32580698 11.01 196.150052  62.322497  4.017
 75     4.033 54824.32580762 10.40 196.147542  62.325647  4.017
 75     2.525 54824.32580827 10.91 196.145032  62.328787  4.017
 75     2.145 54824.32580891 11.50 196.142532  62.331937  4.017
 76     4.810 54859.32576953  9.72 196.153448  62.310271  2.065
 76     4.611 54859.32577017  9.84 196.150938  62.313421  2.065
 76     4.176 54859.32577082  9.86 196.148438  62.316561  2.065
 76     3.832 54859.32577146  9.73 196.145928  62.319711  2.065
 76     3.603 54859.32577211  9.98 196.143418  62.322851  2.065
 76     2.891 54859.32577275  9.36 196.140918  62.325991  2.065
 76     3.216 54859.32577340  9.27 196.138408  62.329141  2.065
 77     5.448 54894.32580756 10.34 196.159349  62.318528  1.776
 77     5.177 54894.32580820 10.64 196.156844  62.321676  2.029
 77     5.064 54894.32580885 10.66 196.154344  62.324826  2.029
 77     4.954 54894.32580949 10.15 196.151834  62.327966  2.029
 77     4.356 54894.32581014 10.55 196.149334  62.331106  2.029
 77     3.831 54894.32581078 10.49 196.146824  62.334256  2.029
 77     3.573 54894.32581143 10.11 196.144324  62.337396  2.029
 78     4.674 54929.32576962  9.59 196.151293  62.312005  2.055
 78     4.492 54929.32577026  9.19 196.148783  62.315155  2.055
 78     4.505 54929.32577091  9.77 196.146283  62.318295  2.055
 78     4.097 54929.32577155  9.54 196.143773  62.321445  2.055
 78     4.116 54929.32577220  9.45 196.141273  62.324585  2.055
 78     3.493 54929.32577284  9.38 196.138763  62.327735  2.055
 79     6.493 54964.32580708 32.89 196.158909  62.314465 35.114
 79     3.681 54964.32580773 28.96 196.156409  62.317605 35.114
 79     4.962 54964.32580837 25.19 196.153902  62.320756 23.969
 79     3.674 54964.32580902 27.19 196.151392  62.323896 23.969
 79     3.527 54964.32580966 28.64 196.148892  62.327046 23.969
 79     4.424 54964.32581031 23.70 196.146382  62.330186 23.969
 79     4.770 54964.32581095 22.66 196.143882  62.333336 23.969
 80     6.289 54999.32582743 27.02 196.158123  62.314838 40.036
 80     5.772 54999.32582807 19.74 196.155623  62.317988 40.036
 80     5.171 54999.32582872 18.50 196.153120  62.321128 24.342
 80     4.939 54999.32582936 16.56 196.150610  62.324268 24.342
 80     4.516 54999.32583001 17.73 196.148110  62.327418 24.342
 80     4.482 54999.32583065 18.05 196.145600  62.330558 24.342
 80     4.565 54999.32583130 20.77 196.143090  62.333708 24.342
 81     6.284 55034.32581414 27.70 196.158644  62.313472 33.447
 81     3.459 55034.32581479 23.70 196.156134  62.316612 33.447
 81     3.249 55034.32581543 26.07 196.153634  62.319762 33.447
 81     3.410 55034.32581607 20.90 196.151124  62.322902 33.447
 81     3.366 55034.32581672 21.69 196.148624  62.326052 33.447
 81     3.396 55034.32581736 21.47 196.146114  62.329192 33.447
 81     3.323 55034.32581801 23.30 196.143608  62.332337 23.976
 82     5.259 55069.32580521 20.09 196.161266  62.322931 36.972
 82     4.948 55069.32580585 18.03 196.158764  62.326073 21.002
 82     2.559 55069.32580650 19.17 196.156254  62.329213 21.002
 82     2.879 55069.32580714 20.29 196.153754  62.332363 21.002
 82     2.500 55069.32580778 23.73 196.151244  62.335503 21.002
 82     2.598 55069.32580843 26.60 196.148734  62.338653 21.002
 82     2.970 55069.32580907 27.28 196.146234  62.341793 21.002
 83     4.776 55104.32574317 24.85 196.152429  62.309624 23.782
 83     2.471 55104.32574382 30.31 196.149919  62.312774 23.782
 83     2.680 55104.32574446 34.40 196.147419  62.315914 23.782
 83     2.661 55104.32574511 33.63 196.144909  62.319054 23.782
 83     2.518 55104.32574575 33.91 196.142399  62.322204 23.782
 83     2.572 55104.32574640 22.89 196.139899  62.325344 23.782
 83     3.377 55104.32574704 21.88 196.137389  62.328494 23.782
 84     1.806 55139.32575124 31.75 196.159629  62.315988  6.172
 84     1.729 55139.32575188 37.98 196.157129  62.319128  6.172
 84     1.642 55139.32575253 36.94 196.154623  62.322275 13.778
 84     1.555 55139.32575317 36.71 196.152113  62.325415 13.778
 84     1.703 55139.32575381 41.09 196.149613  62.328565 13.778
 84     1.661 55139.32575446 41.57 196.147103  62.331705 13.778
 84     1.653 55139.32575510 41.14 196.144603  62.334855 13.778
 85     2.153 55174.32571120 41.01 196.151552  62.311579 11.704
 85     2.177 55174.32571184 33.10 196.149052  62.314729 11.704
 85     2.062 55174.32571249 31.11 196.146542  62.317869 11.704
 85     2.057 55174.32571313 32.79 196.144036  62.321013 12.220
 85     1.973 55174.32571378 32.69 196.141536  62.324163 12.220
 85     1.992 55174.32571442 32.39 196.139026  62.327303 12.220
 86     4.549 55209.32574646 19.54 196.156857  62.315748  6.832
 86     1.909 55209.32574711 19.66 196.154347  62.318888  6.832
 86     1.850 55209.32574775 20.77 196.151843  62.322036  3.489
 86     1.574 55209.32574840 20.73 196.149343  62.325186  3.489
 86     1.630 55209.32574904 20.42 196.146833  62.328326  3.489
 86     1.579 55209.32574969 20.65 196.144323  62.331466  3.489
 86     1.484 55209.32575033 20.22 196.141823  62.334616  3.489
 87     5.100 55244.32571694 15.93 196.153567  62.311271  2.985
 87     3.810 55244.32571758 16.00 196.151057  62.314421  2.985
 87     3.156 55244.32571823 16.10 196.148557  62.317561  2.985
 87     3.169 55244.32571887 16.64 196.146047  62.320701  2.985
 87     1.858 55244.32571952 16.88 196.143537  62.323851  2.985
 87     1.837 55244.32572016 15.82 196.141037  62.326991  2.985
 88     4.094 55279.32574062 10.93 196.160969  62.318349  2.024
 88     2.887 55279.32574126 10.69 196.158466  62.321498  2.365
 88     2.201 55279.32574191 11.51 196.155966  62.324638  2.365
 88     1.811 55279.32574255 11.58 196.153456  62.327788  2.365
 88     1.898 55279.32574320 11.45 196.150956  62.330928  2.365
 88     1.875 55279.32574384 11.04 196.148446  62.334078  2.365
 88     1.557 55279.32574448 11.46 196.145946  62.337218  2.365
 88     1.855 55279.32574513 10.75 196.143436  62.340368  2.365
 89     5.797 55314.32570481  9.90 196.156417  62.316076  3.384
 89     5.226 55314.32570545 11.25 196.153907  62.319216  3.384
 89     5.125 55314.32570610 10.25 196.151407  62.322366  3.384
 89     4.958 55314.32570674  9.79 196.148897  62.325506  3.384
 89     3.879 55314.32570739 13.40 196.146397  62.328656  3.384
 89     3.854 55314.32570803  9.23 196.143887  62.331796  3.384
 90     6.059 55349.32571219 26.73 196.159425  62.321030 20.374
 90     5.596 55349.32571283 23.09 196.156925  62.324170 20.374
 90     5.345 55349.32571348 19.06 196.154415  62.327320 20.374
 90     5.097 55349.32571412 18.27 196.151915  62.330460 20.374
 90     4.437 55349.32571476 19.24 196.149405  62.333610 20.374
 90     3.857 55349.32571541 21.71 196.146905  62.336750 20.374
 90     3.775 55349.32571605 23.45 196.144395  62.339900 20.374
 91     2.885 55384.32570307 50.49 196.152862  62.311835 26.004
 91     2.868 55384.32570371 49.56 196.150352  62.314975 26.004
 91     2.882 55384.32570436 48.59 196.147852  62.318125 26.004
 91     2.854 55384.32570500 39.63 196.145342  62.321265 26.004
 91     2.728 55384.32570565 31.87 196.142842  62.324415 26.004
 91     2.615 55384.32570629 24.24 196.140332  62.327555 26.004
 92     6.351 55419.32572967 31.04 196.159444  62.314045 39.190
 92     3.911 55419.32573032 22.76 196.156944  62.317195 39.190
 92     3.668 55419.32573096 20.72 196.154434  62.320335 39.190
 92     4.203 55419.32573161 16.71 196.151926  62.323484 26.222
 92     3.832 55419.32573225 17.56 196.149426  62.326624 26.222
 92     3.408 55419.32573290 18.30 196.146916  62.329774 26.222
 92     3.234 55419.32573354 19.45 196.144416  62.332914 26.222
 93     3.611 55454.32570934 48.88 196.163540  62.321636 40.963
 93     3.741 55454.32570999 50.56 196.161040  62.324786 40.963
 93     3.640 55454.32571063 50.08 196.158536  62.327928 34.274
 93     3.543 55454.32571128 48.79 196.156026  62.331068 34.274
 93     3.440 55454.32571192 36.23 196.153526  62.334218 34.274
 93     3.238 55454.32571257 25.12 196.151016  62.337358 34.274
 93     2.929 55454.32571321 24.06 196.148506  62.340508 34.274
 93     3.288 55454.32571386 25.26 196.146006  62.343648 34.274
 94     2.045 55489.32563000 45.33 196.166479  62.327873 22.484
 94     1.625 55489.32563064 54.41 196.163979  62.331023 22.484
 94     1.776 55489.32563129 48.33 196.161475  62.334164 41.448
 94     1.691 55489.32563193 52.09 196.158965  62.337304 41.448
 94     1.658 55489.32563258 51.54 196.156465  62.340454 41.448
 94     1.653 55489.32563322 49.56 196.153955  62.343594 41.448
 94     1.714 55489.32563387 50.68 196.151445  62.346744 41.448
 94     1.576 55489.32563451 43.56 196.148945  62.349884 41.448
 94     1.581 55489.32563516 39.71 196.146435  62.353034 41.448
