# NaN NaN NaN ;Mean Elev.(m), Avg Gradient(m/km), RMS Gradient(m/km) - SRTM1     
#   55.852  -0.838   7.204 ;Mean Elev.(m), Avg Gradient(m/km), RMS Gradient(m/km) - ASTER GDEM
#   45.033  -1.790   4.065 ;Mean Elev.(m), Avg Gradient(m/km), RMS Gradient(m/km) - GMTED2010 
  6    50.932 52420.29445110 52.65 205.381285  64.922722 25.626
  6    50.963 52420.29445175 50.60 205.378325  64.925832 25.626
  6    50.793 52420.29445239 47.74 205.375365  64.928932 25.626
  6    50.816 52420.29445304 50.56 205.372405  64.932042 25.626
  6    50.921 52420.29445368 51.39 205.369435  64.935152 25.626
  7    48.629 52455.29447425 13.30 205.390043  64.919549 16.303
  7    48.855 52455.29447490 15.06 205.387083  64.922649 16.303
  7    48.463 52455.29447554 16.55 205.384123  64.925759 16.303
  7    48.163 52455.29447618 19.14 205.381163  64.928869 16.303
  7    48.166 52455.29447683 22.92 205.378193  64.931979 16.303
  7    48.524 52455.29447747 28.37 205.375233  64.935079 16.303
  8    49.295 52490.29444806 50.44 205.404647  64.915503 28.200
  8    48.570 52490.29444870 50.66 205.401687  64.918603 28.200
  8    48.564 52490.29444935 48.28 205.398727  64.921713 28.200
  8    48.624 52490.29444999 43.73 205.395767  64.924823 28.200
  8    48.517 52490.29445064 47.41 205.392807  64.927933 28.200
  8    48.641 52490.29445128 42.06 205.389847  64.931033 28.200
  8    48.393 52490.29445193 40.64 205.386888  64.934139  9.401
 10    46.965 52560.29447712 32.54 205.383064  64.920667 30.730
 10    46.887 52560.29447776 29.49 205.380104  64.923777 30.730
 10    46.851 52560.29447841 31.75 205.377144  64.926887 30.730
 10    46.938 52560.29447905 37.06 205.374174  64.929997 30.730
 10    46.856 52560.29447970 46.46 205.371214  64.933097 30.730
 10    46.965 52560.29448034 49.53 205.368254  64.936207 30.730
 11    44.118 52595.29448473 34.01 205.384781  64.922032 14.209
 11    44.427 52595.29448537 33.54 205.381821  64.925142 14.209
 11    44.590 52595.29448601 41.76 205.378861  64.928242 14.209
 11    44.482 52595.29448666 48.39 205.375901  64.931352 14.209
 11    44.347 52595.29448730 47.70 205.372939  64.934456 12.318
 12    46.425 52630.29441859 23.74 205.380758  64.923002  7.880
 12    46.358 52630.29441923 24.63 205.377798  64.926102  7.880
 12    46.439 52630.29441988 25.65 205.374828  64.929212  7.880
 12    46.397 52630.29442052 28.15 205.371868  64.932322  7.880
 12    46.446 52630.29442117 26.51 205.368908  64.935422  7.880
 14    46.388 52700.29441894 11.12 205.383609  64.920688  3.919
 14    46.865 52700.29441959 10.62 205.380649  64.923798  3.919
 14    47.107 52700.29442023 11.64 205.377679  64.926898  3.919
 14    47.435 52700.29442088 10.96 205.374719  64.930008  3.919
 14    47.721 52700.29442152 10.74 205.371749  64.933117  3.976
 14    47.885 52700.29442217 10.03 205.368789  64.936217  3.976
 15    49.411 52735.29445009  6.42 205.404672  64.916498  5.954
 15    48.986 52735.29445074  6.46 205.401712  64.919608  5.954
 15    49.229 52735.29445138  6.54 205.398752  64.922718  5.954
 15    49.397 52735.29445203  5.52 205.395792  64.925828  5.954
 15    49.420 52735.29445267  5.35 205.392832  64.928938  5.954
 15    50.888 52735.29445332  4.76 205.389872  64.932038  5.954
 16    50.920 52770.29443598 41.71 205.408858  64.915542 24.579
 16    50.255 52770.29443663 40.50 205.405898  64.918652 24.579
 16    50.199 52770.29443727 40.81 205.402938  64.921762 24.579
 16    50.137 52770.29443792 40.58 205.399978  64.924862 24.579
 16    50.071 52770.29443856 40.56 205.397018  64.927972 24.579
 16    50.179 52770.29443920 44.95 205.394058  64.931082 24.579
 17    49.206 52805.29447734 31.64 205.369938  64.927385  8.180
 17    48.666 52805.29447798 32.50 205.366978  64.930495  8.180
 17    48.926 52805.29447863 30.42 205.364018  64.933595  8.180
 17    49.365 52805.29447927 33.59 205.361048  64.936705  8.180
 18    48.899 52840.29453682 49.70 205.383206  64.920893 30.497
 18    49.075 52840.29453746 51.34 205.380246  64.924003 30.497
 18    48.676 52840.29453811 40.33 205.377285  64.927106 16.754
 18    48.798 52840.29453875 48.97 205.374315  64.930216 16.754
 18    48.896 52840.29453940 51.40 205.371355  64.933326 16.754
 18    48.792 52840.29454004 50.36 205.368385  64.936436 16.754
 19    48.681 52875.29457570 44.84 205.386396  64.920174 29.089
 19    48.974 52875.29457634 45.81 205.383436  64.923274 29.089
 19    48.827 52875.29457698 33.94 205.380476  64.926384 29.089
 19    48.048 52875.29457763 27.93 205.377515  64.929488 10.106
 19    47.992 52875.29457827 22.12 205.374545  64.932598 10.106
 19    48.483 52875.29457892 22.58 205.371585  64.935708 10.106
 20    47.555 52910.29454421 49.82 205.410826  64.915051 19.767
 20    47.280 52910.29454485 48.25 205.407866  64.918161 19.767
 20    47.147 52910.29454550 49.92 205.404906  64.921261 19.767
 20    47.125 52910.29454614 50.65 205.401946  64.924371 19.767
 20    47.109 52910.29454679 52.15 205.398986  64.927481 19.767
 20    47.094 52910.29454743 52.52 205.396026  64.930591 19.767
 20    47.070 52910.29454807 41.10 205.393066  64.933691 19.767
 21    45.869 52945.29448947 46.33 205.379581  64.922975 26.117
 21    45.782 52945.29449011 47.57 205.376621  64.926085 26.117
 21    45.694 52945.29449076 48.38 205.373661  64.929195 26.117
 21    45.621 52945.29449140 49.03 205.370690  64.932302 12.451
 21    45.584 52945.29449205 43.68 205.367730  64.935402 12.451
 23    48.611 53015.29453253 10.46 205.399185  64.917597  3.458
 23    47.782 53015.29453318 10.25 205.396225  64.920707  3.458
 23    47.607 53015.29453382 11.79 205.393265  64.923817  3.458
 23    46.622 53015.29453447 11.68 205.390305  64.926917  3.458
 23    46.744 53015.29453511 10.73 205.387345  64.930027  3.458
 23    50.571 53015.29453576 10.60 205.384385  64.933137  3.458
 24    48.205 53050.29450852  9.54 205.380492  64.922057  3.964
 24    48.426 53050.29450917  9.00 205.377532  64.925167  3.964
 24    48.366 53050.29450981  8.97 205.374562  64.928267  3.964
 24    47.712 53050.29451045  9.45 205.371602  64.931377  3.964
 24    48.063 53050.29451110  7.60 205.368632  64.934487  3.964
 25    49.294 53085.29454389  7.95 205.391268  64.919646  3.069
 25    49.131 53085.29454453  7.36 205.388308  64.922756  3.069
 25    48.391 53085.29454517  7.21 205.385348  64.925866  3.069
 25    48.823 53085.29454582  6.58 205.382388  64.928976  3.069
 25    47.441 53085.29454646  7.29 205.379428  64.932076  3.069
 25    49.967 53085.29454711  6.33 205.376468  64.935186  3.069
 26    45.975 53120.29451527 35.02 205.377661  64.923746 27.108
 26    45.906 53120.29451592 34.94 205.374701  64.926856 27.108
 26    45.776 53120.29451656 34.49 205.371741  64.929956 27.108
 26    45.790 53120.29451721 29.11 205.368771  64.933066 27.108
 26    47.352 53120.29451785 25.61 205.365805  64.936176  7.588
 27    50.509 53155.29456812 50.58 205.379358  64.921985 31.466
 27    50.452 53155.29456876 50.58 205.376398  64.925085 31.466
 27    50.603 53155.29456941 43.75 205.373428  64.928195 31.466
 27    50.476 53155.29457005 42.85 205.370471  64.931300 13.838
 27    50.547 53155.29457070 46.33 205.367511  64.934410 13.838
 28    49.181 53190.29455741 50.96 205.398540  64.918402 24.286
 28    49.155 53190.29455805 50.61 205.395580  64.921512 24.286
 28    49.079 53190.29455870 37.31 205.392620  64.924612 24.286
 28    48.766 53190.29455934 35.96 205.389660  64.927722 24.286
 28    48.889 53190.29455999 37.17 205.386695  64.930828 13.199
 28    48.129 53190.29456063 36.10 205.383735  64.933938 13.199
 29    48.845 53225.29456588 50.85 205.403032  64.916023 32.898
 29    48.414 53225.29456652 49.69 205.400072  64.919133 32.898
 29    48.344 53225.29456717 53.08 205.397112  64.922243 32.898
 29    48.248 53225.29456781 45.16 205.394152  64.925343 32.898
 29    48.395 53225.29456846 40.86 205.391192  64.928453 32.898
 29    48.157 53225.29456910 48.34 205.388232  64.931563 32.898
 29    48.306 53225.29456975 48.59 205.385272  64.934673 32.898
 30    47.412 53260.29454065 48.87 205.402226  64.917361 30.192
 30    46.767 53260.29454129 52.91 205.399266  64.920471 30.192
 30    46.713 53260.29454194 51.46 205.396316  64.923581 30.192
 30    46.615 53260.29454258 47.94 205.393356  64.926681 30.192
 30    46.593 53260.29454322 53.08 205.390396  64.929791 30.192
 30    46.699 53260.29454387 51.75 205.387426  64.932901 30.192
 32    46.409 53330.29454297 24.83 205.394611  64.918824 12.872
 32    46.241 53330.29454361 26.08 205.391651  64.921924 12.872
 32    46.039 53330.29454426 28.58 205.388691  64.925034 12.872
 32    46.056 53330.29454490 27.97 205.385731  64.928144 12.872
 32    45.947 53330.29454555 26.92 205.382771  64.931244 12.872
 32    45.937 53330.29454619 25.06 205.379811  64.934354 12.872
 33    48.381 53365.29449062 10.25 205.412449  64.913268  4.599
 33    47.491 53365.29449126  9.81 205.409489  64.916378  4.599
 33    48.017 53365.29449191  9.53 205.406529  64.919488  4.599
 33    47.975 53365.29449255  9.67 205.403569  64.922588  4.599
 33    46.725 53365.29449320 10.52 205.400609  64.925698  4.599
 33    46.980 53365.29449384 10.59 205.397649  64.928808  4.599
 33    47.662 53365.29449448 12.20 205.394689  64.931918  4.599
 34    49.550 53400.29451806  8.13 205.384708  64.920849  2.807
 34    49.309 53400.29451870  7.93 205.381748  64.923959  2.807
 34    47.438 53400.29451935  8.38 205.378788  64.927069  2.807
 34    47.310 53400.29451999  7.07 205.375828  64.930169  2.807
 34    50.395 53400.29452064  6.78 205.372858  64.933279  2.807
 34    50.866 53400.29452128  6.50 205.369898  64.936389  2.807
 35    49.931 53435.29450619 10.53 205.407969  64.914444  3.314
 35    48.842 53435.29450684 10.34 205.405009  64.917554  3.314
 35    48.813 53435.29450748 10.81 205.402049  64.920654  3.314
 35    48.527 53435.29450813 10.95 205.399089  64.923764  3.314
 35    47.144 53435.29450877 11.03 205.396129  64.926874  3.314
 35    46.887 53435.29450942 10.37 205.393169  64.929984  3.314
 35    47.117 53435.29451006 10.44 205.390209  64.933084  3.314
 36    50.556 53470.29455496  7.32 205.376771  64.924089  2.311
 36    49.526 53470.29455561  7.32 205.373811  64.927189  2.311
 36    50.084 53470.29455625  7.01 205.370841  64.930299  2.311
 36    49.666 53470.29455689  6.26 205.367881  64.933409  2.311
 36    48.991 53470.29455754  5.76 205.364921  64.936509  2.311
 38    50.102 53540.29459378 49.22 205.391684  64.918975 19.229
 38    50.162 53540.29459442 46.86 205.388724  64.922085 19.229
 38    49.556 53540.29459506 38.62 205.385764  64.925195 19.229
 38    49.393 53540.29459571 36.77 205.382804  64.928295 19.229
 38    49.517 53540.29459635 35.09 205.379844  64.931405 19.229
 38    49.522 53540.29459700 33.05 205.376874  64.934515 19.229
 39    49.777 53575.29458695 51.83 205.398446  64.917215 26.705
 39    49.029 53575.29458760 53.15 205.395486  64.920315 26.705
 39    49.087 53575.29458824 54.59 205.392526  64.923425 26.705
 39    48.961 53575.29458888 49.44 205.389566  64.926535 26.705
 39    49.097 53575.29458953 51.65 205.386606  64.929645 26.705
 39    49.012 53575.29459017 50.38 205.383646  64.932745 26.705
 40    48.554 53610.29453689 48.57 205.409525  64.913892 30.511
 40    48.280 53610.29453754 46.32 205.406575  64.917002 30.511
 40    48.060 53610.29453818 45.50 205.403615  64.920102 30.511
 40    47.940 53610.29453882 44.23 205.400655  64.923212 30.511
 40    48.008 53610.29453947 41.75 205.397695  64.926322 30.511
 40    47.855 53610.29454011 42.51 205.394735  64.929432 30.511
 40    47.921 53610.29454076 45.86 205.391775  64.932532 30.511
 41    48.233 53645.29454275 51.80 205.377717  64.923208 31.585
 41    48.189 53645.29454339 54.53 205.374757  64.926318 31.585
 41    48.256 53645.29454404 51.22 205.371797  64.929418 31.585
 41    48.261 53645.29454468 51.75 205.368827  64.932528 31.585
 41    48.195 53645.29454533 51.70 205.365867  64.935638 31.585
 42    45.733 53680.29455852 34.63 205.391272  64.918546 21.994
 42    45.883 53680.29455917 36.01 205.388312  64.921656 21.994
 42    45.872 53680.29455981 37.32 205.385352  64.924756 21.994
 42    45.932 53680.29456046 43.45 205.382392  64.927866 21.994
 42    45.975 53680.29456110 45.74 205.379432  64.930976 21.994
 42    45.946 53680.29456175 41.13 205.376472  64.934076 21.994
 43    48.090 53715.29448547 23.82 205.409322  64.915704  9.802
 43    47.901 53715.29448612 25.31 205.406362  64.918814  9.802
 43    47.703 53715.29448676 25.57 205.403402  64.921914  9.802
 43    47.616 53715.29448741 25.52 205.400442  64.925024  9.802
 43    47.704 53715.29448805 24.40 205.397482  64.928134  9.802
 43    47.756 53715.29448869 22.62 205.394522  64.931244  9.802
 44    46.988 53750.29440388 16.52 205.381807  64.921489  5.575
 44    46.922 53750.29440453 17.14 205.378847  64.924599  5.575
 44    46.833 53750.29440517 18.13 205.375877  64.927709  5.575
 44    46.890 53750.29440581 17.34 205.372917  64.930809  5.575
 44    46.719 53750.29440646 16.88 205.369947  64.933919  5.575
 44    46.713 53750.29440710 15.35 205.366987  64.937029  5.575
 45    47.077 53785.29443295 11.83 205.402059  64.917320  4.150
 45    47.420 53785.29443359 12.74 205.399099  64.920420  4.150
 45    47.729 53785.29443424 12.92 205.396139  64.923530  4.150
 45    47.224 53785.29443488 12.41 205.393179  64.926640  4.150
 45    47.649 53785.29443553 12.71 205.390219  64.929750  4.150
 45    48.133 53785.29443617 11.51 205.387259  64.932850  4.150
 46    46.919 53820.29438991  9.55 205.422063  64.910471  3.368
 46    46.677 53820.29439056  9.76 205.419103  64.913581  3.368
 46    47.746 53820.29439120  8.77 205.416153  64.916691  3.368
 46    46.930 53820.29439185 10.74 205.413193  64.919801  3.368
 46    48.207 53820.29439249  9.03 205.410233  64.922901  3.368
 46    47.301 53820.29439314 10.61 205.407273  64.926011  3.368
 46    47.544 53820.29439378  8.68 205.404313  64.929121  3.368
 47    45.402 53855.29447762  6.03 205.378655  64.922545  5.862
 47    46.394 53855.29447827  3.99 205.375685  64.925655  5.862
 47    46.293 53855.29447891  4.13 205.372725  64.928765  5.862
 47    46.553 53855.29447956  3.62 205.369765  64.931865  5.862
 47    57.929 53855.29448020  4.58 205.366795  64.934975  5.862
 48    49.527 53890.29448618 15.65 205.399367  64.916192 16.662
 48    49.383 53890.29448683 17.86 205.396407  64.919292 16.662
 48    49.127 53890.29448747 20.86 205.393447  64.922402 16.662
 48    49.737 53890.29448812 18.29 205.390487  64.925512 16.662
 48    49.334 53890.29448876 23.58 205.387527  64.928612 16.662
 48    50.212 53890.29448940 26.15 205.384567  64.931722 16.662
 48    52.011 53890.29449005 23.45 205.381597  64.934832 16.662
 49    49.662 53925.29455315 52.51 205.374206  64.925101 30.559
 49    49.663 53925.29455379 50.00 205.371246  64.928211 30.559
 49    49.367 53925.29455444 51.56 205.368286  64.931311 30.559
 49    49.482 53925.29455508 51.24 205.365326  64.934421 30.559
 50    48.631 53960.29453988 49.74 205.392395  64.919392 21.869
 50    48.485 53960.29454052 45.20 205.389435  64.922492 21.869
 50    48.494 53960.29454117 38.77 205.386475  64.925602 21.869
 50    48.045 53960.29454181 32.49 205.383515  64.928712 21.869
 50    47.737 53960.29454245 30.27 205.380555  64.931822 21.869
 50    48.192 53960.29454310 25.82 205.377595  64.934922 21.869
 51    47.839 53995.29447866 53.43 205.364828  64.929563 27.142
 51    47.790 53995.29447930 49.98 205.361858  64.932673 27.142
 51    47.732 53995.29447995 52.13 205.358898  64.935783 27.142
 52    46.723 54030.29453281 50.96 205.383287  64.921735 27.467
 52    46.812 54030.29453345 53.69 205.380327  64.924835 27.467
 52    46.756 54030.29453410 48.51 205.377367  64.927945 27.467
 52    46.679 54030.29453474 49.06 205.374397  64.931055 27.467
 52    46.742 54030.29453539 51.85 205.371437  64.934155 27.467
 53    46.646 54065.29452492 21.54 205.402345  64.916078  7.336
 53    46.641 54065.29452556 21.25 205.399385  64.919188  7.336
 53    46.401 54065.29452621 22.74 205.396425  64.922298  7.336
 53    46.254 54065.29452685 23.22 205.393465  64.925408  7.336
 53    46.410 54065.29452750 23.29 205.390505  64.928508  7.336
 53    46.498 54065.29452814 20.76 205.387535  64.931618  7.336
 53    46.261 54065.29452879 18.54 205.384575  64.934728  7.336
 54    46.994 54100.29448908 18.59 205.406410  64.915816  6.576
 54    46.966 54100.29448972 19.37 205.403450  64.918926  6.576
 54    46.941 54100.29449037 20.62 205.400490  64.922036  6.576
 54    46.837 54100.29449101 21.03 205.397530  64.925136  6.576
 54    46.836 54100.29449166 21.96 205.394570  64.928246  6.576
 54    47.008 54100.29449230 21.39 205.391610  64.931356  6.576
 55    46.225 54135.29445258 16.69 205.380009  64.922618  6.218
 55    46.091 54135.29445323 18.06 205.377039  64.925728  6.218
 55    46.023 54135.29445387 17.88 205.374079  64.928838  6.218
 55    46.190 54135.29445451 16.00 205.371119  64.931938  6.218
 55    45.926 54135.29445516 18.18 205.368149  64.935048  6.218
 57    45.329 54205.29445770 28.09 205.375903  64.925261 16.107
 57    45.296 54205.29445835 28.87 205.372943  64.928371 16.107
 57    45.213 54205.29445899 26.60 205.369983  64.931481 16.107
 57    45.292 54205.29445964 25.52 205.367013  64.934591 16.107
 58    48.159 54240.29449005 47.05 205.392983  64.918993 31.335
 58    47.420 54240.29449069 46.50 205.390023  64.922103 31.335
 58    47.379 54240.29449133 43.53 205.387063  64.925213 31.335
 58    47.259 54240.29449198 37.87 205.384103  64.928323 31.335
 58    47.338 54240.29449262 44.42 205.381133  64.931423 31.335
 58    47.213 54240.29449327 50.08 205.378173  64.934533 31.335
 59    49.036 54275.29450604 47.23 205.393597  64.919195 30.461
 59    49.305 54275.29450669 50.64 205.390637  64.922305 30.461
 59    49.106 54275.29450733 46.66 205.387677  64.925415 30.461
 59    48.911 54275.29450798 35.44 205.384717  64.928525 30.461
 59    48.653 54275.29450862 29.69 205.381747  64.931625 30.461
 59    48.732 54275.29450926 25.20 205.378787  64.934735 30.461
 61    48.972 54345.29448157 52.93 205.409536  64.914928 26.523
 61    48.756 54345.29448221 49.24 205.406576  64.918038 26.523
 61    48.499 54345.29448286 47.36 205.403616  64.921138 26.523
 61    48.444 54345.29448350 51.69 205.400656  64.924248 26.523
 61    48.504 54345.29448415 47.90 205.397696  64.927358 26.523
 61    48.367 54345.29448479 39.66 205.394736  64.930468 26.523
 61    48.411 54345.29448544 39.78 205.391776  64.933568 26.523
 62    47.185 54380.29444442 50.81 205.383045  64.922276 35.110
 62    47.455 54380.29444507 49.21 205.380085  64.925386 35.110
 62    47.201 54380.29444571 42.80 205.377115  64.928486 35.110
 62    47.070 54380.29444636 48.19 205.374155  64.931596 35.110
 62    47.136 54380.29444700 52.22 205.371195  64.934706 35.110
 63    47.521 54415.29443045 24.08 205.400516  64.916079 11.288
 63    47.440 54415.29443109 24.08 205.397556  64.919189 11.288
 63    47.439 54415.29443174 30.68 205.394596  64.922299 11.288
 63    47.294 54415.29443238 27.61 205.391636  64.925409 11.288
 63    47.063 54415.29443303 24.77 205.388676  64.928509 11.288
 63    47.232 54415.29443367 23.49 205.385716  64.931619 11.288
 63    47.276 54415.29443432 22.61 205.382756  64.934729 11.288
 64    47.037 54450.29441236 12.41 205.379136  64.922340  3.821
 64    46.727 54450.29441301 14.37 205.376166  64.925440  3.821
 64    46.865 54450.29441365 13.16 205.373206  64.928550  3.821
 64    47.139 54450.29441429 13.68 205.370246  64.931660  3.821
 64    47.143 54450.29441494 13.58 205.367276  64.934760  3.821
 65    47.138 54485.29442651 12.80 205.394089  64.919272  3.711
 65    47.153 54485.29442715 12.02 205.391129  64.922382  3.711
 65    47.084 54485.29442780 12.75 205.388169  64.925482  3.711
 65    46.838 54485.29442844 14.42 205.385209  64.928592  3.711
 65    48.005 54485.29442909 12.62 205.382249  64.931702  3.711
 65    47.902 54485.29442973 12.90 205.379279  64.934812  3.711
 66    47.207 54520.29442513 10.80 205.386677  64.919682  2.662
 66    47.189 54520.29442578 11.52 205.383717  64.922792  2.662
 66    46.752 54520.29442642 12.04 205.380756  64.925895  3.097
 66    46.745 54520.29442707 11.70 205.377796  64.929005  3.097
 66    48.019 54520.29442771 11.08 205.374826  64.932115  3.097
 66    47.361 54520.29442835 10.20 205.371866  64.935225  3.097
 67    47.308 54555.29443671  8.65 205.404832  64.915161  2.394
 67    47.514 54555.29443736  9.36 205.401882  64.918261  2.394
 67    48.077 54555.29443800  9.04 205.398922  64.921371  2.394
 67    48.080 54555.29443865  9.12 205.395962  64.924481  2.394
 67    49.347 54555.29443929  8.60 205.393002  64.927591  2.394
 67    49.320 54555.29443993  8.78 205.390042  64.930691  2.394
 67    51.059 54555.29444058  8.19 205.387081  64.933798  2.959
 68    46.549 54590.29442141 26.42 205.387428  64.920651 24.008
 68    46.135 54590.29442206 27.17 205.384468  64.923751 24.008
 68    46.333 54590.29442270 28.71 205.381510  64.926858 12.209
 68    46.161 54590.29442335 25.86 205.378550  64.929968 12.209
 68    46.056 54590.29442399 24.07 205.375580  64.933078 12.209
 68    58.872 54590.29442464 19.22 205.372620  64.936178 12.209
 69    49.301 54625.29443701 50.52 205.397274  64.917202 35.210
 69    49.149 54625.29443766 55.21 205.394314  64.920312 35.210
 69    49.246 54625.29443830 54.48 205.391354  64.923422 35.210
 69    49.309 54625.29443894 46.68 205.388394  64.926522 35.210
 69    49.170 54625.29443959 50.90 205.385434  64.929630 14.999
 69    49.053 54625.29444023 52.05 205.382464  64.932740 14.999
 70    49.221 54660.29444600 44.52 205.389260  64.919913 26.328
 70    49.039 54660.29444665 48.44 205.386300  64.923013 26.328
 70    49.485 54660.29444729 37.97 205.383340  64.926123 26.328
 70    48.883 54660.29444794 28.51 205.380382  64.929228  9.791
 70    48.945 54660.29444858 28.84 205.377422  64.932338  9.791
 70    49.070 54660.29444923 36.22 205.374452  64.935448  9.791
 71    49.586 54695.29442376 52.01 205.401967  64.917362 36.857
 71    49.614 54695.29442441 52.62 205.399007  64.920462 36.857
 71    49.419 54695.29442505 52.84 205.396047  64.923572 36.857
 71    49.568 54695.29442570 50.71 205.393087  64.926682 36.857
 71    49.422 54695.29442634 51.76 205.390127  64.929792 36.857
 71    49.530 54695.29442699 52.87 205.387167  64.932892 36.857
 72    47.954 54730.29440170 53.62 205.383255  64.922189 30.562
 72    48.002 54730.29440235 54.42 205.380295  64.925299 30.562
 72    47.877 54730.29440299 53.12 205.377333  64.928403 16.928
 72    47.975 54730.29440364 52.01 205.374363  64.931513 16.928
 72    47.956 54730.29440428 52.30 205.371403  64.934623 16.928
 73    47.506 54765.29440217 39.34 205.394775  64.917462 16.039
 73    47.561 54765.29440281 45.51 205.391815  64.920572 16.039
 73    47.467 54765.29440346 43.41 205.388855  64.923682 16.039
 73    47.466 54765.29440410 46.95 205.385895  64.926782 16.039
 73    47.314 54765.29440475 46.30 205.382935  64.929892 16.039
 73    47.316 54765.29440539 43.58 205.379976  64.932995 10.050
 74    47.494 54800.29439594 30.65 205.376352  64.924789  6.830
 74    47.408 54800.29439658 30.00 205.373392  64.927889  6.830
 74    47.316 54800.29439723 26.00 205.370432  64.930999  6.830
 74    47.336 54800.29439787 22.51 205.367462  64.934109  6.830
 74    47.378 54800.29439852 17.87 205.364502  64.937209  6.830
 75    47.421 54835.29439418 11.24 205.393434  64.919892  3.484
 75    47.498 54835.29439482 10.71 205.390474  64.923002  3.484
 75    47.097 54835.29439547 11.29 205.387514  64.926112  3.484
 75    47.083 54835.29439611 11.09 205.384554  64.929212  3.484
 75    50.291 54835.29439675 10.58 205.381589  64.932318  2.697
 75    50.547 54835.29439740  9.24 205.378629  64.935428  2.697
 76    47.208 54870.29439314  8.87 205.378912  64.923683  3.398
 76    47.476 54870.29439379  8.81 205.375952  64.926793  3.398
 76    47.653 54870.29439443  7.48 205.372982  64.929903  3.398
 76    46.726 54870.29439508 10.12 205.370022  64.933013  3.398
 76    46.856 54870.29439572 10.83 205.367062  64.936113  3.398
 77    51.159 54905.29440149  5.54 205.405275  64.914732  2.115
 77    50.682 54905.29440213  5.74 205.402315  64.917832  2.115
 77    50.346 54905.29440278  5.72 205.399355  64.920942  2.115
 77    49.219 54905.29440342  6.06 205.396395  64.924052  2.115
 77    48.802 54905.29440407  5.96 205.393435  64.927162  2.115
 77    48.772 54905.29440471  5.30 205.390475  64.930262  2.115
 77    48.754 54905.29440536  5.58 205.387512  64.933369  2.397
 78    50.444 54940.29438434  5.83 205.384537  64.920503  3.773
 78    50.143 54940.29438498  5.48 205.381577  64.923613  3.773
 78    49.311 54940.29438563  6.15 205.378617  64.926723  3.773
 78    48.411 54940.29438627  5.87 205.375657  64.929823  3.773
 78    48.601 54940.29438692  5.17 205.372687  64.932933  3.773
 78    48.599 54940.29438756  4.56 205.369725  64.936035  2.228
 79    49.147 54975.29441390 51.96 205.388801  64.920444 31.590
 79    49.267 54975.29441455 53.00 205.385841  64.923544 31.590
 79    49.091 54975.29441519 49.24 205.382878  64.926652 15.683
 79    48.952 54975.29441584 47.80 205.379908  64.929762 15.683
 79    48.988 54975.29441648 48.84 205.376948  64.932872 15.683
 79    49.098 54975.29441713 49.19 205.373988  64.935972 15.683
 80    49.681 55010.29442457 14.01 205.396907  64.917454 23.421
 80    49.589 55010.29442522 15.83 205.393947  64.920564 23.421
 80    49.891 55010.29442586 17.77 205.390987  64.923674 23.421
 80    50.566 55010.29442651 18.04 205.388027  64.926774 23.421
 80    50.558 55010.29442715 22.59 205.385067  64.929884 23.421
 80    51.267 55010.29442780 23.72 205.382105  64.932990  9.965
 81    47.952 55045.29441558 48.17 205.393310  64.917727 33.800
 81    48.370 55045.29441622 47.23 205.390350  64.920837 33.800
 81    47.663 55045.29441686 50.83 205.387390  64.923947 33.800
 81    47.802 55045.29441751 42.69 205.384430  64.927047 33.800
 81    47.699 55045.29441815 44.87 205.381466  64.930153 15.227
 81    47.707 55045.29441880 42.38 205.378506  64.933263 15.227
 82    48.711 55080.29438968 53.87 205.406833  64.915420 34.751
 82    48.153 55080.29439032 48.45 205.403873  64.918530 34.751
 82    48.212 55080.29439097 51.99 205.400913  64.921630 34.751
 82    48.006 55080.29439161 50.65 205.397953  64.924740 34.751
 82    48.022 55080.29439226 52.41 205.394993  64.927850 34.751
 82    48.020 55080.29439290 52.89 205.392033  64.930960 34.751
 82    47.965 55080.29439355 48.59 205.389073  64.934060 34.751
 83    47.004 55115.29434837 45.21 205.386017  64.920941 26.360
 83    47.276 55115.29434902 50.13 205.383057  64.924041 26.360
 83    47.022 55115.29434966 49.20 205.380097  64.927151 26.360
 83    46.867 55115.29435030 50.53 205.377132  64.930253 13.947
 83    46.749 55115.29435095 53.10 205.374162  64.933363 13.947
 83    46.871 55115.29435159 48.04 205.371202  64.936473 13.947
 84    46.921 55150.29434736 21.22 205.392523  64.919953  4.195
 84    46.780 55150.29434800 22.68 205.389563  64.923063  4.195
 84    46.899 55150.29434864 22.73 205.386603  64.926163  4.195
 84    46.747 55150.29434929 23.42 205.383643  64.929273  4.195
 84    46.359 55150.29434993 24.50 205.380679  64.932377  6.532
 84    46.138 55150.29435058 24.45 205.377719  64.935487  6.532
 85    47.453 55185.29433323 21.01 205.380266  64.922033  3.738
 85    47.260 55185.29433387 20.72 205.377301  64.925136  7.481
 85    47.002 55185.29433452 21.91 205.374341  64.928246  7.481
 85    46.958 55185.29433516 22.73 205.371381  64.931356  7.481
 85    46.954 55185.29433581 23.09 205.368411  64.934466  7.481
 86    46.899 55220.29434491 12.92 205.397002  64.917712  2.933
 86    46.897 55220.29434555 13.85 205.394042  64.920822  2.933
 86    46.850 55220.29434620 14.16 205.391082  64.923932  2.933
 86    46.593 55220.29434684 14.28 205.388122  64.927032  2.933
 86    46.448 55220.29434749 15.64 205.385162  64.930142  2.933
 86    46.512 55220.29434813 14.54 205.382200  64.933248  4.893
 87    48.061 55255.29432905 12.47 205.384564  64.922186  2.415
 87    47.055 55255.29432970 12.71 205.381608  64.925288  3.506
 87    47.198 55255.29433034 12.79 205.378648  64.928398  3.506
 87    47.418 55255.29433099 13.23 205.375678  64.931508  3.506
 87    47.875 55255.29433163 12.49 205.372718  64.934618  3.506
 88    45.988 55290.29433331 10.14 205.407241  64.914145  3.524
 88    45.303 55290.29433395 13.67 205.404281  64.917255  3.524
 88    46.629 55290.29433460 11.86 205.401321  64.920355  3.524
 88    46.661 55290.29433524 11.82 205.398371  64.923465  3.524
 88    46.346 55290.29433588 11.28 205.395411  64.926575  3.524
 88    49.904 55290.29433653 10.06 205.392451  64.929685  3.524
 88    47.536 55290.29433717  8.92 205.389481  64.932785  3.524
 89    53.135 55325.29431484 41.54 205.389048  64.920566 30.241
 89    53.169 55325.29431548 43.04 205.386088  64.923676 30.241
 89    53.193 55325.29431613 48.59 205.383128  64.926776 30.241
 89    53.085 55325.29431677 46.46 205.380167  64.929883 14.458
 89    53.103 55325.29431741 46.05 205.377207  64.932993 14.458
 89    53.127 55325.29431806 41.48 205.374237  64.936103 14.458
 90    48.163 55360.29431109 33.12 205.398292  64.916373 31.955
 90    48.231 55360.29431174 33.46 205.395332  64.919483 31.955
 90    48.082 55360.29431238 32.78 205.392372  64.922593 31.955
 90    48.051 55360.29431303 31.00 205.389412  64.925703 31.955
 90    47.676 55360.29431367 26.15 205.386452  64.928803 31.955
 90    52.049 55360.29431431 20.16 205.383494  64.931910 10.594
 90    52.149 55360.29431496 26.42 205.380534  64.935020 10.594
 91    50.522 55395.29431766 42.49 205.384502  64.921179 24.304
 91    50.883 55395.29431830 39.41 205.381542  64.924289 24.304
 91    50.312 55395.29431895 29.13 205.378577  64.927393 12.277
 91    49.614 55395.29431959 25.92 205.375617  64.930503 12.277
 91    49.669 55395.29432024 25.04 205.372657  64.933613 12.277
 91    50.496 55395.29432088 32.99 205.369687  64.936713 12.277
 92    49.374 55430.29432687 50.73 205.395146  64.917273 35.494
 92    49.510 55430.29432752 54.70 205.392186  64.920383 35.494
 92    49.645 55430.29432816 52.14 205.389226  64.923493 35.494
 92    49.303 55430.29432881 51.80 205.386266  64.926593 35.494
 92    49.222 55430.29432945 52.60 205.383306  64.929703 35.494
 92    49.215 55430.29433010 51.89 205.380342  64.932808 12.748
 92    49.370 55430.29433074 48.80 205.377372  64.935918 12.748
 93    47.829 55465.29428734 25.00 205.412302  64.914052 13.317
 93    47.798 55465.29428799 20.96 205.409342  64.917162 13.317
 93    47.394 55465.29428863 21.73 205.406382  64.920272 13.317
 93    47.186 55465.29428928 23.29 205.403422  64.923372 13.317
 93    47.402 55465.29428992 23.93 205.400462  64.926482 13.317
 93    47.698 55465.29429057 23.92 205.397502  64.929592 13.317
 93    47.622 55465.29429121 29.83 205.394542  64.932702 13.317
