-174244.038   254.111     0.00   14.90
-173863.433   239.906   -37.33   23.64
-173482.910   227.068   -33.74   23.20
-173102.469   214.120   -34.04   13.95
-172722.111   211.868    -5.92    9.76
-172341.835   221.628    25.67   19.69
-171961.641   238.511    44.41   26.61
-171581.529   264.968    69.61   35.52
-171201.499   289.702    65.09   42.01
-170821.551   319.032    77.20   46.98
-170441.685   352.957    89.32   58.62
-170061.901   392.149   103.21   65.69
-169682.199   428.516    95.79   62.45
-169302.578   476.479   126.36   63.91
-168923.040   491.677    40.05   65.19
-168543.583   483.660   -21.13   71.94
-168164.207   448.638   -92.32   80.32
-167784.913   391.223  -151.39   63.98
-167405.701   349.634  -109.69   36.32
-167026.570   322.085   -72.67   27.27
-166647.520   304.170   -47.27   30.64
-166268.552   280.126   -63.45   41.72
-165889.665   254.527   -67.57   45.65
-165510.860   227.632   -71.01   34.60
-165132.135   211.228   -43.32   18.87
-164753.492   207.632    -9.50   13.40
-164374.930   210.882     8.59   15.33
-163996.449   216.895    15.89   15.95
-163618.049   226.255    24.74   19.73
-163239.730   240.745    38.30   24.07
-162861.491   255.570    39.20   27.13
-162483.334   274.602    50.33   26.10
-162105.257   293.553    50.13   27.50
-161727.262   319.663    69.08   34.32
-161349.346   339.129    51.51   30.97
-160971.512   346.958    20.72   24.87
-160593.758   344.209    -7.28   27.53
-160216.084   323.716   -54.27   38.51
-159838.491   299.787   -63.38   42.55
-159460.979   275.149   -65.27   36.91
-159083.547   263.670   -30.42   31.15
-158706.195   271.266    20.13   46.48
-158328.924   290.516    51.03   58.24
-157951.732   305.750    40.39   56.38
-157574.621   305.766     0.04   55.28
-157197.590   287.053   -49.64   49.14
-156820.639   275.787   -29.89   34.21
-156443.769   287.117    30.07   42.16
-156066.978   315.387    75.04   51.81
-155690.267   348.372    87.57   37.24
-155313.636   352.457    10.85   30.46
-154937.085   330.436   -58.49   45.09
-154560.613   290.766  -105.39   49.27
-154184.222   257.892   -87.35   34.08
-153807.910   248.895   -23.91   25.83
-153431.677   259.769    28.91   37.27
-153055.524   276.937    45.64   39.80
-152679.451   283.728    18.06   34.58
-152303.457   281.737    -5.30   34.65
-151927.543   291.581    26.19   50.27
-151551.708   317.415    68.75   61.91
-151175.952   352.670    93.84   54.41
-150800.276   368.781    42.89   54.07
-150424.679   365.604    -8.46   65.97
-150049.161   347.202   -49.01   69.30
-149673.722   331.767   -41.12   61.36
-149298.363   321.842   -26.44   42.53
-148923.082   327.989    16.38   40.09
-148547.880   346.042    48.12   47.80
-148172.757   377.584    84.09   47.81
-147797.714   411.505    90.45   42.85
-147422.748   440.544    77.45   38.64
-147047.862   475.394    92.97   45.38
-146673.055   503.172    74.12   37.19
-146298.326   511.351    21.83   27.04
-145923.676   508.573    -7.42   28.34
-145549.104   504.188   -11.71   33.08
-145174.611   510.473    16.78   36.74
-144800.197   523.351    34.40   29.51
-144425.861   524.806     3.89   26.15
-144051.603   503.621   -56.61   40.57
-143677.424   470.696   -88.00   45.77
-143303.323   429.221  -110.88   44.22
-142929.300   395.374   -90.50   39.57
-142555.355   362.266   -88.55   36.43
-142181.489   338.967   -62.32   30.11
-141807.700   320.787   -48.64   29.12
-141433.990   304.926   -42.45   30.06
-141060.358   287.065   -47.81   32.07
-140686.804   272.755   -38.31   29.24
-140313.327   266.848   -15.82   25.79
-139939.929   276.347    25.44   31.52
-139566.608   289.582    35.46   30.64
-139193.365   295.211    15.08   23.39
-138820.200   291.461   -10.05   24.46
-138447.112   276.085   -41.22   27.23
-138074.103   257.886   -48.79   24.56
-137701.170   239.935   -48.14   25.38
-137328.315   226.460   -36.15   19.51
-136955.538   221.511   -13.28   16.72
-136582.838   221.725     0.58   14.19
-136210.216   219.926    -4.83   12.42
-135837.671   215.739   -11.24   14.44
-135465.203   212.419    -8.91   14.19
-135092.812   213.968     4.16   15.51
-134720.499   224.043    27.06   17.55
-134348.262   235.538    30.88   15.34
-133976.103   246.564    29.63   14.74
-133604.021   243.667    -7.79   32.21
-133232.016   221.312   -60.10   62.45
-132860.088   190.191   -83.68   72.14
-132488.237   148.637  -111.76   58.49
-132116.462   125.085   -63.36   36.52
-131744.765   110.149   -40.19    2.73
-131373.144   110.734     1.57    1.83
-131001.600   112.144     3.80    1.90
-130630.133   113.937     4.83    2.47
-130258.742   115.956     5.44    2.54
-129887.428   118.042     5.62    2.84
-129516.190   120.099     5.54    2.98
-129145.029   122.606     6.76    3.92
-128773.944   124.633     5.46    4.58
-128402.936   126.713     5.61    5.09
-128032.004   127.915     3.24    5.09
-127661.148   128.892     2.64    4.49
-127290.369   128.116    -2.09    3.59
-126919.666   127.725    -1.05    3.09
-126549.039   127.179    -1.47    3.35
-126178.488   125.600    -4.26    4.24
-125808.013   124.653    -2.56    4.25
-125437.614   125.811     3.13    7.02
-125067.291   131.674    15.83   16.70
-124697.044   140.022    22.55   23.19
-124326.873   151.163    30.10   29.30
-123956.778   157.802    17.94   30.20
-123586.758   164.413    17.87   30.89
-123216.815   171.181    18.30   31.83
-122846.947   182.924    31.75   37.22
-122477.154   196.882    37.75   39.64
-122107.438   218.080    57.34   32.05
-121737.797   233.926    42.87   32.71
-121368.231   253.978    54.26   34.69
-120998.741   274.871    56.55   40.12
-120629.326   301.886    73.14   43.75
-120259.987   337.430    96.24   46.25
-119890.723   375.080   101.97   46.53
-119521.534   412.840   102.29   46.80
-119152.420   448.440    96.45   44.45
-118783.382   474.793    71.42   33.77
-118414.419   478.667    10.50   28.57
-118045.531   456.211   -60.88   48.59
-117676.718   415.957  -109.15   62.65
-117307.980   358.472  -155.91   58.26
-116939.317   327.543   -83.90   41.63
-116570.729   314.822   -34.51   29.53
-116202.216   327.543    34.52   38.87
-115833.777   353.864    71.45   46.35
-115465.414   380.000    70.96   47.24
-115097.125   406.382    71.64   50.50
-114728.910   427.129    56.35   50.52
-114360.771   447.495    55.32   53.00
-113992.706   455.902    22.84   54.48
-113624.716   464.957    24.61   56.06
-113256.800   471.636    18.16   51.28
-112888.959   486.106    39.34   49.24
-112521.192   507.169    57.28   51.27
-112153.499   543.106    97.75   55.09
-111785.881   586.364   117.68   51.51
-111418.337   618.828    88.33   41.82
-111050.867   634.233    41.93   31.16
-110683.472   628.826   -14.72   35.29
-110316.150   597.234   -86.01   61.22
-109948.903   546.587  -137.92   76.83
-109581.730   500.000  -126.89   76.39
-109214.631   454.033  -125.23   61.34
-108847.606   430.935   -62.94   49.74
-108480.655   439.420    23.12   55.12
-108113.777   482.663   117.88   72.30
-107746.974   538.261   151.59   78.16
-107380.244   583.221   122.61   61.32
-107013.588   596.767    36.95   48.47
-106647.006   565.872   -84.28   80.41
-106280.498   516.714  -134.14   95.60
-105914.063   446.398  -191.91   96.37
-105547.702   387.097  -161.88   97.21
-105181.414   320.067  -183.01   86.32
-104815.200   276.074  -120.14   71.80
-104449.059   239.239  -100.61   40.72
-104082.991   225.495   -37.55   31.47
-103716.997   223.044    -6.70   30.10
-103351.077   239.613    45.28   41.96
-102985.229   267.322    75.75   62.08
-102619.455   327.419   164.31   72.60
-102253.754   384.761   156.81   66.00
-101875.671   435.946   135.39   57.96
-101494.731   458.209    58.45   53.60
-101113.872   461.043     7.44   56.62
-100733.093   443.256   -46.72   64.70
-100352.394   411.452   -83.55   69.00
 -99971.776   381.736   -78.08   57.89
 -99591.238   370.903   -28.47   46.78
 -99210.780   374.167     8.58   47.16
 -98830.402   393.968    52.06   52.85
 -98450.105   414.256    53.35   53.35
 -98069.887   449.914    93.79   59.62
 -97689.750   484.054    89.82   64.14
 -97309.693   535.478   135.32   73.96
 -96929.715   580.055   117.32   67.72
 -96549.818   618.435   101.03   46.30
 -96170.000   631.767    35.10   32.09
 -95790.262   609.204   -59.42   54.20
 -95410.604   583.444   -67.85   58.65
 -95031.026   553.309   -79.40   52.06
 -94651.527   525.398   -73.55   52.99
 -94272.108   487.495   -99.90   70.83
 -93892.768   449.128  -101.15   60.33
 -93513.508   421.967   -71.62   62.74
 -93134.327   412.140   -25.92   72.06
 -92755.226   410.098    -5.39   69.82
 -92376.204   398.186   -31.43   58.74
 -91997.262   403.652    14.43   56.70
 -91618.398   409.721    16.02   57.14
 -91239.614   430.207    54.09   54.58
 -90860.909   458.953    75.91   48.99
 -90482.283   492.323    88.14   63.72
 -90103.736   531.349   103.10   57.55
 -89725.268   557.559    69.26   46.05
 -89346.880   576.207    49.29   35.28
 -88968.570   581.957    15.20   39.93
 -88590.339   583.632     4.43   53.34
 -88212.186   559.681   -63.34   74.43
 -87834.113   513.080  -123.27   84.99
 -87456.118   468.457  -118.06   69.90
 -87078.202   434.506   -89.84   38.34
 -86700.364   443.362    23.44   43.09
 -86322.605   469.080    68.08   45.59
 -85944.925   500.086    82.10   44.70
 -85567.323   533.159    87.59   44.98
 -85189.800   571.871   102.55   56.79
 -84812.354   610.841   103.25   64.58
 -84434.988   658.283   125.73   76.15
 -84057.699   710.625   138.74   74.17
 -83680.489   748.859   101.37   62.66
 -83303.357   772.898    63.75   40.21
 -82926.303   779.707    18.06   35.37
 -82549.327   784.517    12.76   33.31
 -82172.429   789.228    12.50   38.12
 -81795.609   791.954     7.23   43.81
 -81418.867   783.935   -21.29   50.06
 -81042.203   776.632   -19.39   51.87
 -80665.617   770.674   -15.82   38.78
 -80289.109   770.885     0.56   33.30
 -79912.678   770.630    -0.68   37.50
 -79536.325   768.276    -6.26   46.56
 -79160.050   741.154   -72.08   68.01
 -78783.852   707.276   -90.06   72.45
 -78407.732   678.174   -77.38   73.69
 -78031.690   662.598   -41.42   78.35
 -77655.725   652.413   -27.09   84.84
 -77279.837   643.448   -23.85   85.28
 -76904.027   607.630   -95.31   85.19
 -76528.294   569.621  -101.17   79.14
 -76152.638   529.989  -105.51   84.07
 -75777.060   487.791  -112.36   70.97
 -75401.559   451.290   -97.21   64.14
 -75026.134   418.782   -86.60   42.95
 -74650.787   398.402   -54.30   32.86
 -74275.517   379.345   -50.79   22.02
 -73900.324   372.429   -18.43   17.80
 -73525.208   377.897    14.58   31.36
 -73150.169   390.174    32.74   39.87
 -72775.207   407.432    46.03   41.03
 -72400.322   414.352    18.46   36.91
 -72025.513   411.069    -8.76   29.01
 -71650.781   411.565     1.32   24.17
 -71276.126   420.230    23.13   26.99
 -70901.547   433.772    36.15   30.91
 -70527.045   453.625    53.02   44.61
 -70152.619   485.924    86.27   53.07
 -69778.270   510.466    65.56   44.19
 -69403.998   513.753     8.78   44.27
 -69029.801   499.682   -37.60   44.73
 -68655.682   480.871   -50.28   35.19
 -68281.638   473.875   -18.70   41.50
 -67907.671   470.891    -7.98   57.16
 -67533.780   459.200   -31.27   56.01
 -67159.965   443.065   -43.16   52.30
 -66786.226   422.978   -53.75   49.25
 -66412.563   402.495   -54.82   55.46
 -66038.976   383.791   -50.07   54.15
 -65665.465   371.720   -32.32   58.53
 -65292.030   363.209   -22.79   58.29
 -64918.672   362.293    -2.45   64.56
 -64545.388   355.098   -19.28   63.21
 -64172.181   344.178   -29.26   61.40
 -63799.049   318.626   -68.48   45.71
 -63425.994   297.157   -57.55   35.02
 -63053.013   276.731   -54.77   25.97
 -62680.109   260.345   -43.94   18.37
 -62307.280   248.710   -31.21   12.77
 -61934.526   239.314   -25.21    8.24
 -61561.848   232.688   -17.78    9.09
 -61189.246   226.430   -16.80    8.76
 -60816.718   221.598   -12.97    6.43
 -60444.266   218.500    -8.32    3.51
 -60071.890   217.185    -3.53    2.53
 -59699.588   216.236    -2.55    1.88
 -59327.362   215.511    -1.95    1.57
 -58955.211   215.133    -1.01    1.49
 -58583.135   214.337    -2.14    3.00
 -58211.135   212.539    -4.83    6.39
 -57839.209   208.582   -10.64    9.24
 -57467.358   203.472   -13.74   10.65
 -57095.582   198.593   -13.12   10.60
 -56723.881   194.747   -10.35    8.86
 -56352.255   191.161    -9.65    7.77
 -55980.704   186.901   -11.47    6.87
 -55609.227   179.989   -18.61    9.17
 -55237.825   171.231   -23.58   12.61
 -54866.498   161.456   -26.33   12.92
 -54495.245   152.717   -23.54   11.19
 -54124.067   144.465   -22.23    8.53
 -53752.964   137.293   -19.33    9.60
 -53381.935   130.488   -18.34    7.54
 -53010.980   126.022   -12.04    5.40
 -52640.100   122.897    -8.43    1.98
 -52269.294   122.576    -0.86    1.39
 -51898.563   124.611     5.49    4.23
 -51527.905   129.319    12.70    9.20
 -51157.322   134.462    13.88   11.33
 -50786.814   140.374    15.96   11.28
 -50416.379   143.396     8.16   10.10
 -50046.018   145.011     4.36    8.64
 -49675.732   145.242     0.62    7.43
 -49305.519   144.333    -2.45    6.46
 -48935.380   142.587    -4.72    6.74
 -48565.316   139.250    -9.02    7.42
 -48195.325   134.739   -12.19    7.72
 -47825.408   131.977    -7.47    6.39
 -47455.565   133.935     5.29    8.41
 -47085.795   138.558    12.50   10.27
 -46716.099   145.565    18.95    9.02
 -46346.477   151.580    16.27    4.31
 -45976.928   154.055     6.70    2.45
 -45607.453   155.422     3.70    1.62
 -45238.052   156.667     3.37    2.64
 -44868.724   158.011     3.64    4.06
 -44499.469   160.278     6.14    5.43
 -44130.288   162.286     5.44    5.61
 -43761.180   164.080     4.86    5.26
 -43392.146   164.769     1.87    5.17
 -43023.184   165.057     0.78    5.10
 -42654.296   165.231     0.47    5.50
 -42285.482   165.153    -0.21    6.37
 -41916.740   165.022    -0.36    7.87
 -41548.071   164.082    -2.55    9.50
 -41179.475   161.634    -6.64   10.12
 -40810.953   157.839   -10.30    9.78
 -40442.503   153.879   -10.75    7.83
 -40074.126   156.044     5.88   16.08
 -39705.822   168.407    33.57   27.92
 -39337.591   181.835    36.47   32.39
 -38969.433   202.371    55.78   30.23
 -38601.347   212.527    27.59   27.96
 -38233.334   220.386    21.36   28.98
 -37865.394   222.022     4.45   29.81
 -37497.527   222.729     1.92   30.63
 -37129.731   219.878    -7.75   29.14
 -36762.009   217.588    -6.23   28.20
 -36394.359   215.633    -5.32   25.74
 -36026.781   213.115    -6.85   25.58
 -35659.276   208.824   -11.68   27.17
 -35291.843   205.816    -8.19   25.97
 -34924.483   212.165    17.28   26.37
 -34557.195   222.945    29.35   29.34
 -34189.979   242.862    54.24   28.56
 -33822.835   260.747    48.72   20.09
 -33455.763   269.709    24.42   13.26
 -33088.763   266.367    -9.11   19.35
 -32721.836   262.212   -11.32   24.90
 -32354.980   252.045   -27.71   32.50
 -31988.197   236.849   -41.43   38.80
 -31621.485   208.089   -78.43   46.19
 -31254.845   183.330   -67.53   37.87
 -30888.278   176.389   -18.93   26.51
 -30521.782   190.911    39.63   38.33
 -30155.357   230.101   106.95   52.48
 -29789.005   276.308   126.13   62.34
 -29422.724   329.046   143.99   67.02
 -29056.515   367.783   105.78   61.31
 -28690.377   381.349    37.05   51.40
 -28324.311   359.344   -60.11   64.68
 -27958.316   316.282  -117.66   64.72
 -27592.393   268.967  -129.31   47.30
 -27218.560   237.455   -84.30   37.75
 -26837.781   212.211   -66.30   28.41
 -26457.080   201.884   -27.13   20.81
 -26076.457   203.400     3.98   23.83
 -25695.913   212.419    23.70   28.32
 -25315.447   221.645    24.25   25.98
 -24935.059   228.082    16.92   23.73
 -24554.749   242.670    38.36   33.39
 -24174.518   266.095    61.61   39.06
 -23794.364   298.978    86.50   46.66
 -23414.289   333.733    91.44   42.97
 -23034.291   360.011    69.16   39.67
 -22654.371   377.632    46.38   27.14
 -22274.529   376.489    -3.01   30.53
 -21894.765   368.467   -21.13   38.19
 -21515.079   365.637    -7.45   36.50
 -21135.470   372.719    18.66   34.88
 -20755.939   388.275    40.99   30.86
 -20376.486   404.954    43.96   30.42
 -19997.110   413.567    22.70   30.33
 -19617.812   412.080    -3.92   38.99
 -19238.591   396.078   -42.20   58.02
 -18859.447   381.427   -38.64   64.62
 -18480.381   364.615   -44.35   63.40
 -18101.393   346.656   -47.39   56.14
 -17722.481   321.615   -66.09   56.44
 -17343.647   274.133  -125.34   63.00
 -16964.890   226.876  -124.77   58.98
 -16586.210   178.067  -128.90   48.23
 -16207.608   147.885   -79.72   36.07
 -15829.082   128.833   -50.33   25.55
 -15450.633   119.287   -25.22   23.00
 -15072.262   112.857   -16.99   23.23
 -14693.967   105.591   -19.21   21.65
 -14315.749    95.854   -25.74   19.60
 -13937.608    88.736   -18.82   17.95
 -13559.544    81.978   -17.87   18.09
 -13181.556    78.345    -9.61   18.77
 -12803.645    75.484    -7.57   20.60
 -12425.811    76.000     1.37   22.64
 -12048.053    76.868     2.30   23.00
 -11670.372    76.663    -0.54   22.59
 -11292.767    75.728    -2.47   21.35
 -10915.239    70.437   -14.02   19.97
 -10537.787    59.457   -29.09   21.24
 -10160.412    47.341   -32.10   19.45
  -9783.113    37.549   -25.95   15.39
  -9405.890    28.595   -23.74    6.67
  -9028.743    25.022    -9.47    6.20
  -8651.673    22.953    -5.49    6.88
  -8274.679    21.222    -4.59    6.47
  -7897.760    19.452    -4.70    6.04
  -7520.918    17.640    -4.81    5.51
  -7144.152    15.381    -6.00    5.50
  -6767.462    12.719    -7.07    5.04
  -6390.847    10.607    -5.61    5.14
  -6014.309     8.222    -6.33    4.23
  -5637.846     5.940    -6.06    3.35
  -5261.459     4.143    -4.78    2.88
  -4885.148     2.619    -4.05    1.78
  -4508.913     1.967    -1.73    0.99
  -4132.753     2.023     0.15    1.01
  -3756.669     2.228     0.55    1.16
  -3380.660     2.464     0.63    1.37
  -3004.727     2.278    -0.50    1.46
  -2628.869     1.821    -1.21    1.33
  -2253.086     1.411    -1.09    0.85
  -1877.379     1.049    -0.96    0.35
  -1501.748     0.865    -0.49    0.34
  -1126.191     0.619    -0.66    0.49
   -750.710     0.393    -0.60    0.49
   -375.304     0.169    -0.60    0.38
      0.027     0.033    -0.36    0.18
    375.283     0.036     0.01    0.19
    750.464     0.033    -0.01    0.18
   1125.569     0.012    -0.06    0.11
   1500.600     0.011    -0.00    0.10
   1875.556     0.058     0.13    0.28
   2250.437     0.120     0.16    0.57
   2625.243     0.131     0.03    1.16
   2999.975     0.681     1.47    1.45
   3374.631     1.571     2.38    1.39
   3749.213     2.798     3.27    1.81
   4123.721     3.940     3.05    1.81
   4498.153     4.742     2.14    1.82
   4872.512     5.560     2.18    1.65
   5246.795     6.854     3.46    2.24
   5621.004     8.407     4.15    2.51
   5995.139    10.489     5.56    2.70
   6369.200    12.489     5.35    2.64
   6743.186    15.385     7.74    4.39
   7117.097    20.193    12.86    7.19
   7490.935    28.843    23.14   12.49
   7864.698    43.591    39.46   19.02
   8238.387    65.112    57.59   28.31
   8612.002    83.264    48.58   26.54
   8985.543    98.360    40.41   19.84
   9359.010   104.655    16.86   16.31
   9732.403   104.067    -1.58   18.96
  10105.722   105.341     3.41   18.53
  10478.967   107.352     5.39   13.02
  10852.138   108.045     1.86    9.70
  11225.236   112.135    10.96   11.62
  11598.259   118.011    15.75   12.29
  11971.209   124.864    18.37   10.78
  12344.085   128.449     9.62    9.93
  12716.888   133.034    12.30   10.32
  13089.617   138.341    14.24   10.55
  13462.272   145.184    18.36    9.36
  13834.854   151.656    17.37    8.00
  14207.363   156.931    14.16    7.03
  14579.798   155.385    -4.15   12.16
  14952.159   151.886    -9.39   17.31
  15324.447   151.322    -1.52   17.93
  15696.662   151.299    -0.06   17.15
  16068.804   157.473    16.59   14.52
  16440.873   160.726     8.74   12.69
  16812.868   165.843    13.75   13.83
  17184.790   171.337    14.77   13.29
  17556.639   176.191    13.05   11.40
  17928.416   181.857    15.24    3.07
  18300.119   182.472     1.65    2.94
  18671.749   183.262     2.13    1.53
  19043.306   183.854     1.59    0.36
  19414.791   183.860     0.02    0.44
  19786.202   183.769    -0.25    0.60
  20157.541   183.747    -0.06    0.59
  20528.807   183.809     0.17    0.45
  20900.000   183.885     0.20    0.49
  21271.121   184.386     1.35    1.22
  21642.169   185.227     2.27    2.06
  22013.145   187.341     5.70    4.15
  22384.048   191.433    11.03    8.09
  22754.878   199.764    22.46   13.76
  23125.636   207.494    20.85   18.90
  23496.322   210.264     7.47   23.35
  23866.935   205.944   -11.66   37.49
  24237.476   194.920   -29.75   49.48
  24607.945   182.258   -34.18   49.91
  24978.341   160.750   -58.07   45.17
  25348.665   150.466   -27.77   34.95
  25718.918   142.145   -22.47   23.41
  26089.098   144.722     6.96   21.78
  26459.205   155.298    28.57   17.92
  26829.241   158.549     8.79   16.06
  27199.205   158.221    -0.89   16.05
  27569.097   159.100     2.38   15.66
  27938.917   163.184    11.04   14.97
  28308.666   166.100     7.89   14.78
  28678.342   169.563     9.37   14.21
  29047.947   171.080     4.10   15.06
  29417.480   173.307     6.02   14.93
  29786.941   175.580     6.15   16.79
  30156.330   178.101     6.83   16.53
  30525.648   180.195     5.67   15.97
  30894.895   182.886     7.29   13.91
  31264.070   182.395    -1.33   15.24
  31633.173   184.404     5.44   14.22
  32002.205   185.494     2.95   14.86
  32371.166   187.944     6.64   14.64
  32740.055   190.321     6.45   13.70
  33108.873   194.978    12.63    9.11
  33477.619   198.647     9.95    1.27
  33846.295   198.844     0.54    1.36
  34214.899   199.345     1.36    1.72
  34583.432   200.344     2.71    2.73
  34951.894   202.310     5.34    4.45
  35320.285   205.195     7.83    5.64
  35688.604   207.865     7.25    5.50
  36056.853   211.000     8.51    3.70
  36425.031   212.068     2.90    2.55
  36793.138   213.207     3.09    1.38
  37161.174   212.910    -0.81    2.66
  37529.139   210.952    -5.32    4.73
  37897.034   209.886    -2.90    5.73
  38264.857   210.843     2.60    7.63
  38632.610   216.478    15.32    9.77
  39000.293   223.893    20.17    6.49
  39367.904   227.600    10.08    4.17
  39735.446   229.023     3.87    2.06
  40102.916   227.898    -3.06    3.44
  40470.316   227.580    -0.87    3.19
  40837.646   228.102     1.42    2.52
  41204.905   229.289     3.23    2.61
  41572.094   231.126     5.00    3.33
  41939.212   232.875     4.76    3.89
  42306.260   234.138     3.44    4.12
  42673.238   235.455     3.59    4.13
  43040.146   236.976     4.15    4.43
  43406.984   239.261     6.23    3.83
  43773.751   240.843     4.31    2.58
  44140.448   240.427    -1.14    4.32
  44507.075   239.747    -1.85    5.75
  44873.632   238.689    -2.89    6.48
  45240.120   237.621    -2.91    6.81
  45606.537   237.056    -1.54    5.57
  45972.884   236.000    -2.88    6.03
  46339.162   234.609    -3.80    6.65
  46705.369   235.489     2.40    7.58
  47071.507   239.143     9.98    8.95
  47441.421   240.165     2.76    8.70
  47822.043   239.506    -1.73    9.75
  48202.588   239.000    -1.33    9.77
  48583.058   238.151    -2.23    7.38
  48963.451   239.820     4.39    6.07
  49343.768   241.425     4.22    5.64
  49724.008   240.500    -2.43    6.57
  50104.173   237.352    -8.28    9.56
  50484.262   232.416   -12.99   13.36
  50864.274   226.709   -15.02   14.31
  51244.211   223.386    -8.75   15.23
  51624.072   221.682    -4.49   17.28
  52003.857   222.920     3.26   15.60
  52383.566   218.157   -12.54   15.40
  52763.200   212.698   -14.38   14.89
  53142.757   208.778   -10.33   16.41
  53522.239   207.570    -3.18   18.52
  53901.646   209.636     5.45   17.19
  54280.977   211.512     4.94   12.60
  54660.232   208.333    -8.38   11.08
  55039.412   203.427   -12.94    9.66
  55418.516   198.078   -14.11    9.16
  55797.545   193.964   -10.85    7.52
  56176.499   189.256   -12.43    7.89
  56555.377   184.847   -11.64    8.20
  56934.180   180.898   -10.43    8.36
  57312.908   177.071   -10.10    8.82
  57691.560   174.125    -7.78    9.62
  58070.138   170.744    -8.93    9.83
  58448.640   167.511    -8.54   10.50
  58827.068   165.207    -6.09    9.52
  59205.420   164.818    -1.03    9.97
  59583.697   163.209    -4.25   10.97
  59961.900   162.146    -2.81   11.06
  60340.028   159.125    -7.99   11.06
  60718.080   157.465    -4.39   10.69
  61096.058   152.191   -13.95   11.88
  61473.962   145.294   -18.25   15.44
  61851.790   133.371   -31.56   19.59
  62229.544   123.034   -27.36   21.07
  62607.224   110.391   -33.47   18.22
  62984.828   107.093    -8.73   16.29
  63362.359   111.793    12.45   17.75
  63739.814   120.609    23.36   19.70
  64117.196   134.330    36.35   16.82
  64494.503   143.628    24.64    7.77
  64871.735   143.045    -1.54    9.09
  65248.894   139.198   -10.20   14.13
  65625.978   136.989    -5.86   16.27
  66002.988   137.976     2.62   17.99
  66379.923   145.227    19.24   19.67
  66756.785   155.333    26.82   18.33
  67133.572   165.115    25.96   16.41
  67510.286   172.529    19.68   15.29
  67886.925   180.878    22.16   14.29
  68263.491   185.548    12.40   14.99
  68639.982   189.851    11.43   18.79
  69016.400   191.598     4.64   19.15
  69392.744   192.966     3.64   19.04
  69769.014   200.329    19.57   20.34
  70145.210   208.364    21.36   26.03
  70521.333   227.048    49.67   30.48
  70897.382   256.744    78.97   46.37
  71273.358   285.707    77.03   48.17
  71649.259   302.648    45.06   36.23
  72025.088   301.134    -4.03   41.31
  72400.843   273.368   -73.89   55.58
  72776.524   244.902   -75.77   48.59
  73152.132   249.182    11.39   54.79
  73527.667   270.976    58.03   64.29
  73903.128   292.378    57.00   52.75
  74278.516   301.890    25.34   42.23
  74653.831   279.685   -59.16   49.84
  75029.073   250.110   -78.81   49.71
  75404.242   215.368   -92.60   55.50
  75779.337   174.512  -108.91   51.77
  76154.359   137.253   -99.35   44.30
  76529.309   107.854   -78.40   23.78
  76904.185    93.911   -37.19   14.87
  77278.989    86.744   -19.12    9.31
  77653.719    90.225     9.29   12.58
  78028.377    97.939    20.59   15.16
  78402.962   105.690    20.69   16.96
  78777.474   111.427    15.32   18.21
  79151.914   112.667     3.31   18.58
  79526.281   114.305     4.38   20.34
  79900.575   115.844     4.11   19.58
  80274.797   117.707     4.98   19.67
  80648.946   123.932    16.64   23.57
  81023.022   133.927    26.72   27.60
  81397.026   141.761    20.95   28.71
  81770.958   147.720    15.93   30.50
  82144.817   150.716     8.01   33.33
  82518.604   160.646    26.57   39.10
  82892.319   171.333    28.59   41.52
  83265.962   186.622    40.92   50.46
  83639.532   198.761    32.49   53.48
  84013.030   210.085    30.32   55.14
  84386.456   218.322    22.06   48.91
  84759.810   223.122    12.86   41.97
  85133.091   244.966    58.51   45.38
  85506.301   271.928    72.24   45.74
  85879.439   291.311    51.94   41.62
  86252.505   312.904    57.87   38.93
  86625.499   325.954    34.99   34.64
  86998.421   326.702     2.01   34.23
  87371.271   319.701   -18.78   37.86
  87744.050   305.000   -39.43   39.06
  88116.757   285.614   -52.01   35.64
  88489.392   263.800   -58.53   42.28
  88861.956   228.295   -95.29   56.64
  89234.448   185.571  -114.69   52.10
  89606.868   147.756  -101.53   40.04
  89979.217   124.186   -63.30   27.07
  90351.494   111.230   -34.80   21.69
  90723.700   106.138   -13.68   29.31
  91095.835    92.080   -37.78   37.44
  91467.898    77.333   -39.63   37.23
  91839.890    62.438   -40.04   26.81
  92211.811    52.425   -26.92    6.56
  92583.661    51.000    -3.83    0.00
  92955.439    51.000     0.00    0.00
  93327.146    51.588     1.58    1.43
  93698.782    52.874     3.46    2.79
  94070.347    56.174     8.88    6.11
  94441.841    63.149    18.77   12.94
  94813.264    77.965    39.89   22.54
  95184.616   101.279    62.78   34.97
  95555.897   132.190    83.25   41.38
  95927.108   160.161    75.34   42.74
  96298.247   175.329    40.87   41.43
  96669.316   182.989    20.64   41.73
  97040.314   187.548    12.29   42.18
  97411.241   198.184    28.67   42.22
  97782.098   211.890    36.96   43.57
  98152.884   230.022    48.90   44.00
  98523.599   249.329    52.08   49.11
  98894.244   275.284    70.02   51.52
  99264.818   309.427    92.13   52.83
  99635.322   342.034    88.00   55.85
 100005.756   369.107    73.08   44.96
 100376.119   373.540    11.97   37.92
 100746.412   355.345   -49.13   51.95
 101116.634   307.759  -128.53   74.08
 101486.786   248.035  -161.34   74.39
 101856.868   214.314   -91.11   53.74
 102226.880   229.105    39.97   72.69
 102596.822   289.894   164.31  100.07
 102966.694   352.080   168.12   82.48
 103336.495   390.770   104.61   51.86
 103706.227   395.800    13.60   47.01
 104075.888   383.931   -32.11   49.25
 104445.480   368.273   -42.36   42.37
 104815.001   340.735   -74.52   55.24
 105184.453   296.897  -118.65   69.03
 105553.835   255.857  -111.09   56.22
 105923.148   243.091   -34.56   48.05
 106292.390   243.634     1.47   54.89
 106661.563   275.632    86.67   67.89
 107030.666   327.375   140.17   61.32
 107399.699   375.989   131.72   64.61
 107768.663   411.235    95.52   47.89
 108137.558   416.931    15.44   39.09
 108506.382   398.869   -48.97   48.15
 108875.138   348.092  -137.69   66.15
 109243.824   294.442  -145.50   69.22
 109612.440   265.727   -77.89   51.74
 109980.988   271.373    15.32   59.87
 110349.466   318.135   126.89   81.02
 110717.874   373.500   150.27   78.25
 111086.214   398.133    66.87   65.17
 111454.484   385.011   -35.63   73.22
 111822.685   341.092  -119.27   94.64
 112190.817   292.149  -132.94   85.64
 112558.880   263.464   -77.93   63.36
 112926.873   270.172    18.23   67.13
 113294.798   301.593    85.39   74.77
 113662.654   330.023    77.28   70.70
 114030.441   348.913    51.36   66.59
 114398.159   357.448    23.21   61.57
 114765.808   358.143     1.89   55.00
 115133.388   346.295   -32.23   49.01
 115500.900   340.560   -15.61   39.37
 115868.343   350.276    26.44   43.61
 116235.717   373.880    64.24   54.91
 116603.023   417.535   118.84   62.10
 116970.260   461.989   121.04   59.32
 117337.428   511.518   134.88   45.99
 117704.528   538.547    73.62   33.21
 118071.559   551.647    35.69   28.72
 118438.522   542.667   -24.47   43.63
 118805.416   518.537   -65.76   58.93
 119172.242   498.318   -55.11   61.96
 119539.000   489.671   -23.58   62.92
 119905.689   496.713    19.20   56.61
 120272.310   507.012    28.09   46.32
 120638.863   517.172    27.72   35.55
 121005.348   523.942    18.47   29.76
 121371.764   521.826    -5.78   33.28
 121738.113   511.747   -27.51   38.99
 122104.429   487.805   -65.35   43.50
 122484.894   459.172   -75.25   42.72
 122865.284   426.226   -86.60   38.15
 123245.601   398.616   -72.59   33.50
 123625.843   379.605   -49.99   24.79
 124006.011   371.084   -22.41   21.31
 124386.105   367.105   -10.47   20.49
 124766.125   362.173   -12.98   24.73
 125146.071   342.057   -52.94   33.93
 125525.943   314.038   -73.75   35.53
 125905.741   284.966   -76.54   35.15
 126285.465   265.700   -50.73   24.13
 126665.115   260.701   -13.17   16.82
 127044.691   264.470     9.93   17.28
 127424.194   273.898    24.84   14.87
 127803.623   281.721    20.62   14.55
 128182.978   286.541    12.71   15.61
 128562.260   293.035    17.12   17.59
 128941.468   297.375    11.44   18.60
 129320.603   303.012    14.87   20.68
 129699.664   312.882    26.04   31.73
 130078.651   327.295    38.03   41.95
 130457.565   340.759    35.53   42.52
 130836.406   355.233    38.20   41.02
 131215.173   358.256     7.98   39.85
 131593.867   365.782    19.87   38.47
 131972.488   375.614    25.97   34.04
 132351.036   392.267    43.99   37.71
 132729.510   419.159    71.04   43.14
 133107.912   443.000    63.00   40.17
 133486.240   454.901    31.45   39.59
 133864.495   442.570   -32.60   46.92
 134242.677   425.427   -45.33   40.75
 134620.787   415.814   -25.42   34.83
 134998.823   418.926     8.23   44.65
 135376.786   429.966    29.21   47.11
 135754.677   439.253    24.57   48.75
 136132.495   432.563   -17.70   50.49
 136510.240   410.928   -57.27   58.89
 136887.912   379.616   -82.90   61.15
 137265.512   356.819   -60.37   38.38
 137643.039   362.919    16.15   39.84
 138020.494   389.233    69.71   47.27
 138397.876   415.365    69.24   32.25
 138775.185   418.862     9.27   27.16
 139152.422   405.398   -35.69   35.00
 139529.587   391.833   -35.96   29.45
 139906.679   384.718   -18.87   22.97
 140283.699   377.784   -18.39   21.30
 140660.647   372.179   -14.87   24.03
 141037.522   359.163   -34.53   23.96
 141414.325   353.779   -14.29   23.84
 141791.056   360.082    16.73   34.14
 142167.715   385.190    66.65   55.50
 142544.302   412.721    73.10   66.35
 142920.816   428.904    42.98   63.70
 143297.259   436.407    19.93   61.72
 143673.630   430.360   -16.06   59.58
 144049.929   426.322   -10.73   62.30
 144426.156   418.108   -21.83   58.56
 144802.311   409.553   -22.74   55.95
 145178.394   417.852    22.06   57.07
 145554.406   415.920    -5.14   52.02
 145930.346   417.036     2.97   49.43
 146306.214   417.345     0.82   51.06
 146682.010   419.506     5.75   50.34
 147057.735   417.586    -5.11   42.34
 147433.389   422.679    13.56   39.84
 147808.970   428.174    14.63   38.71
 148184.481   431.000     7.52   38.19
 148559.920   433.977     7.93   41.55
 148935.287   436.778     7.46   41.68
 149310.584   442.068    14.09   39.53
 149685.809   452.512    27.83   42.71
 150060.962   467.224    39.21   46.95
 150436.045   480.744    36.04   49.05
 150811.056   477.609    -8.36   44.59
 151185.996   473.296   -11.50   37.68
 151560.865   495.977    60.50   55.72
 151935.663   529.556    89.58   66.84
 152310.390   564.430    93.06   87.78
 152685.046   583.638    51.26   87.24
 153059.631   584.070     1.15   79.95
 153434.145   586.513     6.52   67.87
 153808.588   607.161    55.14   69.10
 154182.960   626.840    52.56   66.30
 154557.262   625.535    -3.49   65.27
 154931.493   616.716   -23.56   76.76
 155305.653   573.788  -114.72   75.78
 155679.742   527.988  -122.42   65.80
 156053.761   500.337   -73.92   59.83
 156427.709   490.244   -26.99   62.80
 156801.587   501.779    30.85   79.45
 157175.394   533.195    84.03   94.04
 157549.131   554.488    56.97  106.94
 157922.797   560.605    16.37  113.41
 158296.393   547.460   -35.18  101.41
 158669.919   530.123   -46.41   81.57
 159043.374   526.872    -8.71   61.80
 159416.759   529.975     8.31   59.06
 159790.074   555.965    69.61   65.14
 160163.318   591.568    95.38   64.89
 160536.492   602.767    30.01   71.09
 160909.597   605.000     5.98   80.11
 161282.631   592.753   -32.83   92.06
 161655.595   570.200   -60.46   92.29
 162028.489   549.791   -54.73   81.74
 162401.314   536.337   -36.08   72.40
 162774.068   533.837    -6.71   66.21
 163146.752   536.775     7.88   61.64
 163519.367   533.221    -9.54   58.62
 163891.912   541.538    22.32   58.28
 164264.387   547.565    16.18   54.67
 164636.792   562.400    39.83   62.68
 165009.128   585.414    61.80   63.64
 165381.394   613.188    74.60   68.15
 165753.590   613.580     1.05   74.79
 166125.717   584.667   -77.69   97.83
 166497.774   530.163  -146.47  105.72
 166869.762   490.337  -107.05   73.42
 167241.680   497.035    18.01   94.74
 167613.529   534.160    99.83  129.90
 167985.309   573.302   105.27  129.39
 168357.019   599.988    71.78  120.37
 168728.660   574.360   -68.95  128.09
 169100.232   526.422  -129.00  124.41
 169471.734   482.369  -118.56  106.33
 169843.168   460.096   -59.96   99.06
 170214.532   434.782   -68.16   94.74
 170585.827   411.831   -61.80   92.34
 170957.053   386.571   -68.04   73.82
 171328.210   385.110    -3.94   56.00
 171699.298   394.906    26.39   49.81
 172070.317   403.849    24.10   37.09
 172441.267   395.259   -23.15   40.66
 172812.149   392.386    -7.75   39.88
 173182.961   389.148    -8.73   36.06
 173553.705   402.012    34.69   36.08
 173924.380   421.108    51.51   50.09
 174294.986   432.816    31.59   54.21
 174665.523   439.535    18.13   52.10
 175035.992   423.253   -43.94   61.92
 175406.393   379.400  -118.38   78.37
 175776.724   332.459  -126.74   81.94
 176146.988   293.024  -106.49   70.56
 176517.182   262.494   -82.46   58.42
 176887.308   240.174   -60.29   44.49
 177257.366   228.070   -32.71   32.33
 177627.356   223.198   -13.17   29.16
 177997.277   224.882     4.55   34.49
 178367.130   228.750    10.46   39.89
 178736.914   234.791    16.33   44.67
 179106.631   238.759    10.73   42.75
 179476.279   241.616     7.73   33.35
 179845.859   244.137     6.82   29.82
 180215.371   253.477    25.27   32.07
 180584.815   268.575    40.86   36.30
 180954.190   279.721    30.17   38.09
 181323.498   285.688    16.15   39.14
 181692.738   295.488    26.54   40.84
 182061.910   311.878    44.39   41.35
 182431.014   324.149    33.24   41.33
 182800.050   336.119    32.43   38.50
 183169.019   333.094    -8.20   41.17
 183537.919   322.349   -29.12   34.07
 183906.752   306.536   -42.87   22.95
 184275.517   294.352   -33.03   24.67
 184644.215   279.855   -39.31   28.89
 185012.845   269.226   -28.83   28.85
 185381.407   266.165    -8.31   32.95
 185749.902   269.812     9.90   45.86
 186118.329   275.519    15.49   59.21
 186486.689   272.718    -7.60   67.84
 186854.981   265.639   -19.22   70.51
 187223.206   255.698   -26.99   64.03
 187591.363   251.637   -11.03   58.32
 187959.454   244.357   -19.78   51.51
 188327.476   242.837    -4.13   50.10
 188695.432   238.106   -12.86   45.77
 189063.321   233.925   -11.36   44.03
 189431.142   224.929   -24.45   40.79
 189798.896   219.646   -14.36   39.20
 190166.583   218.165    -4.03   38.52
 190534.203   214.791    -9.18   37.57
 190901.756   207.200   -20.65   33.14
 191269.242   200.084   -19.36   22.29
 191636.661   198.184    -5.17   14.44
 192004.013   203.831    15.37   17.29
 192371.298   213.855    27.29   16.51
 192738.516   223.476    26.20   14.59
 193105.668   234.729    30.65   23.07
 193472.753   252.116    47.36   33.42
 193839.771   278.716    72.46   44.77
 194206.722   312.000    90.69   44.15
 194573.606   345.253    90.62   36.53
 194940.424   360.200    40.74   35.84
 195307.176   359.937    -0.72   38.63
 195673.861   334.524   -69.29   45.37
 196040.479   302.358   -87.72   44.34
 196407.031   282.035   -55.44   42.15
 196773.516   280.884    -3.14   52.74
 197150.338   285.706    12.79   67.55
 197530.579   290.099    11.55   71.20
 197910.747   287.412    -7.07   58.88
 198290.844   281.544   -15.43   38.51
 198670.868   265.506   -42.20   30.73
 199050.820   245.387   -52.94   26.55
 199430.700   230.369   -39.53   20.25
 199810.508   224.123   -16.44   17.34
 200190.243   222.287    -4.83   18.12
 200569.907   222.560     0.72   18.23
 200949.499   219.624    -7.73   20.10
 201329.019   208.048   -30.50   25.32
 201708.467   199.229   -23.24   25.62
 202087.844   193.193   -15.91   21.16
 202467.148   192.585    -1.60   16.50
 202846.381   200.286    20.30   17.48
 203225.542   210.235    26.24   23.53
 203604.632   229.036    49.59   31.36
 203983.650   245.778    44.17   34.26
 204362.596   264.588    49.63   34.88
 204741.471   281.975    45.88   27.91
 205120.274   285.176     8.45   28.51
 205499.006   291.333    16.25   37.66
 205877.666   299.847    22.48   51.29
 206256.256   312.595    33.67   59.54
 206634.773   323.628    29.14   55.85
 207013.220   338.506    39.31   53.07
 207391.595   363.756    66.72   53.51
 207769.899   388.370    65.05   47.58
 208148.132   407.612    50.86   32.84
 208526.293   429.143    56.93   31.54
 208904.384   447.871    49.52   33.77
 209282.403   468.133    53.59   29.90
 209660.352   476.439    21.97   26.41
 210038.229   470.575   -15.52   32.52
 210416.036   465.451   -13.56   33.75
 210793.772   453.904   -30.57   35.63
 211171.437   433.434   -54.19   53.89
 211549.031   398.881   -91.49   78.73
 211926.554   354.938  -116.38   74.74
 212304.006   304.512  -133.57   63.97
 212681.388   265.378  -103.68   49.24
 213058.700   230.238   -93.12   43.92
 213435.940   197.949   -85.58   27.18
 213813.110   179.847   -47.99   19.71
 214190.210   165.975   -36.78   11.99
 214567.239   155.465   -27.87   11.76
 214944.197   147.241   -21.81    9.66
 215321.085   143.143   -10.87    8.08
 215697.903   143.137    -0.01   11.44
 216074.650   144.663     4.05   15.45
 216451.327   148.400     9.92   20.33
 216827.934   149.671     3.37   27.55
 217204.471   148.707    -2.56   34.70
 217580.937   146.424    -6.07   37.47
 217957.333   138.049   -22.25   35.26
 218333.660   128.807   -24.55   28.59
 218709.916   117.790   -29.28   18.53
 219086.102   111.072   -17.85   10.48
 219462.218   107.682    -9.01    3.01
 219838.264   107.663    -0.05    1.33
 220214.240   108.060     1.06    0.83
 220590.147   108.207     0.39    0.49
 220965.983   108.453     0.65    0.75
 221341.750   108.439    -0.04    0.83
 221717.447   107.880    -1.49    1.68
 222093.074   107.073    -2.15    2.51
 222468.632   106.614    -1.22    2.14
 222844.120   106.354    -0.69    1.76
 223219.538   105.188    -3.10    2.61
 223594.887   102.940    -5.99    3.73
 223970.166    99.512    -9.13    4.39
 224345.376    96.247    -8.70    3.80
 224720.516    93.271    -7.93    2.75
 225095.587    91.378    -5.04    2.38
 225470.589    88.893    -6.63    3.63
 225845.521    85.951    -7.85    4.60
 226220.384    81.857   -10.92    5.79
 226595.178    77.268   -12.24    5.71
 226969.902    73.318   -10.54    5.13
 227344.558    70.532    -7.43    3.94
 227719.144    68.735    -4.80    3.10
 228093.661    67.333    -3.74    1.67
 228468.109    67.000    -0.89    1.41
 228842.488    66.785    -0.57    1.18
 229216.798    66.500    -0.76    0.87
 229591.039    66.192    -0.82    0.46
 229965.211    66.059    -0.36    0.24
 230339.314    66.000    -0.16    0.00
 230713.349    66.000     0.00    0.00
 231087.315    66.000     0.00    0.00
 231461.211    66.000     0.00    0.00
 231835.040    66.000     0.00    0.00
 232208.799    66.000     0.00    0.00
 232582.490    66.051     0.14    0.22
 232956.112    66.165     0.31    0.43
 233329.666    66.346     0.49    0.72
 233703.151    66.655     0.83    1.06
 234076.568    66.949     0.79    1.30
 234449.916    67.477     1.41    1.54
 234823.196    68.026     1.47    1.56
 235196.407    68.671     1.73    1.45
 235569.550    69.295     1.67    0.94
 235942.625    69.576     0.75    0.64
 236315.632    69.590     0.04    0.81
 236688.570    69.410    -0.48    1.13
 237061.440    69.013    -1.06    1.52
 237434.242    68.694    -0.85    1.71
 237806.976    68.213    -1.29    1.85
 238179.641    67.659    -1.49    1.75
 238552.239    67.231    -1.15    1.56
 238924.769    66.747    -1.30    1.40
 239297.230    66.532    -0.58    1.83
 239669.624    66.012    -1.40    2.22
 240041.950    65.167    -2.27    2.46
 240414.208    63.829    -3.59    2.05
 240786.398    62.808    -2.74    1.01
 241158.521    62.553    -0.68    0.68
 241530.575    62.808     0.68    0.90
 241902.562    63.378     1.53    1.27
 242274.481    64.026     1.74    1.64
 242646.333    65.259     3.32    2.24
 243018.117    66.756     4.03    2.39
 243389.834    68.253     4.03    2.27
 243761.483    69.692     3.87    1.44
 244133.064    71.165     3.96    2.13
 244504.578    72.709     4.16    2.58
 244876.025    74.119     3.80    2.53
 245247.404    74.513     1.06    2.41
 245618.716    73.612    -2.43    2.65
 245989.960    72.269    -3.62    2.13
 246361.138    71.193    -2.90    0.71
 246732.248    71.063    -0.35    0.25
 247103.291    71.128     0.17    0.34
 247474.267    71.241     0.30    0.43
 247845.175    71.463     0.60    0.53
 248216.017    71.778     0.85    0.72
 248586.791    72.209     1.16    0.91
 248957.499    72.778     1.53    0.92
 249328.139    73.366     1.59    1.04
 249698.713    74.049     1.84    1.45
 250069.219    74.765     1.93    1.62
 250439.659    75.099     0.90    1.45
 250810.032    74.902    -0.53    1.46
 251180.338    74.390    -1.38    1.51
 251550.578    73.506    -2.39    1.71
 251920.750    72.444    -2.87    2.25
 252290.856    71.512    -2.52    2.55
 252660.896    70.889    -1.68    2.25
 253030.868    70.687    -0.55    2.00
