-183909.026   232.131     0.00   27.24
-183535.993   219.795   -33.06   26.89
-183162.891   210.783   -24.15   23.82
-182789.720   206.500   -11.48   24.55
-182416.481   215.139    23.14   37.07
-182043.172   222.033    18.46   43.32
-181669.796   220.540    -4.00   42.17
-181296.350   219.227    -3.52   39.16
-180922.835   215.057   -11.16   38.64
-180549.252   212.911    -5.74   41.77
-180175.599   212.234    -1.81   44.14
-179801.878   203.420   -23.58   43.41
-179428.088   189.092   -38.33   39.13
-179054.228   173.310   -42.21   30.90
-178680.300   159.747   -36.27   19.76
-178306.302   150.971   -23.46   11.27
-177932.235   145.330   -15.08    6.84
-177558.099   142.880    -6.55    5.02
-177183.894   142.858    -0.06    5.94
-176809.619   144.905     5.47    7.92
-176435.275   149.235    11.57   10.66
-176060.862   155.477    16.67   12.96
-175686.379   157.489     5.37   13.78
-175311.827   154.822    -7.12   14.31
-174937.206   149.441   -14.36   12.80
-174562.515   143.706   -15.30    9.23
-174187.754   139.735   -10.59    8.27
-173812.924   135.319   -11.78    8.54
-173438.024   131.176   -11.05    8.20
-173063.055   126.694   -11.95    7.30
-172688.015   122.822   -10.32    5.48
-172312.906   119.453    -8.98    3.29
-171937.728   117.369    -5.55    2.47
-171562.479   115.378    -5.30    2.27
-171187.161   115.622     0.65    8.28
-170811.772   117.317     4.51   14.34
-170436.314   117.774     1.22   15.21
-170060.786   118.646     2.32   14.25
-169685.187   120.884     5.96   18.20
-169309.519   122.117     3.28   19.63
-168933.781   120.591    -4.06   16.96
-168557.972   116.652   -10.48   10.93
-168182.093   115.201    -3.86    9.18
-167806.145   115.152    -0.13    9.94
-167430.125   115.128    -0.06   11.15
-167054.036   114.093    -2.75    9.92
-166677.876   113.357    -1.96    9.12
-166301.646   112.128    -3.27    8.35
-165925.345   110.389    -4.62    7.85
-165548.974   108.611    -4.73    6.63
-165172.533   109.164     1.47    6.86
-164796.021   125.771    44.10   35.72
-164419.438   146.304    54.52   50.60
-164042.785   179.728    88.73   72.43
-163666.061   215.078    93.82   80.66
-163289.266   225.971    28.91   81.04
-162912.401   224.090    -4.99   74.04
-162535.465   214.687   -24.94   61.76
-162158.458   207.280   -19.64   43.65
-161781.380   198.259   -23.92   29.01
-161404.232   200.018     4.66   23.27
-161027.012   204.402    11.62   28.82
-160649.722   198.811   -14.82   32.05
-160272.360   191.682   -18.89   33.52
-159894.927   180.688   -29.13   35.53
-159517.424   160.858   -52.52   33.21
-159139.849   140.842   -53.00   20.17
-158762.203   139.453    -3.68   19.52
-158384.486   159.305    52.55   42.44
-158006.698   192.669    88.30   60.99
-157628.838   236.036   114.75   58.24
-157250.907   260.103    63.67   47.27
-156872.905   269.993    26.16   52.42
-156494.831   271.752     4.65   56.24
-156116.686   272.222     1.24   57.66
-155738.469   270.443    -4.70   56.47
-155360.181   261.594   -23.39   49.43
-154981.821   259.354    -5.92   46.88
-154603.390   258.775    -1.53   37.01
-154224.886   267.839    23.94   29.51
-153846.312   287.140    50.98   28.70
-153467.665   311.559    64.48   36.80
-153088.947   318.854    19.26   36.27
-152710.157   333.236    37.96   31.07
-152331.295   330.537    -7.12   35.61
-151952.361   311.989   -48.94   44.55
-151573.356   291.943   -52.89   55.42
-151194.278   258.887   -87.19   51.60
-150815.128   249.554   -24.61   41.58
-150435.906   272.458    60.39   51.33
-150056.613   303.393    81.55   59.34
-149677.247   319.474    42.38   46.49
-149297.808   312.847   -17.46   44.11
-148918.298   291.756   -55.57   43.37
-148538.715   269.873   -57.64   38.74
-148159.060   255.379   -38.17   41.52
-147779.333   239.102   -42.86   37.29
-147399.533   219.722   -51.02   38.05
-147019.661   196.564   -60.95   39.73
-146639.717   171.783   -65.22   37.87
-146259.700   148.957   -60.06   29.02
-145879.610   136.458   -32.88   23.39
-145499.448   129.575   -18.10   21.22
-145119.213   120.658   -23.45   21.23
-144747.025   108.561   -32.50   19.03
-144380.615   100.446   -22.15   18.02
-144014.139    92.082   -22.82   16.33
-143647.595    85.861   -16.97   13.22
-143280.985    79.535   -17.26   10.96
-142914.308    74.521   -13.67   10.05
-142547.564    70.577   -10.75   10.20
-142180.753    67.105    -9.46    9.62
-141813.875    62.967   -11.28   10.72
-141446.930    60.547    -6.59   10.99
-141079.919    58.333    -6.03   11.17
-140712.840    56.199    -5.81   11.36
-140345.693    53.838    -6.43   11.73
-139978.480    50.046   -10.33   10.75
-139611.200    47.067    -8.11    9.34
-139243.852    44.038    -8.25    6.88
-138876.437    41.961    -5.65    4.30
-138508.955    41.188    -2.10    3.09
-138141.405    40.458    -1.99    2.74
-137773.788    39.830    -1.71    2.70
-137406.104    39.094    -2.00    2.56
-137038.352    38.566    -1.44    2.57
-136670.533    38.893     0.89    3.72
-136302.646    41.239     6.38    7.80
-135934.691    46.640    14.68   14.79
-135566.669    49.089     6.65   17.53
-135198.580    46.966    -5.77   16.30
-134830.422    43.152   -10.36   12.24
-134462.197    39.211   -10.70    6.39
-134093.904    37.591    -4.40    4.19
-133725.544    37.612     0.06    4.70
-133357.115    37.328    -0.77    5.16
-132988.619    36.681    -1.76    4.68
-132620.055    35.513    -3.17    3.60
-132251.423    34.485    -2.79    2.80
-131882.723    33.454    -2.80    2.20
-131513.954    32.477    -2.65    2.01
-131145.118    31.658    -2.22    1.92
-130776.214    30.512    -3.10    1.94
-130407.242    29.446    -2.89    1.75
-130038.201    28.399    -2.84    1.64
-129669.092    27.366    -2.80    1.69
-129299.916    26.201    -3.16    1.64
-128930.670    25.324    -2.37    1.28
-128561.357    24.621    -1.90    0.76
-128191.975    24.326    -0.80    0.44
-127822.524    24.374     0.13    0.65
-127453.006    24.508     0.36    0.99
-127083.419    24.930     1.14    2.02
-126713.763    25.559     1.70    3.48
-126344.039    26.077     1.40    4.27
-125974.246    26.587     1.38    4.77
-125604.384    27.390     2.17    5.70
-125234.454    28.710     3.57    6.74
-124864.456    29.280     1.54    7.13
-124494.388    29.999     1.94    6.64
-124124.252    30.489     1.32    6.07
-123754.047    30.301    -0.51    5.17
-123383.773    29.694    -1.64    4.65
-123013.430    28.533    -3.14    4.31
-122643.018    27.175    -3.67    2.57
-122272.537    26.771    -1.09    1.57
-121901.988    26.706    -0.17    1.13
-121531.369    26.605    -0.27    1.06
-121160.681    26.387    -0.59    0.98
-120789.924    25.959    -1.15    0.80
-120419.098    25.745    -0.58    0.71
-120048.203    25.489    -0.69    0.48
-119677.238    25.439    -0.13    0.50
-119306.204    25.369    -0.19    0.54
-118935.101    25.247    -0.33    0.33
-118563.929    25.164    -0.22    0.11
-118192.687    25.152    -0.03    0.00
-117821.376    25.152     0.00    0.00
-117449.995    25.152     0.00    0.00
-117078.545    25.152     0.00    0.00
-116707.025    25.094    -0.16    0.24
-116335.436    24.927    -0.45    0.53
-115963.777    24.722    -0.55    0.74
-115592.048    24.414    -0.83    0.91
-115220.250    24.083    -0.89    1.11
-114848.382    23.489    -1.60    1.64
-114476.444    22.826    -1.78    1.83
-114104.436    22.362    -1.25    1.72
-113732.359    22.317    -0.12    1.54
-113360.211    23.004     1.85    2.46
-112987.994    26.050     8.18    7.34
-112615.707    29.868    10.26    9.84
-112243.349    34.105    11.38   10.54
-111870.922    37.781     9.87    9.28
-111498.424    43.060    14.17    8.45
-111125.857    50.615    20.28    9.51
-110753.219    63.931    35.73   19.22
-110380.511    85.510    57.89   31.51
-110007.733   119.350    90.77   44.53
-109634.884   158.031   103.74   45.73
-109261.966   194.497    97.78   37.77
-108888.976   218.030    63.09   20.84
-108515.917   223.481    14.61   15.51
-108142.787   216.604   -18.43   20.41
-107769.586   203.646   -34.72   23.12
-107396.315   187.842   -42.34   26.47
-107022.973   167.175   -55.35   27.54
-106649.561   147.774   -51.95   23.46
-106276.078   128.966   -50.35   19.57
-105902.525   114.923   -37.59   14.51
-105528.900   103.520   -30.52   11.46
-105155.205    95.187   -22.30    7.61
-104781.439    93.094    -5.60    6.84
-104407.603    95.067     5.28    9.26
-104033.695   101.873    18.20   13.00
-103659.716   112.911    29.51   17.20
-103285.667   128.002    40.34   24.77
-102911.546   146.617    49.75   34.12
-102537.355   173.623    72.17   43.12
-102163.092   204.561    82.66   52.42
-101788.758   241.780    99.42   56.02
-101414.353   271.236    78.67   46.00
-101039.877   278.589    19.63   39.56
-100665.330   265.652   -34.54   50.40
-100290.711   225.334  -107.62   57.34
 -99916.021   200.827   -65.40   41.03
 -99541.260   201.768     2.51   36.32
 -99166.427   228.932    72.46   49.89
 -98791.523   273.508   118.89   51.98
 -98416.547   308.342    92.89   40.58
 -98041.500   325.925    46.88   21.80
 -97666.381   322.875    -8.13   22.46
 -97291.190   303.152   -52.56   32.91
 -96915.928   278.640   -65.32   31.77
 -96540.594   263.722   -39.74   28.79
 -96165.189   274.116    27.69   51.95
 -95789.712   305.979    84.86   67.93
 -95414.162   329.152    61.70   54.51
 -95038.541   325.796    -8.93   51.19
 -94662.848   301.014   -65.96   56.98
 -94287.084   261.945  -103.97   52.37
 -93911.247   225.089   -98.06   45.67
 -93535.338   199.129   -69.06   37.11
 -93159.357   187.439   -31.09   31.27
 -92783.304   202.856    40.99   49.48
 -92407.179   231.227    75.42   58.02
 -92030.981   254.347    61.45   43.55
 -91654.712   264.077    25.86   26.54
 -91278.370   245.807   -48.54   39.46
 -90901.956   210.952   -92.59   42.92
 -90525.469   172.459  -102.24   43.52
 -90148.910   139.298   -88.06   31.19
 -89772.279   117.071   -59.01   23.37
 -89395.575    99.330   -47.09   14.33
 -89018.798    88.715   -28.17   10.37
 -88641.949    81.839   -18.25    6.48
 -88265.028    84.477     7.00   15.99
 -87888.034    92.345    20.87   25.33
 -87510.967   105.012    33.59   29.54
 -87133.827   122.059    45.20   32.41
 -86756.615   141.943    52.71   39.93
 -86379.330   164.605    60.06   35.85
 -86001.971   172.140    19.97   28.30
 -85624.540   164.104   -21.29   32.69
 -85247.037   143.887   -53.55   31.03
 -84869.460   127.720   -42.82   17.98
 -84491.810   125.224    -6.61   21.98
 -84114.087   139.060    36.63   34.33
 -83736.291   152.908    36.65   36.13
 -83358.421   149.359    -9.39   35.46
 -82980.479   129.012   -53.83   44.60
 -82602.463    98.001   -82.03   43.65
 -82224.374    73.658   -64.38   28.87
 -81846.212    61.439   -32.31   11.02
 -81467.977    63.393     5.16   10.56
 -81089.668    75.566    32.17   18.15
 -80711.285    92.226    44.03   22.98
 -80332.829   111.324    50.46   26.04
 -79954.300   129.794    48.79   25.05
 -79575.697   146.913    45.21   24.07
 -79197.020   162.868    42.13   24.56
 -78818.270   196.106    87.75   45.02
 -78439.446   235.830   104.86   53.65
 -78060.548   250.765    39.41   49.67
 -77681.576   245.426   -14.09   63.28
 -77302.531   214.106   -82.62   81.76
 -76923.411   170.598  -114.75   78.60
 -76544.218   133.338   -98.25   61.40
 -76164.951   105.977   -72.14   41.18
 -75785.610    87.676   -48.24   21.22
 -75406.195    78.890   -23.15   10.18
 -75026.705    75.439    -9.09    5.33
 -74647.142    73.752    -4.45    3.30
 -74267.504    73.943     0.50    3.61
 -73887.793    75.501     4.10    4.41
 -73508.007    80.342    12.75   10.99
 -73128.146    90.413    26.51   21.74
 -72748.211   108.128    46.62   36.32
 -72368.202   131.345    61.09   46.83
 -71988.119   154.275    60.33   48.23
 -71607.961   180.686    69.47   44.51
 -71227.728   210.202    77.62   50.76
 -70847.421   251.941   109.74   55.89
 -70467.039   289.030    97.50   45.13
 -70090.471   301.970    34.36   33.50
 -69724.275   293.214   -23.91   46.51
 -69358.010   263.210   -81.91   51.89
 -68991.677   229.701   -91.47   41.88
 -68625.276   221.791   -21.59   41.76
 -68258.806   229.473    20.96   48.44
 -67892.267   244.800    41.81   52.65
 -67525.660   263.209    50.21   51.26
 -67158.985   271.211    21.82   40.93
 -66792.240   255.652   -42.42   45.33
 -66425.427   229.612   -70.99   52.44
 -66058.546   206.060   -64.19   44.17
 -65691.595   198.791   -19.81   39.01
 -65324.576   216.322    47.76   50.42
 -64957.487   229.034    34.63   52.93
 -64590.330   209.511   -53.17   67.67
 -64223.104   173.798   -97.25   64.03
 -63855.809   140.550   -90.52   36.23
 -63488.446   129.115   -31.13   15.95
 -63121.013   148.520    52.81   36.39
 -62753.510   178.340    81.14   49.84
 -62385.939   212.710    93.50   50.69
 -62018.299   239.819    73.73   45.54
 -61650.589   262.242    60.98   42.56
 -61282.811   273.303    30.07   41.46
 -60914.962   275.002     4.62   44.48
 -60547.045   278.379     9.18   42.54
 -60179.058   289.469    30.14   47.83
 -59811.002   313.254    64.62   56.59
 -59442.877   361.295   130.49   61.49
 -59074.682   402.497   111.90   61.68
 -58706.417   434.396    86.62   39.04
 -58338.083   437.811     9.27   24.38
 -57969.679   429.103   -23.64   26.21
 -57601.206   404.209   -67.56   32.34
 -57232.663   377.569   -72.28   33.94
 -56864.051   357.481   -54.49   32.25
 -56495.368   346.477   -29.85   31.89
 -56126.616   336.220   -27.82   41.31
 -55757.794   327.979   -22.34   47.33
 -55388.902   310.354   -47.78   48.06
 -55019.940   294.604   -42.69   40.64
 -54650.909   283.334   -30.54   34.20
 -54281.807   279.834    -9.48   43.23
 -53912.635   273.997   -15.81   48.05
 -53543.393   268.550   -14.75   49.91
 -53174.081   263.861   -12.69   48.49
 -52804.699   250.618   -35.85   41.14
 -52435.247   241.449   -24.81   37.57
 -52065.725   233.300   -22.05   33.50
 -51696.132   229.420   -10.50   38.45
 -51326.469   228.568    -2.31   48.77
 -50956.736   224.627   -10.66   51.91
 -50586.932   215.606   -24.39   46.42
 -50217.058   208.249   -19.89   38.59
 -49847.113   200.470   -21.03   33.28
 -49477.098   194.735   -15.50   32.05
 -49107.013   182.754   -32.37   26.63
 -48736.856   174.022   -23.59   18.76
 -48366.629   166.890   -19.26   13.64
 -47996.332   162.803   -11.04   11.94
 -47625.964   156.868   -16.02   12.41
 -47255.525   152.106   -12.85   12.85
 -46885.015   148.952    -8.51   14.00
 -46514.435   146.927    -5.46   16.65
 -46143.783   141.095   -15.73   18.40
 -45773.061   142.710     4.36   19.06
 -45402.268   149.675    18.78   21.84
 -45031.403   160.754    29.87   26.65
 -44660.468   175.566    39.93   26.01
 -44289.462   183.493    21.37   23.93
 -43918.384   194.022    28.38   26.98
 -43547.236   213.652    52.89   40.37
 -43176.016   246.117    87.45   56.36
 -42804.725   293.402   127.35   64.46
 -42433.363   345.542   140.40   65.85
 -42061.929   396.623   137.52   68.72
 -41690.424   443.201   125.37   63.56
 -41318.848   474.993    85.56   46.61
 -40947.200   484.152    24.64   36.32
 -40575.481   474.307   -26.48   48.11
 -40203.690   455.995   -49.25   57.26
 -39831.828   444.106   -31.97   55.54
 -39459.894   433.735   -27.88   52.20
 -39087.888   414.015   -53.01   53.53
 -38715.811   390.928   -62.05   53.93
 -38343.662   362.493   -76.41   49.00
 -37971.441   342.164   -54.61   50.64
 -37599.149   331.981   -27.35   56.64
 -37226.784   325.082   -18.53   69.20
 -36854.348   319.300   -15.53   75.38
 -36481.840   317.570    -4.64   76.74
 -36109.260   312.709   -13.05   69.43
 -35736.608   298.025   -39.40   67.25
 -35363.883   283.140   -39.93   61.94
 -34991.087   255.382   -74.46   57.01
 -34618.219   225.073   -81.28   52.53
 -34245.278   195.037   -80.54   49.85
 -33872.265   161.370   -90.25   47.13
 -33499.180   134.826   -71.15   35.86
 -33126.023   119.384   -41.38   18.66
 -32752.793   129.051    25.90   34.72
 -32379.491   162.050    88.39   57.84
 -32006.116   203.917   112.13   56.79
 -31632.669   227.163    62.25   40.64
 -31259.150   219.931   -19.36   45.33
 -30885.558   183.470   -97.59   52.24
 -30511.893   148.388   -93.88   36.64
 -30138.156   121.756   -71.26   18.26
 -29764.346   109.377   -33.12   14.20
 -29390.463    98.922   -27.96   12.13
 -29016.507    90.830   -21.64   11.23
 -28642.479    85.291   -14.81   10.81
 -28268.378    83.015    -6.08   11.47
 -27894.204    82.658    -0.96   11.54
 -27519.957    82.561    -0.26    9.98
 -27145.637    79.873    -7.18    9.09
 -26771.244    76.874    -8.01   10.36
 -26396.778    74.211    -7.11   12.44
 -26022.239    69.970   -11.32   15.11
 -25647.627    61.439   -22.77   17.55
 -25272.941    51.243   -27.21   19.53
 -24898.183    35.954   -40.80   16.81
 -24523.351    25.595   -27.64   13.05
 -24148.445    16.646   -23.87    6.03
 -23773.467    13.300    -8.92    3.43
 -23398.415    11.528    -4.72    1.75
 -23023.289    10.959    -1.52    1.08
 -22648.090    10.819    -0.37    0.74
 -22272.818    10.902     0.22    0.72
 -21897.472    10.954     0.14    0.70
 -21522.052    10.970     0.04    0.64
 -21146.559    10.750    -0.59    0.58
 -20770.992    10.511    -0.63    0.48
 -20395.351    10.301    -0.56    0.36
 -20019.636    10.196    -0.28    0.21
 -19643.848    10.152    -0.12    0.00
 -19267.986    10.084    -0.18    0.33
 -18892.049     9.796    -0.77    0.51
 -18516.039     9.527    -0.71    0.49
 -18139.955     9.070    -1.21    0.51
 -17763.797     8.704    -0.98    0.50
 -17387.565     8.290    -1.10    0.57
 -17011.258     7.925    -0.97    0.54
 -16634.877     7.589    -0.89    0.50
 -16258.423     7.332    -0.68    0.41
 -15881.894     7.152    -0.48    0.26
 -15505.290     7.118    -0.09    0.18
 -15128.612     7.118     0.00    0.18
 -14751.860     7.140     0.06    0.11
 -14375.034     7.140     0.00    0.11
 -13998.133     7.060    -0.21    0.33
 -13621.157     6.925    -0.36    0.52
 -13244.107     6.777    -0.39    0.63
 -12866.982     6.646    -0.35    0.66
 -12489.783     6.663     0.05    0.63
 -12112.508     6.720     0.15    0.60
 -11735.160     6.686    -0.09    0.62
 -11357.736     6.691     0.01    0.68
 -10980.237     6.826     0.36    0.64
 -10602.664     6.927     0.27    0.56
 -10225.016     7.060     0.35    0.36
  -9847.292     7.263     0.54    0.35
  -9469.494     7.899     1.68    1.46
  -9091.621    18.590    28.29   27.61
  -8713.672    49.787    82.54   67.41
  -8335.649    91.800   111.14   87.76
  -7957.550   117.999    69.29   88.44
  -7579.376   105.372   -33.39   87.24
  -7201.126    72.819   -86.06   74.61
  -6822.802    34.921  -100.17   47.04
  -6444.402    10.330   -64.99    5.04
  -6065.926     7.265    -8.10    3.10
  -5687.376     5.737    -4.04    2.76
  -5308.749     4.959    -2.06    2.19
  -4930.047     4.489    -1.24    1.51
  -4551.270     4.474    -0.04    1.01
  -4172.417     3.759    -1.89    0.92
  -3793.488     3.052    -1.87    0.99
  -3414.483     2.244    -2.13    0.92
  -3035.403     1.675    -1.50    0.71
  -2656.247     1.280    -1.04    0.34
  -2277.015     1.152    -0.34    0.00
  -1897.707     1.152     0.00    0.00
  -1518.323     1.129    -0.06    0.15
  -1138.863     0.715    -1.09    0.80
   -759.327     0.175    -1.42    0.98
   -379.715    -0.428    -1.59    0.78
     -0.027    -0.337     0.24    1.05
    379.737     4.163    11.85   11.48
    759.577     6.531     6.23   12.05
   1139.494     6.500    -0.08    9.39
   1519.487     4.681    -4.79    5.99
   1899.557     2.719    -5.16    2.68
   2279.703     1.675    -2.74    1.45
   2659.925     1.196    -1.26    0.26
   3040.224     1.152    -0.12    0.00
   3420.599     1.152     0.00    0.00
   3801.051     1.152     0.00    0.00
   4181.580     1.152     0.00    0.00
   4562.185     1.152     0.00    0.00
   4928.879     1.152     0.00    0.00
   5294.927     1.152     0.00    0.00
   5661.045     1.152     0.00    0.00
   6027.233     1.152     0.00    0.00
   6393.492     1.152     0.00    0.00
   6759.820     1.152     0.00    0.00
   7126.219     1.152     0.00    0.00
   7492.688     1.152     0.00    0.00
   7859.228     1.152     0.00    0.00
   8225.838     1.152     0.00    0.00
   8592.518     1.152     0.00    0.00
   8959.269     1.152     0.00    0.00
   9326.090     1.152     0.00    0.00
   9692.982     1.152     0.00    0.00
  10059.944     1.152     0.00    0.00
  10426.977     1.152     0.00    0.00
  10794.080     1.152     0.00    0.00
  11161.255     1.152     0.00    0.00
  11528.500     1.152     0.00    0.00
  11895.815     1.152     0.00    0.00
  12263.202     1.152     0.00    0.00
  12630.659     1.152     0.00    0.00
  12998.188     1.152     0.00    0.00
  13365.787     1.152     0.00    0.00
  13733.457     1.152     0.00    0.00
  14101.199     1.152     0.00    0.00
  14469.011     1.152     0.00    0.00
  14836.894     1.152     0.00    0.00
  15204.849     1.152     0.00    0.00
  15572.875     1.152     0.00    0.00
  15940.972     1.152     0.00    0.00
  16309.140     1.152     0.00    0.00
  16677.380     0.970    -0.49    0.54
  17045.691     0.747    -0.60    0.75
  17414.073     0.497    -0.68    0.87
  17782.527     0.307    -0.51    0.89
  18151.052     0.447     0.38    0.86
  18519.649     0.635     0.51    0.78
  18888.317     0.759     0.34    0.68
  19257.057     1.085     0.88    0.25
  19625.868     1.152     0.18    0.00
  19994.752     1.152     0.00    0.00
  20363.706     1.152     0.00    0.00
  20732.733     1.152     0.00    0.00
  21101.832     1.209     0.16    0.23
  21471.002     1.563     0.96    0.89
  21840.244     2.118     1.50    1.61
  22209.558     2.837     1.95    2.42
  22578.945     2.618    -0.59    3.53
  22948.403     0.991    -4.40    4.82
  23317.933     1.759     2.08   11.98
  23687.535    19.198    47.18   33.73
  24057.210    42.163    62.12   42.54
  24426.956    70.838    77.55   33.25
  24796.775    85.591    39.89   15.95
  25166.666    84.723    -2.35   14.04
  25536.630    75.402   -25.20   16.38
  25906.665    65.873   -25.75   15.48
  26276.774    57.174   -23.50   16.40
  26646.954    44.375   -34.57   23.22
  27017.207    30.328   -37.94   26.54
  27387.533    17.745   -33.98   23.80
  27757.931     6.306   -30.88   17.09
  28128.402    -0.595   -18.63    7.64
  28498.945    -1.972    -3.71    2.40
  28869.561    -1.646     0.88    2.09
  29240.250    -2.048    -1.09    1.91
  29611.012    -2.320    -0.73    1.55
  29981.846    -2.235     0.23    1.25
  30352.753    -2.331    -0.26    0.93
  30723.734    -2.377    -0.12    0.68
  31094.787    -2.534    -0.42    0.63
  31465.913    -2.627    -0.25    0.66
  31837.112    -2.803    -0.47    0.72
  32208.384    -2.930    -0.34    0.88
  32579.730    -2.981    -0.14    1.11
  32951.148    -2.848     0.36    1.43
  33322.640    -2.305     1.46    1.89
  33694.205    -1.720     1.57    2.46
  34065.843    -1.283     1.18    3.02
  34437.554    -1.069     0.58    3.56
  34809.339    -0.573     1.33    4.61
  35181.198     4.566    13.82   15.52
  35553.129    11.407    18.40   23.11
  35925.135    22.850    30.76   30.81
  36297.214    32.407    25.69   34.84
  36669.366    42.002    25.78   37.22
  37041.592    46.017    10.79   36.73
  37413.892    43.991    -5.44   33.02
  37786.265    41.152    -7.62   26.46
  38158.713    43.538     6.41   22.12
  38531.234    50.197    17.87   22.92
  38903.828    66.545    43.88   23.96
  39276.497    84.572    48.37   22.20
  39649.240   101.635    45.78   21.96
  40022.057   108.095    17.33   19.19
  40394.947   101.218   -18.44   25.22
  40767.912    88.071   -35.25   24.63
  41140.951    79.218   -23.73   18.48
  41514.064    80.876     4.44   17.02
  41887.251    92.240    30.45   17.90
  42260.513   108.925    44.70   21.83
  42633.849   128.789    53.21   31.26
  43007.259   148.792    53.57   34.57
  43380.743   152.184     9.08   30.96
  43754.302   139.140   -34.92   40.00
  44127.936   117.932   -56.76   39.13
  44501.643   101.509   -43.95   22.59
  44875.426   113.965    33.33   29.85
  45249.283   137.905    64.04   32.67
  45623.215   166.307    75.96   38.97
  45997.221   189.307    61.50   36.09
  46371.302   194.759    14.57   33.04
  46745.458   196.747     5.31   33.30
  47119.689   185.563   -29.89   29.13
  47493.994   167.009   -49.57   29.53
  47868.375   147.196   -52.92   37.27
  48242.830   114.740   -86.68   39.71
  48617.360    81.525   -88.69   44.74
  48991.966    51.735   -79.53   40.39
  49366.646    28.822   -61.16   26.21
  49741.402    17.566   -30.04   10.30
  50116.233    24.195    17.69   15.73
  50491.139    36.393    32.54   21.06
  50866.120    54.174    47.42   23.22
  51241.177    73.197    50.72   21.97
  51616.309    90.635    46.49   23.14
  51991.516   106.209    41.51   30.10
  52366.799   116.657    27.84   34.50
  52742.158   122.501    15.57   36.81
  53117.591   122.485    -0.04   34.17
  53493.101   122.528     0.11   26.85
  53868.686   138.186    41.69   35.07
  54244.347   164.733    70.67   44.34
  54620.083   194.174    78.36   37.99
  54995.895   206.280    32.21   33.14
  55371.783   198.174   -21.57   42.45
  55747.747   183.244   -39.71   42.59
  56123.787   177.734   -14.65   35.17
  56499.903   171.777   -15.84   29.35
  56876.094   160.723   -29.38   32.39
  57252.362   139.885   -55.38   33.19
  57628.706   111.855   -74.48   26.39
  58005.126    93.826   -47.90   17.74
  58381.622    82.778   -29.34    8.11
  58758.194    78.841   -10.46    4.44
  59134.843    77.888    -2.53    4.99
  59511.568    78.534     1.71    6.44
  59888.369    78.152    -1.01    8.52
  60265.247    75.697    -6.51    9.49
  60642.201    71.239   -11.83   10.84
  61019.232    66.384   -12.88   10.26
  61396.339    63.996    -6.33    9.75
  61773.523    61.964    -5.39    9.99
  62150.783    59.882    -5.52   10.65
  62528.120    60.919     2.75   12.72
  62905.534    60.118    -2.12   11.73
  63283.024    58.222    -5.02    9.89
  63660.592    54.230   -10.57    7.72
  64038.236    49.943   -11.35    4.26
  64415.957    50.862     2.43    6.22
  64793.755    56.905    16.00   12.06
  65171.630    64.471    20.02   13.12
  65549.583    71.893    19.64   11.38
  65927.612    76.771    12.91   10.06
  66305.718    79.931     8.36    8.87
  66683.902    84.021    10.82    6.40
  67062.163    87.396     8.92    5.98
  67440.501    91.184    10.01    7.34
  67818.916    97.733    17.31   12.89
  68197.409   106.337    22.73   19.58
  68575.979   117.931    30.63   25.35
  68954.627   128.613    28.21   28.70
  69333.352   140.807    32.20   34.25
  69712.155   152.152    29.95   35.64
  70091.035   156.945    12.65   36.83
  70469.993   155.826    -2.95   34.98
  70849.029   151.773   -10.69   27.83
  71228.143   157.207    14.33   26.43
  71607.334   172.416    40.11   32.42
  71986.603   197.262    65.51   40.48
  72365.950   227.788    80.48   47.24
  72745.375   258.754    81.62   48.03
  73124.878   281.254    59.29   36.60
  73504.459   280.569    -1.80   33.01
  73884.118   264.174   -43.19   39.75
  74263.856   244.274   -52.41   34.82
  74643.671   234.141   -26.68   28.83
  75023.565   240.519    16.79   33.48
  75403.537   268.965    74.87   43.22
  75783.587   294.736    67.81   44.36
  76163.716   308.108    35.18   37.74
  76543.923   307.991    -0.31   39.87
  76924.208   293.866   -37.14   46.65
  77304.572   275.554   -48.15   44.29
  77685.015   257.525   -47.39   43.95
  78065.536   230.140   -71.97   53.31
  78446.136   192.052  -100.08   57.65
  78826.815   148.905  -113.35   43.83
  79207.572   119.983   -75.96   30.95
  79578.991   100.059   -53.65   24.69
  79944.816    83.785   -44.49   18.27
  80310.714    75.936   -21.45   10.78
  80676.683    78.330     6.54   12.96
  81042.723    92.419    38.49   24.32
  81408.836   112.891    55.92   30.13
  81775.021   129.668    45.82   27.09
  82141.278   145.038    41.97   21.55
  82507.606   154.924    26.99   23.08
  82874.007   165.342    28.44   29.69
  83240.480   181.485    44.05   34.81
  83607.025   204.324    62.31   42.45
  83973.643   234.902    83.41   52.23
  84340.332   262.936    76.46   55.14
  84707.094   285.130    60.52   42.28
  85073.928   280.830   -11.72   38.37
  85440.835   258.991   -59.53   44.31
  85807.814   236.317   -61.79   42.93
  86174.865   220.584   -42.87   42.70
  86541.989   204.750   -43.13   50.22
  86909.186   179.594   -68.51   53.95
  87276.455   154.934   -67.15   52.11
  87643.796   135.860   -51.93   45.27
  88011.211   119.954   -43.29   46.29
  88378.698    99.324   -56.14   52.56
  88746.258    70.852   -77.47   46.22
  89113.890    48.706   -60.24   27.77
  89481.596    37.197   -31.30    3.76
  89849.374    37.262     0.18    2.77
  90217.225    40.566     8.98    5.87
  90585.150    47.858    19.82   12.59
  90953.147    60.234    33.63   22.65
  91321.217    75.460    41.37   28.31
  91689.361    90.869    41.86   29.32
  92057.577   104.793    37.82   32.63
  92425.867   119.253    39.26   36.62
  92794.230   135.315    43.61   39.50
  93162.666   147.073    31.92   39.89
  93531.176   169.206    60.06   45.50
  93899.759   193.734    66.55   56.41
  94268.415   233.902   108.96   62.78
  94637.145   257.761    64.71   53.57
  95005.948   272.015    38.65   39.06
  95374.825   260.978   -29.92   42.24
  95743.775   233.564   -74.31   41.41
  96112.799   211.635   -59.43   29.66
  96481.897   203.687   -21.54   20.40
  96851.068   217.565    37.60   29.48
  97220.314   242.550    67.67   37.56
  97589.632   272.602    81.38   37.00
  97959.025   282.481    26.75   28.04
  98328.492   263.511   -51.35   44.49
  98698.033   232.730   -83.30   55.68
  99067.647   191.431  -111.74   46.64
  99437.336   164.019   -74.16   30.34
  99807.098   142.460   -58.31   23.37
 100176.935   123.066   -52.44   26.23
 100546.846   104.601   -49.92   26.64
 100916.831    90.847   -37.18   20.73
 101286.891    81.012   -26.58    6.65
 101657.024    83.434     6.54    9.48
 102027.232    91.652    22.20   13.47
 102397.514   105.837    38.31   17.83
 102767.871   121.596    42.56   20.33
 103138.302   145.969    65.80   31.11
 103508.808   168.826    61.70   38.38
 103879.388   198.752    80.76   51.69
 104250.043   225.184    71.32   59.30
 104620.773   256.830    85.37   66.33
 104991.577   290.032    89.55   69.03
 105362.456   324.606    93.23   61.70
 105733.410   342.345    47.82   50.90
 106104.438   344.504     5.82   46.12
 106475.542   324.489   -53.94   59.17
 106846.720   301.887   -60.90   63.40
 107217.973   293.449   -22.73   54.01
 107589.301   296.477     8.16   43.27
 107960.705   331.032    93.05   58.16
 108332.183   371.024   107.66   60.60
 108703.736   401.416    81.80   48.32
 109075.365   415.913    39.01   38.24
 109447.069   406.184   -26.18   50.06
 109818.848   386.345   -53.37   55.51
 110190.703   373.097   -35.63   43.82
 110562.633   365.720   -19.84   36.09
 110934.638   350.872   -39.92   41.24
 111306.719   331.377   -52.40   53.98
 111678.875   299.065   -86.83   53.27
 112051.107   272.263   -72.01   38.36
 112423.414   261.969   -27.65   39.08
 112795.797   252.394   -25.72   40.24
 113168.256   237.539   -39.89   42.33
 113540.790   224.888   -33.96   33.84
 113913.400   222.547    -6.28   31.05
 114286.086   245.775    62.33   51.46
 114658.848   282.296    97.98   54.75
 115031.686   303.456    56.76   40.51
 115404.599   305.715     6.06   36.38
 115777.589   287.782   -48.08   45.93
 116150.655   256.861   -82.89   39.70
 116523.797   231.391   -68.26   27.72
 116897.015   215.117   -43.61   22.04
 117270.309   202.663   -33.37   20.01
 117643.679   197.454   -13.95   17.55
 118017.126   203.250    15.52   21.90
 118390.649   215.657    33.22   26.18
 118764.248   237.918    59.59   31.34
 119137.924   253.921    42.83   29.82
 119511.676   265.335    30.54   30.23
 119885.505   268.734     9.09   31.45
 120259.410   271.756     8.08   31.27
 120633.392   273.732     5.28   31.24
 121007.451   279.723    16.02   31.15
 121381.586   284.152    11.84   31.06
 121755.798   290.844    17.89   33.84
 122130.087   296.750    15.78   36.46
 122504.452   309.218    33.31   40.40
 122878.895   321.369    32.46   40.30
 123253.414   341.885    54.78   37.68
 123628.011   355.471    36.27   32.07
 124002.684   358.563     8.25   25.05
 124377.435   349.304   -24.71   30.20
 124752.262   334.363   -39.86   33.96
 125127.167   322.782   -30.89   35.26
 125502.149   314.657   -21.67   42.44
 125877.208   312.456    -5.87   46.04
 126252.345   302.361   -26.91   46.70
 126627.559   292.967   -25.04   39.20
 127002.850   289.919    -8.12   32.78
 127378.219   293.054     8.35   26.72
 127753.665   311.852    50.07   32.04
 128129.189   338.599    71.23   37.04
 128504.790   370.702    85.48   35.52
 128880.469   398.045    72.79   35.01
 129256.226   418.220    53.70   29.02
 129632.061   430.726    33.28   25.54
 130007.973   436.754    16.04   20.09
 130383.963   431.619   -13.66   17.71
 130760.031   421.652   -26.51   18.73
 131136.177   409.826   -31.44   16.35
 131512.401   401.047   -23.34   12.49
 131888.702   396.869   -11.10    9.63
 132265.082   394.163    -7.19    8.69
 132641.540   389.119   -13.40   12.25
 133018.077   382.710   -17.02   15.90
 133394.691   371.421   -29.98   23.40
 133771.384   356.594   -39.36   27.78
 134148.155   342.431   -37.59   31.35
 134525.004   334.361   -21.42   32.25
 134901.932   338.507    11.00   32.48
 135278.938   348.300    25.98   23.68
 135656.023   351.023     7.22   12.40
 136033.186   344.913   -16.20   13.87
 136410.428   338.130   -17.98   19.18
 136787.748   333.322   -12.74   19.66
 137165.148   329.603    -9.85   18.67
 137542.626   323.606   -15.89   24.50
 137920.182   308.765   -39.31   37.93
 138297.818   284.709   -63.71   55.00
 138675.532   261.931   -60.31   60.94
 139053.326   243.845   -47.88   60.53
 139431.198   233.889   -26.35   57.41
 139809.150   227.311   -17.41   60.38
 140187.180   240.657    35.31   68.49
 140565.290   264.163    62.17   66.80
 140943.479   277.652    35.67   51.04
 141321.747   282.255    12.17   34.67
 141700.094   262.001   -53.54   35.92
 142078.521   235.640   -69.67   34.47
 142457.027   211.869   -62.81   35.32
 142835.613   191.585   -53.58   29.40
