-123522.309    88.919     0.00   33.09
-123152.721   105.003    43.52   41.90
-122783.199   134.141    78.86   48.71
-122413.743   151.758    47.69   49.48
-122044.353   162.725    29.69   50.67
-121675.030   170.225    20.31   50.91
-121305.773   191.717    58.21   48.97
-120936.582   210.985    52.20   43.77
-120567.458   227.632    45.10   33.57
-120198.399   228.656     2.78   32.12
-119829.407   214.185   -39.22   32.55
-119460.480   195.340   -51.09   37.24
-119091.620   163.229   -87.06   43.45
-118722.825   128.339   -94.62   45.10
-118354.097    92.827   -96.32   42.38
-117985.434    59.900   -89.32   35.96
-117616.837    31.005   -78.40   24.39
-117248.307    15.576   -41.87   15.24
-116879.841     6.534   -24.54    4.75
-116511.442     4.659    -5.09    0.65
-116143.108     4.525    -0.36    0.47
-115774.840     4.482    -0.12    0.45
-115406.638     4.465    -0.05    0.45
-115038.501     4.400    -0.18    0.43
-114670.430     4.054    -0.94    1.18
-114302.424     3.058    -2.71    2.12
-113934.484     1.926    -3.08    2.51
-113566.610     2.010     0.23    2.55
-113198.801     2.238     0.62    2.62
-112831.057     2.690     1.23    2.57
-112463.378     2.783     0.25    2.79
-112095.765     2.437    -0.94    2.64
-111728.218     2.314    -0.33    2.52
-111360.735     2.617     0.82    2.31
-110993.318     3.266     1.77    1.79
-110625.966     4.200     2.54    0.55
-110258.679     4.352     0.41    0.19
-109891.457     4.180    -0.47    0.41
-109524.300     4.054    -0.34    0.47
-109157.209     3.954    -0.27    0.50
-108790.182     3.930    -0.07    0.50
-108423.220     3.856    -0.20    0.50
-108056.324     3.769    -0.24    0.49
-107689.492     3.606    -0.44    0.42
-107322.725     3.473    -0.36    0.28
-106943.269     3.388    -0.22    0.00
-106563.088     3.388     0.00    0.00
-106182.978     3.388     0.00    0.00
-105802.938     3.388     0.00    0.00
-105422.968     3.388     0.00    0.00
-105043.068     3.388     0.00    0.00
-104663.239     3.388     0.00    0.00
-104283.480     3.388     0.00    0.00
-103903.791     3.388     0.00    0.00
-103524.172     3.388     0.00    0.00
-103144.623     3.054    -0.88    1.13
-102765.144     2.160    -2.36    2.08
-102385.735     1.749    -1.08    2.09
-102006.397     1.208    -1.43    2.08
-101627.128     1.168    -0.11    1.89
-101247.929     1.401     0.61    1.84
-100868.800     1.180    -0.58    2.10
-100489.740     0.768    -1.09    2.38
-100110.751     0.568    -0.53    2.47
 -99731.831     0.583     0.04    2.51
 -99352.980     0.769     0.49    2.45
 -98974.200     1.339     1.51    2.05
 -98595.489     1.766     1.13    1.62
 -98216.848     2.303     1.42    0.57
 -97838.276     2.388     0.22    0.00
 -97459.773     2.364    -0.06    0.15
 -97081.341     2.324    -0.10    0.25
 -96702.977     2.326     0.00    0.24
 -96324.683     2.324    -0.00    0.25
 -95946.458     2.364     0.10    0.15
 -95568.303     2.388     0.06    0.00
 -95190.217     2.388     0.00    0.00
 -94812.200     2.388     0.00    0.00
 -94434.252     2.388     0.00    0.00
 -94056.373     2.388     0.00    0.00
 -93678.564     2.400     0.03    0.11
 -93300.823     2.388    -0.03    0.00
 -92923.152     2.388     0.00    0.00
 -92545.550     2.388     0.00    0.00
 -92168.016     2.388     0.00    0.00
 -91790.552     2.388     0.00    0.00
 -91413.156     2.376    -0.03    0.11
 -91035.830     2.229    -0.39    0.37
 -90658.572     2.030    -0.53    0.60
 -90281.382     1.733    -0.79    0.80
 -89904.262     1.522    -0.56    0.83
 -89527.210     1.424    -0.26    0.73
 -89150.227     1.451     0.07    0.58
 -88773.313     1.471     0.05    0.39
 -88396.467     1.400    -0.19    0.44
 -88019.690     1.424     0.06    0.40
 -87642.981     1.505     0.21    0.32
 -87266.341     1.459    -0.12    0.26
 -86889.769     1.413    -0.12    0.16
 -86513.265     1.388    -0.07    0.00
 -86136.830     1.388     0.00    0.00
 -85760.463     1.388     0.00    0.00
 -85384.165     1.388     0.00    0.00
 -85007.935     1.338    -0.13    0.22
 -84631.773     1.263    -0.20    0.33
 -84255.679     1.209    -0.14    0.39
 -83879.653     1.125    -0.22    0.44
 -83503.695     0.956    -0.45    0.50
 -83127.806     0.709    -0.66    0.47
 -82751.984     0.520    -0.50    0.34
 -82376.231     0.388    -0.35    0.00
 -82000.545     0.363    -0.06    0.16
 -81624.928     0.113    -0.67    0.45
 -81249.378    -0.185    -0.79    0.52
 -80873.896    -0.576    -1.04    0.53
 -80498.482    -0.942    -0.97    0.50
 -80123.136    -1.356    -1.10    0.64
 -79747.857    -1.785    -1.14    0.61
 -79372.646    -2.154    -0.98    0.59
 -78997.503    -2.486    -0.88    0.61
 -78622.427    -2.881    -1.05    0.75
 -78247.419    -3.162    -0.75    0.86
 -77872.479    -3.328    -0.44    0.91
 -77497.606    -3.359    -0.08    0.98
 -77122.800    -2.981     1.01    1.08
 -76748.062    -2.473     1.36    1.02
 -76373.392    -2.131     0.91    0.99
 -75998.788    -1.907     0.60    0.65
 -75624.252    -2.255    -0.93    0.72
 -75249.784    -2.820    -1.51    0.64
 -74875.382    -3.022    -0.54    0.52
 -74501.048    -3.023    -0.00    0.61
 -74126.781    -2.791     0.62    0.64
 -73752.581    -2.638     0.41    0.58
 -73378.449    -2.865    -0.61    0.60
 -73004.383    -3.178    -0.84    0.52
 -72630.384    -3.464    -0.76    0.36
 -72256.453    -3.599    -0.36    0.11
 -71882.588    -3.612    -0.03    0.00
 -71508.791    -3.612     0.00    0.00
 -71135.060    -3.612     0.00    0.00
 -70761.396    -3.612     0.00    0.00
 -70387.799    -3.612     0.00    0.00
 -70014.268    -3.574     0.10    0.19
 -69640.805    -3.450     0.33    0.37
 -69267.408    -3.237     0.57    0.49
 -68894.078    -2.815     1.13    0.72
 -68520.814    -2.207     1.63    0.97
 -68147.618    -1.588     1.66    0.99
 -67774.487    -1.381     0.55    0.91
 -67401.423    -1.553    -0.46    0.99
 -67028.426    -2.131    -1.55    1.01
 -66655.495    -2.588    -1.22    0.84
 -66282.631    -2.907    -0.86    0.61
 -65909.833    -2.970    -0.17    0.64
 -65537.101    -2.663     0.82    0.89
 -65164.436    -2.239     1.14    1.13
 -64791.837    -1.464     2.08    1.54
 -64419.304    -0.837     1.68    1.70
 -64046.838    -0.513     0.87    1.51
 -63674.438    -0.953    -1.18    1.50
 -63302.103    -1.500    -1.47    1.26
 -62929.835    -2.081    -1.56    0.78
 -62557.633    -2.175    -0.25    0.69
 -62185.497    -1.841     0.90    1.11
 -61813.427    -1.359     1.30    1.21
 -61441.423    -1.002     0.96    0.99
 -61069.485    -0.687     0.85    0.71
 -60697.613    -0.378     0.83    0.53
 -60325.807    -0.106     0.73    0.50
 -59954.067     0.159     0.71    0.42
 -59582.392     0.314     0.42    0.31
 -59210.783     0.013    -0.81    0.70
 -58839.240    -0.378    -1.05    0.86
 -58467.762    -0.600    -0.60    0.75
 -58096.351    -0.853    -0.68    0.60
 -57725.005    -1.032    -0.48    0.57
 -57353.724    -1.240    -0.56    0.56
 -56982.509    -1.427    -0.50    0.42
 -56611.359    -1.663    -0.64    0.27
 -56240.275    -1.886    -0.60    0.45
 -55869.257    -2.158    -0.73    0.50
 -55498.304    -2.415    -0.69    0.40
 -55127.416    -2.663    -0.67    0.22
 -54756.593    -2.805    -0.38    0.40
 -54385.836    -3.119    -0.85    0.66
 -54015.144    -3.464    -0.93    0.65
 -53644.518    -3.729    -0.72    0.54
 -53273.956    -3.820    -0.24    0.41
 -52903.460    -3.820    -0.00    0.41
 -52533.029    -3.710     0.30    0.30
 -52162.663    -3.639     0.19    0.16
 -51792.362    -3.612     0.07    0.00
 -51422.126    -3.612     0.00    0.00
 -51051.955    -3.612     0.00    0.00
 -50681.849    -3.612     0.00    0.00
 -50311.808    -3.612     0.00    0.00
 -49941.832    -3.612     0.00    0.00
 -49571.921    -3.612     0.00    0.00
 -49202.074    -3.612     0.00    0.00
 -48832.293    -3.612     0.00    0.00
 -48462.576    -3.612     0.00    0.00
 -48092.924    -3.612     0.00    0.00
 -47723.336    -3.612     0.00    0.00
 -47353.813    -3.612     0.00    0.00
 -46984.355    -3.612     0.00    0.00
 -46614.961    -3.612     0.00    0.00
 -46245.632    -3.612     0.00    0.00
 -45876.368    -3.612     0.00    0.00
 -45507.168    -3.827    -0.58    1.12
 -45138.032    -4.452    -1.69    2.12
 -44768.961    -5.346    -2.42    2.90
 -44399.954    -6.246    -2.44    3.28
 -44031.012    -7.275    -2.79    3.40
 -43662.134    -8.307    -2.80    3.20
 -43293.320    -8.987    -1.84    2.87
 -42924.570    -9.687    -1.90    2.17
 -42555.885    -9.748    -0.16    2.04
 -42187.264    -9.785    -0.10    2.01
 -41818.707    -9.563     0.60    2.32
 -41450.214    -9.187     1.02    2.65
 -41081.785    -8.900     0.78    2.82
 -40713.420    -8.637     0.71    2.94
 -40345.119    -9.022    -1.04    2.64
 -39976.882    -9.587    -1.53    2.22
 -39608.710    -9.822    -0.64    1.92
 -39240.601    -9.446     1.02    2.37
 -38872.555    -8.464     2.67    3.08
 -38504.574    -7.171     3.51    3.35
 -38136.657    -6.304     2.36    3.29
 -37768.803    -5.981     0.88    3.21
 -37401.013    -5.320     1.80    2.87
 -37033.287    -4.810     1.39    2.50
 -36665.625    -4.341     1.28    1.99
 -36298.026    -3.781     1.52    0.85
 -35930.490    -3.612     0.46    0.00
 -35563.019    -3.612     0.00    0.00
 -35195.611    -3.612     0.00    0.00
 -34828.266    -3.612     0.00    0.00
 -34460.985    -3.612     0.00    0.00
 -34093.767    -3.612     0.00    0.00
 -33726.613    -3.612     0.00    0.00
 -33359.522    -3.687    -0.20    0.47
 -32992.495    -4.185    -1.36    1.43
 -32625.530    -4.526    -0.93    1.66
 -32249.436    -4.983    -1.21    2.08
 -31869.398    -4.777     0.54    2.17
 -31489.428    -3.983     2.09    3.91
 -31109.527    -3.030     2.51    6.63
 -30729.694    -2.588     1.16    5.89
 -30349.929    -0.849     4.58    7.99
 -29970.233     6.229    18.64   17.52
 -29590.605    11.572    14.07   20.75
 -29211.046    18.315    17.76   23.01
 -28831.554    25.375    18.61   24.43
 -28452.131    29.054     9.70   23.31
 -28072.776    33.438    11.55   19.76
 -27693.489    37.550    10.84   16.61
 -27314.271    39.449     5.01   15.02
 -26935.120    36.622    -7.46   15.40
 -26556.038    33.205    -9.02   18.36
 -26177.023    24.388   -23.26   19.19
 -25798.076    13.638   -28.37   14.02
 -25419.198    10.093    -9.36   11.74
 -25040.387     9.845    -0.66    9.54
 -24661.644    13.453     9.53   10.56
 -24282.969    19.054    14.79    9.41
 -23904.362    22.848    10.02    8.79
 -23525.822    26.746    10.30    9.13
 -23147.350    31.046    11.36    9.34
 -22768.946    35.766    12.47   10.12
 -22390.609    40.808    13.33    9.07
 -22012.340    42.663     4.90    8.55
 -21634.139    42.401    -0.69   11.47
 -21256.005    40.412    -5.26   15.75
 -20877.939    39.104    -3.46   17.69
 -20499.940    43.163    10.74   18.74
 -20122.008    49.968    18.01   19.51
 -19744.144    58.414    22.35   23.75
 -19366.347    68.536    26.79   24.50
 -18988.618    83.247    38.95   30.56
 -18610.956    92.980    25.77   34.07
 -18233.361   107.980    39.72   37.54
 -17855.833   119.659    30.94   42.78
 -17478.372   131.081    30.26   46.20
 -17100.979   142.510    30.28   47.95
 -16723.652   144.945     6.45   41.74
 -16346.393   134.850   -26.76   41.34
 -15969.201   127.888   -18.46   41.74
 -15592.075   119.850   -21.31   41.05
 -15215.017   115.888   -10.51   44.67
 -14838.025   130.128    37.78   46.02
 -14461.101   140.190    26.69   38.57
 -14084.243   132.413   -20.64   37.62
 -13707.452   119.263   -34.90   38.73
 -13330.728    97.590   -57.53   37.82
 -12954.070    71.474   -69.34   29.88
 -12577.480    57.033   -38.35   20.53
 -12200.956    48.943   -21.49   12.52
 -11824.498    46.011    -7.79    7.78
 -11448.107    45.213    -2.12    4.79
 -11071.783    44.861    -0.93    3.32
 -10695.525    45.314     1.20    3.99
 -10319.334    46.125     2.16    5.22
  -9943.209    50.190    10.81   10.55
  -9567.151    59.006    23.44   21.37
  -9191.158    80.650    57.57   44.40
  -8815.233   103.514    60.82   57.38
  -8439.373   131.425    74.26   66.10
  -8063.580   162.793    83.47   70.15
  -7687.853   181.963    51.02   70.89
  -7312.193   196.080    37.58   64.95
  -6936.598   194.438    -4.37   59.37
  -6561.070   189.474   -13.22   48.53
  -6185.608   170.524   -50.47   40.71
  -5810.211   151.561   -50.51   47.00
  -5434.881   129.258   -59.42   49.49
  -5059.617   106.619   -60.33   44.12
  -4684.419    90.888   -41.93   36.94
  -4309.286    76.116   -39.38   30.48
  -3934.220    66.625   -25.30   26.58
  -3559.219    60.125   -17.33   26.77
  -3184.285    56.042   -10.89   27.15
  -2809.416    50.524   -14.72   26.45
  -2434.612    45.286   -13.97   24.88
  -2059.875    43.289    -5.33   27.69
  -1685.203    46.527     8.64   35.25
  -1310.597    46.463    -0.17   38.43
   -936.056    50.014     9.48   45.13
   -561.581    34.754   -40.75   47.63
   -187.172    12.323   -59.91   37.51
    187.172    -2.822   -40.46   19.10
    561.450    -7.626   -12.83    3.51
    935.663    -5.699     5.15    3.33
   1309.811    -3.839     4.97    1.63
   1683.893    -3.427     1.10    0.39
   2057.910    -3.612    -0.50    0.00
   2431.862    -3.612     0.00    0.00
   2805.748    -3.625    -0.04    0.11
   3179.569    -3.725    -0.27    0.32
   3553.325    -3.807    -0.22    0.40
   3927.016    -3.850    -0.11    0.43
   4300.642    -3.878    -0.08    0.52
   4674.202    -3.550     0.88    0.86
   5047.698    -3.035     1.38    0.96
   5421.128    -2.525     1.37    0.83
   5794.494    -1.967     1.49    0.48
   6167.794    -1.921     0.12    0.46
   6541.030    -1.979    -0.16    0.49
   6914.200    -1.958     0.06    0.48
   7287.306    -1.954     0.01    0.48
   7660.347    -1.987    -0.09    0.54
   8033.323    -2.359    -1.00    0.78
   8406.235    -2.862    -1.35    0.75
   8779.082    -3.328    -1.25    0.45
   9151.864    -3.612    -0.76    0.22
   9524.581    -3.715    -0.28    0.31
   9897.234    -3.779    -0.17    0.38
  10269.822    -3.800    -0.06    0.39
  10642.346    -3.736     0.17    0.33
  11014.805    -3.649     0.23    0.25
  11387.199    -3.588     0.17    0.16
  11759.530    -3.612    -0.07    0.00
  12131.795    -3.612     0.00    0.00
  12503.997    -3.612     0.00    0.00
  12876.134    -3.612     0.00    0.00
  13248.207    -3.612     0.00    0.00
  13620.215    -3.612     0.00    0.00
  13992.159    -3.612     0.00    0.00
  14364.039    -3.586     0.07    0.16
  14735.855    -3.498     0.24    0.36
  15107.607    -3.325     0.47    0.68
  15479.294    -1.612     4.61    3.64
  15850.918     1.097     7.29    5.31
  16222.477     4.913    10.27    5.67
  16593.973     7.660     7.40    3.80
  16965.404     8.970     3.53    1.71
  17336.771     8.363    -1.64    2.43
  17708.075     7.166    -3.22    2.68
  18079.315     6.451    -1.92    2.36
  18450.491     6.438    -0.03    2.29
  18821.603     6.695     0.69    2.15
  19192.651     6.805     0.30    1.87
  19563.635     6.463    -0.92    1.53
  19934.556     6.338    -0.34    1.21
  20305.413     6.590     0.68    0.97
  20676.207     7.109     1.40    1.33
  21046.936     7.388     0.75    1.59
  21417.603     7.465     0.21    1.71
  21788.205     7.413    -0.14    1.58
  22158.745     7.943     1.43    1.77
  22529.220     8.907     2.60    1.91
  22899.632     9.183     0.74    2.33
  23269.981     8.230    -2.57    3.34
  23640.267     5.965    -6.12    3.95
  24010.489     3.688    -6.15    3.01
  24380.648     2.079    -4.35    1.38
  24750.743     1.475    -1.63    0.58
  25120.775     1.666     0.52    0.97
  25490.744     2.089     1.14    1.29
  25860.650     2.764     1.83    1.42
  26230.493     3.338     1.55    1.37
  26600.272     3.314    -0.07    1.47
  26969.989     3.050    -0.71    1.61
  27339.642     2.529    -1.41    1.47
  27709.232     2.388    -0.38    1.17
  28078.760     2.401     0.04    0.77
  28448.224     2.554     0.42    0.54
  28817.626     2.527    -0.07    0.42
  29186.964     2.622     0.26    0.55
  29556.240     2.869     0.67    0.77
  29925.453     3.122     0.69    0.84
  30294.603     3.234     0.30    0.82
  30663.690     3.300     0.18    0.81
  31032.715     3.529     0.62    0.80
  31401.676     3.741     0.58    0.74
  31770.576     4.097     0.96    0.53
  32139.412     4.313     0.59    0.27
  32508.186     4.322     0.02    0.25
  32876.897     4.288    -0.09    0.30
  33245.546     4.348     0.16    0.55
  33614.133     4.350     0.00    0.25
  33982.656     4.467     0.32    0.36
  34351.118     4.462    -0.01    0.35
  34719.517     4.293    -0.46    0.53
  35087.853     4.203    -0.25    1.01
  35456.128     4.036    -0.45    1.29
  35824.339     3.709    -0.89    1.65
  36192.489     3.006    -1.91    2.41
  36560.576     2.277    -1.98    2.86
  36928.602     1.469    -2.19    2.89
  37296.565     0.775    -1.88    2.74
  37664.465     0.361    -1.12    2.93
  38032.304    -0.037    -1.08    2.92
  38400.081    -0.460    -1.15    2.75
  38767.795    -0.925    -1.26    2.35
  39135.448    -0.950    -0.07    2.27
  39503.038    -0.262     1.87    3.18
  39870.567     0.619     2.40    3.52
  40238.033     2.312     4.61    3.93
  40605.438     4.223     5.20    4.10
  40972.781     7.153     7.98    4.84
  41340.062     9.463     6.29    5.36
  41707.281    10.464     2.73    5.55
  42074.438     9.631    -2.27    5.56
  42447.442     7.946    -4.52    4.96
  42827.341     5.619    -6.13    3.59
  43207.173     4.163    -3.83    1.81
  43586.939     3.540    -1.64    2.15
  43966.637     3.500    -0.10    1.95
  44346.270     3.712     0.56    1.69
  44725.835     4.042     0.87    1.56
  45105.334     4.726     1.80    0.75
  45484.767     4.882     0.41    0.59
  45864.133     4.730    -0.40    0.64
  46243.433     4.375    -0.93    0.79
  46622.666     3.721    -1.72    1.00
  47001.833     2.772    -2.50    1.34
  47380.934     1.532    -3.27    1.48
  47759.968     0.516    -2.68    1.33
  48138.937    -0.407    -2.44    1.09
  48517.839    -0.992    -1.54    0.72
  48896.675    -1.437    -1.18    0.55
  49275.444    -1.746    -0.81    0.47
  49654.148    -2.044    -0.79    0.50
  50032.785    -2.450    -1.07    0.64
  50411.357    -3.044    -1.57    0.85
  50789.862    -3.799    -1.99    1.05
  51168.302    -4.473    -1.78    1.05
  51546.675    -5.125    -1.72    0.86
  51924.983    -5.600    -1.25    0.71
  52303.225    -5.976    -0.99    0.63
  52681.401    -6.301    -0.86    0.49
  53059.511    -6.599    -0.79    0.47
  53437.556    -6.853    -0.67    0.46
  53815.535    -7.106    -0.67    0.50
  54193.448    -7.535    -1.14    0.60
  54571.295    -8.100    -1.49    0.81
  54949.077    -8.572    -1.25    0.77
  55326.793    -8.958    -1.02    0.65
  55704.444    -9.261    -0.80    0.48
  56082.029    -9.387    -0.33    0.42
  56459.549    -9.521    -0.36    0.29
  56837.003    -9.587    -0.17    0.16
  57214.392    -9.612    -0.07    0.00
  57591.715    -9.612     0.00    0.00
  57968.973    -9.638    -0.07    0.16
  58346.166    -9.664    -0.07    0.22
  58723.294    -9.700    -0.10    0.28
  59100.356    -9.773    -0.19    0.37
  59477.353    -9.762     0.03    0.36
  59854.285    -9.715     0.13    0.41
  60231.152    -9.625     0.24    0.46
  60607.953    -9.573     0.14    0.47
  60984.690    -9.525     0.13    0.48
  61361.361    -9.464     0.16    0.54
  61737.968    -9.314     0.40    0.80
  62114.509    -9.007     0.81    1.03
  62490.986    -8.625     1.02    1.15
  62867.398    -8.180     1.18    1.25
  63243.745    -7.562     1.64    0.94
  63620.027    -7.033     1.41    0.75
  63996.244    -6.612     1.12    0.77
  64372.397    -6.119     1.31    0.89
  64748.484    -5.737     1.01    0.79
  65124.507    -5.484     0.67    0.76
  65500.466    -5.317     0.44    0.70
  65876.359    -5.270     0.13    0.64
  66252.189    -5.215     0.15    0.61
  66627.953    -5.236    -0.06    0.59
  67003.653    -5.258    -0.06    0.60
  67379.289    -5.325    -0.18    0.58
  67754.860    -5.430    -0.28    0.60
  68130.367    -5.562    -0.35    0.58
  68505.809    -5.665    -0.28    0.54
  68881.187    -5.750    -0.23    0.52
  69256.500    -5.801    -0.14    0.51
  69631.750    -5.827    -0.07    0.50
  70006.935    -5.828    -0.00    0.53
  70382.055    -5.802     0.07    0.53
  70757.112    -5.720     0.22    0.56
  71132.104    -5.575     0.39    0.60
  71507.033    -5.393     0.48    0.61
  71881.897    -5.262     0.35    0.55
  72256.697    -5.199     0.17    0.50
  72631.433    -5.119     0.21    0.50
  73006.105    -4.933     0.50    0.65
  73380.713    -4.664     0.72    0.74
  73755.258    -4.520     0.38    0.72
  74129.738    -4.612    -0.25    0.82
  74504.154    -5.171    -1.49    1.09
  74878.507    -5.976    -2.15    1.27
  75252.796    -7.012    -2.77    1.19
  75627.021    -7.847    -2.23    0.98
  76001.182    -8.525    -1.81    0.77
  76375.280    -8.911    -1.03    0.69
  76749.314    -9.270    -0.96    0.57
  77123.284    -9.443    -0.46    0.55
  77497.191    -9.574    -0.35    0.59
  77871.034    -9.625    -0.14    0.55
  78244.813    -9.802    -0.47    0.43
  78618.529    -9.903    -0.27    0.46
  78992.182   -10.048    -0.39    0.50
  79365.771   -10.244    -0.52    0.49
  79739.297   -10.412    -0.45    0.40
  80112.759   -10.518    -0.28    0.29
  80486.158   -10.464     0.14    0.36
  80859.494   -10.396     0.18    0.41
  81232.767   -10.327     0.19    0.45
  81605.976   -10.292     0.09    0.47
  81979.122   -10.262     0.08    0.48
  82352.205   -10.234     0.08    0.49
  82725.224   -10.250    -0.04    0.48
  83098.181   -10.193     0.15    0.50
  83471.074   -10.162     0.08    0.50
  83843.905   -10.064     0.26    0.50
  84216.672    -9.872     0.52    0.47
  84589.376    -9.639     0.63    0.46
  84962.018    -9.473     0.45    0.35
  85334.596    -9.386     0.23    0.42
  85707.112    -9.312     0.20    0.46
  86079.565    -9.186     0.34    0.50
  86451.955    -9.030     0.42    0.57
  86824.282    -8.924     0.28    0.67
  87196.546    -8.823     0.27    0.70
  87568.748    -8.728     0.26    0.77
  87940.887    -8.676     0.14    0.81
  88312.963    -8.718    -0.11    0.84
  88684.977    -8.762    -0.12    0.93
  89056.928    -8.981    -0.59    1.03
  89428.817    -9.164    -0.49    1.12
  89800.643    -9.330    -0.45    1.14
  90172.406    -9.448    -0.32    1.08
  90544.107    -9.650    -0.54    1.01
  90915.746    -9.872    -0.60    0.80
  91287.322   -10.112    -0.65    0.66
  91658.836   -10.245    -0.36    0.51
  92030.287   -10.270    -0.07    0.48
  92401.676   -10.210     0.16    0.49
  92773.003   -10.093     0.31    0.50
  93144.268    -9.916     0.48    0.46
  93515.470    -9.712     0.55    0.30
  93886.610    -9.625     0.23    0.11
  94257.688    -9.482     0.38    0.34
  94628.704    -9.152     0.89    0.64
  94999.658    -8.494     1.77    1.03
  95370.550    -7.534     2.59    1.35
  95741.379    -6.381     3.11    1.44
  96112.147    -5.525     2.31    1.21
  96482.853    -4.812     1.92    0.97
  96853.497    -4.369     1.20    0.84
  97224.078    -4.106     0.71    0.79
  97594.598    -3.954     0.41    0.64
  97965.057    -3.810     0.39    0.49
  98335.453    -3.729     0.22    0.40
  98705.788    -3.651     0.21    0.30
  99076.060    -3.625     0.07    0.41
  99446.272    -3.777    -0.41    0.71
  99816.421    -4.587    -2.19    1.95
 100186.509    -5.702    -3.01    2.52
 100556.535    -6.894    -3.22    2.59
 100926.500    -8.257    -3.68    2.08
 101296.403    -8.843    -1.58    1.55
 101666.244    -9.330    -1.32    0.82
 102036.024    -9.548    -0.59    0.29
 102405.742    -9.612    -0.17    0.00
 102775.400    -9.612     0.00    0.00
 103144.995    -9.510     0.28    0.44
 103514.530    -8.937     1.55    1.53
 103884.002    -8.191     2.02    2.06
 104253.414    -7.766     1.15    2.13
 104622.764    -7.428     0.92    2.20
 104992.054    -7.807    -1.03    2.20
 105361.281    -8.535    -1.97    1.68
 105730.448    -9.106    -1.55    1.04
 106099.554    -9.407    -0.82    0.57
 106468.598    -9.573    -0.45    0.19
 106837.581    -9.612    -0.11    0.00
 107206.504    -9.612     0.00    0.00
 107575.365    -9.612     0.00    0.00
 107944.165    -9.612     0.00    0.00
 108312.904    -9.612     0.00    0.00
 108681.582    -9.586     0.07    0.16
 109050.200    -9.510     0.21    0.31
 109418.756    -9.330     0.49    0.58
 109787.252    -8.889     1.20    1.04
 110155.687    -8.250     1.73    1.46
 110524.061    -7.531     1.95    1.63
 110892.374    -7.187     0.93    1.88
 111260.626    -7.466    -0.76    2.22
 111628.818    -8.369    -2.45    1.94
 111996.949    -9.180    -2.20    0.81
 112365.020    -8.859     0.87    1.03
 112733.030    -8.242     1.68    1.18
 113100.979    -7.812     1.17    1.08
 113468.868    -7.859    -0.13    1.02
 113836.696    -8.600    -2.01    1.11
 114204.464    -9.355    -2.05    1.01
 114572.171   -10.012    -1.79    0.74
 114939.818   -10.434    -1.15    0.39
 115307.405   -10.612    -0.48    0.00
 115674.931   -10.612     0.00    0.00
 116042.396   -10.612     0.00    0.00
 116409.802   -10.612     0.00    0.00
 116777.147   -10.437     0.48    0.78
 117147.329   -10.085     0.95    1.64
 117527.090    -9.725     0.95    2.85
 117906.786    -9.666     0.15    3.01
 118286.417   -10.469    -2.12    0.84
 118665.983   -10.599    -0.34    0.12
 119045.484   -10.612    -0.04    0.00
 119424.920   -10.612     0.00    0.00
 119804.292   -10.612     0.00    0.00
 120183.599    -9.718     2.36    2.85
 120562.841    -7.310     6.35    5.38
 120942.019    -3.422    10.25    6.84
 121321.132    -1.612     4.77    5.96
 121700.180    -1.651    -0.10    5.66
 122079.164    -4.146    -6.58    4.33
 122458.083    -5.288    -3.01    2.50
 122836.938    -4.845     1.17    1.80
 123215.728    -4.249     1.57    1.25
 123594.454    -4.112     0.36    1.15
 123973.116    -4.372    -0.69    2.03
 124351.713    -4.296     0.20    2.27
 124730.246    -4.262     0.09    2.15
 125108.714    -4.028     0.62    1.70
 125487.118    -3.138     2.35    1.56
 125865.458    -2.158     2.59    1.71
 126243.734    -1.690     1.24    2.53
 126621.946    -2.336    -1.71    3.38
 127000.093    -3.666    -3.52    3.67
 127378.177    -4.400    -1.94    2.68
 127756.196    -4.834    -1.15    2.00
 128134.151    -3.662     3.10    4.10
 128512.043    -2.964     1.85    4.26
 128889.870    -3.689    -1.92    4.45
 129267.633    -5.846    -5.71    3.69
 129645.333    -7.916    -5.48    2.37
 130022.969    -9.195    -3.39    2.01
 130400.540    -9.843    -1.72    1.19
 130778.048    -9.599     0.65    1.35
 131155.493    -8.454     3.03    2.07
 131532.873    -7.650     2.13    2.24
 131910.190    -7.172     1.27    2.54
 132287.443    -7.958    -2.08    2.77
 132664.633    -8.927    -2.57    2.64
 133041.759    -9.402    -1.26    2.44
 133418.821   -10.529    -2.99    0.44
 133795.820   -10.599    -0.19    0.31
 134172.755   -10.532     0.18    0.27
 134549.627   -10.574    -0.11    0.19
 134926.435   -10.428     0.39    0.67
 135303.180    -9.330     2.91    2.30
 135679.862    -7.572     4.67    3.39
 136056.480    -5.677     5.03    3.90
 136433.035    -4.340     3.55    3.48
 136809.526    -5.002    -1.76    3.36
 137185.955    -5.086    -0.22    3.20
 137562.320    -3.573     4.02    4.51
 137938.622    -1.484     5.55    4.47
 138314.861    -0.639     2.25    3.29
 138691.036    -1.375    -1.96    2.93
 139067.149    -2.737    -3.62    1.67
 139443.198    -3.050    -0.83    0.82
 139819.185    -2.437     1.63    1.56
 140195.109    -1.236     3.19    2.32
 140570.969     0.214     3.86    2.55
 140946.767     1.673     3.88    2.25
 141322.501     2.985     3.49    1.35
 141698.173     3.362     1.00    0.69
 142073.782     3.335    -0.07    0.69
 142449.329     3.167    -0.45    0.68
 142824.812     3.309     0.38    1.00
 143200.233     4.348     2.77    2.08
 143575.591     6.011     4.43    2.50
 143950.886     6.980     2.58    2.12
 144326.119     7.914     2.49    1.97
 144701.289     7.756    -0.42    2.76
 145076.396     6.054    -4.54    3.99
 145451.441     3.308    -7.32    5.50
 145826.424    -0.314    -9.66    5.56
 146201.344    -4.133   -10.19    4.15
 146576.201    -6.676    -6.78    2.97
 146950.996    -8.334    -4.43    2.02
 147325.729    -8.676    -0.91    1.67
 147700.399    -8.788    -0.30    1.55
 148075.007    -8.677     0.30    1.58
 148449.553    -8.559     0.32    1.68
 148824.037    -9.145    -1.56    1.17
 149198.458    -9.262    -0.31    0.89
 149572.817    -8.010     3.34    2.23
 149947.114    -6.402     4.30    2.58
 150321.349    -5.061     3.58    2.17
 150695.521    -3.492     4.19    1.03
 151069.632    -2.236     3.36    1.74
 151443.680    -0.852     3.70    2.25
 151817.667    -0.145     1.89    1.87
 152191.591    -0.456    -0.83    1.89
 152565.454    -1.391    -2.50    2.06
 152939.254    -2.794    -3.75    1.36
 153312.993    -3.783    -2.65    1.23
 153686.670    -4.651    -2.32    1.57
 154060.285    -5.532    -2.36    1.78
 154433.838    -6.448    -2.45    1.44
 154807.330    -6.896    -1.20    0.99
 155180.760    -6.825     0.19    0.87
 155554.128    -6.464     0.97    1.08
 155927.434    -5.843     1.66    1.39
 156300.679    -5.201     1.72    1.44
 156673.862    -4.468     1.97    1.31
 157046.983    -3.098     3.67    2.56
 157420.044    -1.783     3.52    2.92
 157793.042    -0.927     2.29    2.78
 158165.979     0.631     4.18    2.82
 158538.855     2.032     3.75    2.38
 158911.669     3.100     2.87    1.91
 159284.421     3.982     2.37    0.98
 159657.113     4.426     1.19    0.63
 160029.743     4.766     0.91    0.66
 160402.312     5.050     0.76    0.90
 160774.819     5.454     1.08    1.16
 161147.265     5.888     1.17    1.28
 161519.650     6.296     1.10    1.30
 161891.974     6.638     0.92    1.20
 162264.237     7.006     0.99    1.11
 162636.439     7.349     0.92    0.95
 163008.579     7.761     1.11    0.75
 163380.659     8.029     0.72    0.72
 163752.677     8.134     0.28    0.84
 164124.634     7.980    -0.42    1.18
 164496.531     7.673    -0.82    1.54
 164868.366     7.336    -0.91    1.91
 165240.141     6.790    -1.47    2.23
 165611.855     6.141    -1.75    2.34
 165983.508     5.310    -2.24    1.83
 166355.100     4.959    -0.94    1.39
 166726.631     5.855     2.41    2.31
 167098.102     7.401     4.16    2.81
 167469.512     9.323     5.17    2.56
 167840.861    10.699     3.70    1.53
 168212.149    11.350     1.75    0.19
 168583.377    11.388     0.10    0.00
 168954.544    11.388     0.00    0.00
 169325.651    11.388     0.00    0.00
 169696.697    11.428     0.11    0.20
 170067.683    11.681     0.68    1.06
 170438.608    11.739     0.16    1.33
 170809.473    11.598    -0.38    0.75
 171180.277    11.670     0.19    0.95
 171551.021    11.868     0.53    1.31
 171921.704    11.793    -0.20    1.21
 172292.327    11.482    -0.84    0.41
 172662.890    11.540     0.15    0.36
 173033.393    11.915     1.01    0.69
 173403.835    12.644     1.97    1.42
 173774.218    13.712     2.88    2.05
 174144.540    14.668     2.58    2.11
 174514.801    14.915     0.67    2.29
 174885.003    14.467    -1.21    2.74
 175255.145    13.348    -3.02    2.78
 175625.226    12.375    -2.63    2.31
 175995.248    11.726    -1.75    1.27
 176365.209    11.619    -0.29    0.66
 176735.111    11.672     0.14    0.51
 177104.952    11.700     0.08    0.49
 177474.734    11.780     0.21    0.77
 177844.456    11.695    -0.23    0.73
 178214.118    11.604    -0.25    0.45
 178583.720    11.481    -0.33    0.29
 178953.262    11.621     0.38    0.43
 179322.745    12.001     1.03    0.75
 179692.168    12.804     2.17    1.34
 180061.531    14.281     4.00    2.05
 180430.834    15.509     3.33    1.88
 180800.078    16.195     1.86    1.91
 181169.262    16.293     0.26    2.40
 181538.386    15.818    -1.29    2.74
 181907.451    15.050    -2.08    2.70
 182276.457    14.135    -2.48    2.48
 182645.403    13.293    -2.28    1.90
 183014.289    12.725    -1.54    1.03
 183383.116    12.828     0.28    0.76
 183751.884    13.521     1.88    1.22
 184120.592    14.441     2.49    1.63
 184489.241    15.631     3.23    1.65
 184857.831    16.201     1.55    1.53
 185226.361    16.362     0.44    1.78
 185594.832    15.948    -1.12    2.10
 185963.244    15.157    -2.15    2.22
 186331.596    14.601    -1.51    1.92
 186699.890    14.695     0.26    1.88
 187068.124    15.009     0.85    1.93
 187436.299    16.119     3.01    1.92
 187804.415    17.138     2.77    1.71
 188172.472    17.901     2.07    1.42
 188540.470    18.440     1.47    1.20
 188908.408    19.001     1.52    0.77
 189276.288    19.085     0.23    0.54
 189644.109    18.972    -0.31    0.64
 190011.871    18.493    -1.30    1.00
 190379.574    17.622    -2.37    1.39
 190747.219    16.614    -2.74    1.68
 191114.804    15.388    -3.34    1.72
 191482.331    14.241    -3.12    1.64
 191849.933    13.212    -2.80    1.39
 192229.559    12.401    -2.14    1.01
 192609.121    11.849    -1.45    0.70
 192988.621    11.441    -1.08    0.54
 193368.057    10.921    -1.37    0.68
 193747.430    10.429    -1.30    0.72
 194126.741    10.098    -0.87    0.56
 194505.988     9.959    -0.37    0.50
 194885.172    10.081     0.32    0.52
 195264.293    10.347     0.70    0.51
 195643.351    10.440     0.25    0.54
 196022.346    10.348    -0.24    0.65
 196401.279    10.201    -0.39    0.67
 196780.148     9.972    -0.60    0.69
 197158.955     9.793    -0.47    0.66
 197537.699     9.730    -0.17    0.66
 197916.380     9.721    -0.02    0.63
 198294.998     9.704    -0.05    0.59
 198673.554     9.888     0.49    0.56
 199052.047    10.068     0.48    0.47
 199430.477    10.468     1.06    0.59
 199808.845    10.812     0.91    0.60
 200187.150    11.148     0.89    0.43
 200565.393    11.362     0.57    0.23
 200943.573    11.401     0.10    0.11
 201321.691    11.388    -0.03    0.00
 201699.746    11.388     0.00    0.00
 202077.739    11.388     0.00    0.00
 202455.669    11.388     0.00    0.00
 202833.537    11.388     0.00    0.00
 203211.343    11.388     0.00    0.00
 203589.087    11.388     0.00    0.00
 203966.768    11.427     0.10    0.26
 204344.387    11.428     0.00    0.26
 204721.944    11.414    -0.04    0.28
 205099.438    11.361    -0.14    0.36
 205476.871    11.294    -0.18    0.34
 205854.241    11.308     0.04    0.69
 206231.549    11.014    -0.78    1.14
 206608.796    10.190    -2.18    2.17
 206985.980     8.534    -4.39    3.89
 207363.102     5.764    -7.34    5.17
 207740.162     3.388    -6.30    4.98
 208117.161     1.983    -3.73    4.06
 208494.097     1.554    -1.14    3.02
 208870.972     2.650     2.91    2.56
 209247.785     4.036     3.68    0.85
 209624.536     4.657     1.65    0.95
 210001.225     5.814     3.07    2.41
 210377.852     6.677     2.29    2.67
 210754.418     7.098     1.12    2.79
 211130.922     7.076    -0.06    2.74
 211507.365     7.428     0.93    2.89
 211883.746     7.454     0.07    3.06
 212260.065     8.158     1.87    3.07
 212636.323     7.658    -1.33    3.18
 213012.519     6.361    -3.45    2.94
 213388.654     5.223    -3.02    2.05
 213764.727     4.572    -1.73    1.04
 214140.739     4.221    -0.93    0.53
 214516.690     3.451    -2.05    2.24
 214892.579     1.374    -5.53    4.37
 215268.407    -1.164    -6.75    4.74
 215644.173    -3.064    -5.06    3.88
 216019.878    -4.138    -2.86    2.46
 216395.522    -3.731     1.08    2.49
 216771.105    -3.086     1.72    2.63
 217146.627    -3.430    -0.92    3.00
 217522.087    -3.915    -1.29    3.58
 217897.486    -4.799    -2.35    3.70
 218272.824    -5.815    -2.71    3.39
 218648.102    -5.679     0.36    3.61
 219023.318    -5.599     0.21    3.45
 219398.473    -4.692     2.42    3.24
 219773.567    -4.437     0.68    2.73
 220148.600    -4.810    -0.99    2.91
 220523.572    -6.001    -3.18    3.49
 220898.484    -6.638    -1.70    3.12
 221273.334    -5.959     1.81    3.29
 221648.124    -4.548     3.76    2.95
 222022.853    -3.366     3.15    1.86
 222397.521    -3.353     0.04    1.72
 222772.129    -3.759    -1.08    1.37
 223146.676    -4.288    -1.41    1.19
 223521.162    -4.301    -0.04    1.15
 223895.587    -3.950     0.94    0.78
 224269.952    -3.783     0.45    0.57
 224644.256    -3.719     0.17    0.39
 225018.500    -3.839    -0.32    0.51
 225392.683    -4.319    -1.28    1.17
 225766.806    -4.994    -1.80    1.89
 226140.868    -5.883    -2.38    2.82
 226514.870    -6.924    -2.78    3.27
 226888.811    -7.842    -2.45    3.06
 227262.692    -8.266    -1.13    2.21
 227636.513    -7.900     0.98    1.74
 228010.274    -6.700     3.21    1.69
 228383.974    -5.682     2.72    1.18
 228757.614    -5.482     0.53    1.15
 229131.193    -5.459     0.06    1.29
 229504.713    -5.691    -0.62    1.25
 229878.172    -5.556     0.36    1.30
 230251.571    -5.639    -0.22    0.96
 230624.910    -5.387     0.67    0.72
 230998.189    -4.950     1.17    0.78
 231371.408    -4.325     1.68    1.07
 231744.567    -3.188     3.05    1.81
 232117.666    -2.010     3.16    2.03
 232490.705    -0.999     2.71    1.77
 232863.684    -0.012     2.64    1.13
 233236.603     0.190     0.54    1.10
 233609.462     0.454     0.71    1.17
 233982.262     0.638     0.49    1.20
 234355.001     1.094     1.22    1.35
 234727.681     1.253     0.42    1.30
 235100.301     1.672     1.12    1.15
 235472.862     1.861     0.51    1.00
 235845.362     2.271     1.10    1.20
 236217.803     2.604     0.89    1.20
 236590.185     2.998     1.06    1.17
 236962.507     3.228     0.62    1.24
 237334.769     2.518    -1.91    1.69
 237706.971     1.861    -1.76    1.87
 238079.115     1.199    -1.78    1.55
 238451.198     0.860    -0.91    1.03
 238823.222     1.188     0.88    0.99
 239195.187     1.571     1.03    1.05
 239567.093     1.868     0.80    1.09
 239938.939     1.988     0.32    1.31
 240310.725     1.598    -1.05    1.45
 240682.453     1.073    -1.41    1.40
 241054.121     0.901    -0.46    1.16
 241425.729     1.110     0.56    1.06
 241797.279     1.321     0.57    0.96
 242168.769     1.513     0.52    0.96
 242540.200     1.790     0.75    0.92
 242911.572     1.985     0.52    0.99
 243282.885     2.234     0.67    1.05
 243654.139     2.347     0.30    1.21
 244025.334     1.907    -1.18    1.39
 244396.470     1.360    -1.47    1.56
 244767.547     0.677    -1.84    1.26
 245138.564     0.251    -1.15    1.13
 245509.523    -0.026    -0.74    1.08
 245880.423    -0.283    -0.70    0.97
 246251.264    -0.626    -0.92    1.02
 246622.046    -0.968    -0.92    0.96
 246992.770    -1.311    -0.92    0.88
 247363.434    -1.338    -0.07    0.87
 247734.040    -1.516    -0.48    0.97
 248104.587    -1.777    -0.70    1.14
 248475.076    -1.812    -0.10    1.22
 248845.505    -1.279     1.44    1.69
 249215.876    -0.375     2.44    1.91
 249586.189     0.828     3.25    1.55
 249956.442     1.427     1.62    1.32
 250326.638     1.482     0.15    1.47
 250696.774     1.188    -0.80    1.85
 251066.852     0.307    -2.38    2.22
 251436.872    -0.977    -3.47    2.01
 251806.833    -1.950    -2.63    1.64
 252176.736    -2.639    -1.86    1.43
 252546.581    -3.212    -1.55    1.33
 252916.367    -3.612    -1.08    1.20
 253286.094    -4.004    -1.06    1.00
 253655.764    -4.386    -1.03    1.09
 254025.375    -4.799    -1.12    0.90
 254394.927    -5.172    -1.01    1.00
 254764.422    -5.533    -0.98    0.93
 255133.858    -5.612    -0.21    0.94
 255503.237    -5.812    -0.54    1.00
 255872.557    -6.052    -0.65    0.95
 256241.819    -6.132    -0.22    0.95
 256611.022    -6.052     0.22    1.09
 256980.168    -6.146    -0.25    1.15
 257349.256    -6.261    -0.31    1.23
 257718.286    -6.532    -0.74    1.30
 258087.257    -7.018    -1.32    1.33
 258456.171    -7.639    -1.68    1.29
 258825.027    -8.079    -1.19    1.24
 259193.825    -7.972     0.29    1.38
 259562.565    -7.423     1.49    1.87
 259931.247    -6.801     1.69    1.61
 260299.872    -6.180     1.69    1.42
 260668.439    -6.193    -0.04    1.24
 261036.948    -6.464    -0.73    1.12
 261405.399    -6.842    -1.03    1.24
 261773.792    -7.506    -1.80    1.49
 262142.128    -8.266    -2.06    1.46
 262510.406    -8.842    -1.56    1.29
 262878.627    -9.369    -1.43    0.59
 263246.790    -9.572    -0.55    0.72
 263614.895    -9.640    -0.18    0.85
 263982.943    -9.439     0.55    1.11
 264350.933    -9.020     1.14    1.40
 264718.866    -9.018     0.01    1.39
 265086.741    -9.226    -0.57    1.40
 265454.559    -9.372    -0.40    1.22
 265822.320    -9.450    -0.21    1.12
 266190.023    -9.626    -0.48    1.23
 266557.669   -10.585    -2.61    2.05
 266934.758   -12.139    -4.12    3.15
 267314.193   -14.159    -5.32    3.08
 267693.566   -15.099    -2.48    2.61
 268072.878   -15.132    -0.09    2.53
 268452.128   -15.188    -0.15    2.66
 268831.317   -15.159     0.08    2.69
 269210.445   -16.057    -2.37    2.84
 269589.511   -16.994    -2.47    2.57
 269968.516   -17.982    -2.61    1.81
 270347.460   -18.612    -1.66    0.00
 270726.342   -18.612     0.00    0.00
 271105.163   -18.612     0.00    0.00
 271483.923   -18.612     0.00    0.00
 271862.622   -18.612     0.00    0.00
 272241.260   -18.612     0.00    0.00
 272619.836   -18.612     0.00    0.00
 272998.351   -18.612     0.00    0.00
 273376.806   -18.612     0.00    0.00
 273755.199   -18.612     0.00    0.00
 274133.531   -18.612     0.00    0.00
 274511.803   -18.612     0.00    0.00
 274890.013   -18.612     0.00    0.00
 275268.163   -18.612     0.00    0.00
 275646.251   -18.612     0.00    0.00
 276024.279   -18.612     0.00    0.00
 276402.246   -18.612     0.00    0.00
 276780.153   -18.612     0.00    0.00
 277157.998   -18.612     0.00    0.00
 277535.783   -18.612     0.00    0.00
 277913.507   -18.612     0.00    0.00
 278291.170   -18.612     0.00    0.00
 278668.773   -18.612     0.00    0.00
 279046.315   -18.612     0.00    0.00
 279423.797   -18.612     0.00    0.00
 279801.218   -18.612     0.00    0.00
 280178.578   -18.612     0.00    0.00
 280555.878   -18.612     0.00    0.00
 280933.118   -18.612     0.00    0.00
 281310.297   -18.612     0.00    0.00
 281687.416   -18.612     0.00    0.00
 282064.474   -18.612     0.00    0.00
 282441.472   -18.612     0.00    0.00
 282818.410   -18.612     0.00    0.00
 283195.288   -18.612     0.00    0.00
 283572.105   -18.612     0.00    0.00
 283948.862   -18.612     0.00    0.00
 284325.559   -18.612     0.00    0.00
 284702.195   -18.612     0.00    0.00
 285078.772   -18.612     0.00    0.00
 285455.288   -18.612     0.00    0.00
 285831.745   -18.612     0.00    0.00
 286208.141   -18.612     0.00    0.00
 286584.477   -18.612     0.00    0.00
 286960.754   -18.612     0.00    0.00
 287336.970   -18.612     0.00    0.00
 287713.126   -18.612     0.00    0.00
 288089.223   -18.612     0.00    0.00
 288465.260   -18.612     0.00    0.00
 288841.236   -18.612     0.00    0.00
 289217.154   -18.612     0.00    0.00
 289593.011   -18.612     0.00    0.00
 289968.808   -18.612     0.00    0.00
 290344.546   -18.612     0.00    0.00
 290720.224   -18.612     0.00    0.00
 291095.843   -18.612     0.00    0.00
 291471.401   -18.612     0.00    0.00
 291846.900   -18.612     0.00    0.00
 292222.340   -18.612     0.00    0.00
 292597.720   -18.612     0.00    0.00
 292973.041   -18.612     0.00    0.00
 293348.302   -18.612     0.00    0.00
 293723.503   -18.612     0.00    0.00
 294098.645   -18.612     0.00    0.00
 294473.728   -18.612     0.00    0.00
 294848.751   -18.612     0.00    0.00
 295223.716   -18.612     0.00    0.00
 295598.620   -18.612     0.00    0.00
 295973.466   -18.612     0.00    0.00
 296348.252   -18.612     0.00    0.00
 296722.979   -18.612     0.00    0.00
 297097.646   -18.612     0.00    0.00
 297472.255   -18.612     0.00    0.00
 297846.804   -18.612     0.00    0.00
 298221.295   -18.612     0.00    0.00
 298595.726   -18.612     0.00    0.00
 298970.098   -18.612     0.00    0.00
 299344.411   -18.612     0.00    0.00
 299718.665   -18.612     0.00    0.00
 300092.860   -18.612     0.00    0.00
 300466.996   -18.612     0.00    0.00
 300841.074   -18.612     0.00    0.00
 301215.092   -18.612     0.00    0.00
 301589.052   -18.612     0.00    0.00
 301962.952   -18.612     0.00    0.00
 302336.794   -18.612     0.00    0.00
 302710.577   -18.612     0.00    0.00
 303084.302   -18.612     0.00    0.00
 303457.967   -18.612     0.00    0.00
 303831.574   -18.612     0.00    0.00
 304205.122   -18.612     0.00    0.00
 304578.612   -18.612     0.00    0.00
 304952.043   -18.612     0.00    0.00
 305325.416   -18.612     0.00    0.00
 305698.730   -18.612     0.00    0.00
 306071.985   -18.612     0.00    0.00
 306445.182   -18.612     0.00    0.00
 306818.320   -18.612     0.00    0.00
 307191.400   -18.612     0.00    0.00
 307564.422   -18.612     0.00    0.00
 307937.385   -18.612     0.00    0.00
 308310.290   -18.612     0.00    0.00
 308683.136   -18.612     0.00    0.00
 309055.925   -18.612     0.00    0.00
 309428.655   -18.612     0.00    0.00
 309801.326   -18.612     0.00    0.00
 310173.940   -18.612     0.00    0.00
 310546.495   -18.612     0.00    0.00
 310918.992   -18.612     0.00    0.00
 311291.431   -18.612     0.00    0.00
 311663.812   -18.612     0.00    0.00
 312036.135   -18.612     0.00    0.00
 312408.400   -18.612     0.00    0.00
 312780.607   -18.612     0.00    0.00
 313152.756   -18.612     0.00    0.00
 313524.846   -18.612     0.00    0.00
 313896.879   -18.612     0.00    0.00
 314268.854   -18.612     0.00    0.00
 314640.771   -18.612     0.00    0.00
 315012.631   -18.612     0.00    0.00
 315384.432   -18.612     0.00    0.00
 315756.176   -18.612     0.00    0.00
 316127.862   -18.612     0.00    0.00
 316499.490   -18.612     0.00    0.00
 316871.060   -18.612     0.00    0.00
 317242.573   -18.612     0.00    0.00
 317614.028   -18.612     0.00    0.00
 317985.425   -18.612     0.00    0.00
 318356.765   -18.612     0.00    0.00
 318728.048   -18.612     0.00    0.00
 319099.272   -18.612     0.00    0.00
 319470.439   -18.612     0.00    0.00
 319841.549   -18.612     0.00    0.00
 320212.601   -18.612     0.00    0.00
 320583.596   -18.612     0.00    0.00
 320954.533   -18.612     0.00    0.00
 321325.413   -18.612     0.00    0.00
 321696.236   -18.612     0.00    0.00
 322067.001   -18.612     0.00    0.00
 322437.709   -18.612     0.00    0.00
 322808.360   -18.612     0.00    0.00
 323178.954   -18.612     0.00    0.00
 323549.490   -18.612     0.00    0.00
 323919.969   -18.612     0.00    0.00
 324290.391   -18.612     0.00    0.00
 324660.755   -18.612     0.00    0.00
 325031.063   -18.612     0.00    0.00
 325401.314   -18.612     0.00    0.00
 325771.507   -18.612     0.00    0.00
 326141.643   -18.612     0.00    0.00
 326511.723   -18.612     0.00    0.00
 326881.745   -18.612     0.00    0.00
 327251.711   -18.612     0.00    0.00
 327621.619   -18.612     0.00    0.00
 327991.471   -18.612     0.00    0.00
 328361.266   -18.612     0.00    0.00
 328731.004   -18.612     0.00    0.00
 329100.685   -18.612     0.00    0.00
 329470.309   -18.612     0.00    0.00
 329839.877   -18.612     0.00    0.00
 330209.388   -18.612     0.00    0.00
 330578.842   -18.612     0.00    0.00
 330948.239   -18.612     0.00    0.00
 331317.580   -18.612     0.00    0.00
 331686.864   -18.612     0.00    0.00
 332056.092   -18.612     0.00    0.00
 332425.263   -18.612     0.00    0.00
 332794.377   -18.612     0.00    0.00
 333163.435   -18.612     0.00    0.00
 333532.437   -18.612     0.00    0.00
 333901.382   -18.612     0.00    0.00
 334270.270   -18.612     0.00    0.00
 334639.102   -18.612     0.00    0.00
 335007.878   -18.612     0.00    0.00
 335376.597   -18.612     0.00    0.00
 335745.260   -18.612     0.00    0.00
 336113.867   -18.612     0.00    0.00
 336482.417   -18.612     0.00    0.00
 336850.912   -18.612     0.00    0.00
 337219.349   -18.612     0.00    0.00
 337587.731   -18.612     0.00    0.00
 337956.057   -18.612     0.00    0.00
 338324.326   -18.612     0.00    0.00
 338692.539   -18.612     0.00    0.00
 339060.696   -18.612     0.00    0.00
 339428.798   -18.612     0.00    0.00
 339796.843   -18.612     0.00    0.00
 340164.832   -18.612     0.00    0.00
 340532.765   -18.612     0.00    0.00
 340900.642   -18.612     0.00    0.00
 341268.463   -18.612     0.00    0.00
 341643.116   -18.612     0.00    0.00
 342022.419   -18.612     0.00    0.00
 342401.663   -18.612     0.00    0.00
 342780.847   -18.612     0.00    0.00
 343159.971   -18.612     0.00    0.00
 343539.035   -18.612     0.00    0.00
 343918.040   -18.612     0.00    0.00
 344296.985   -18.612     0.00    0.00
 344675.870   -18.612     0.00    0.00
 345054.695   -18.612     0.00    0.00
 345433.461   -18.612     0.00    0.00
 345812.167   -18.612     0.00    0.00
 346190.814   -18.612     0.00    0.00
 346569.401   -18.612     0.00    0.00
 346947.928   -18.612     0.00    0.00
 347326.396   -18.612     0.00    0.00
 347704.804   -18.612     0.00    0.00
 348083.153   -18.612     0.00    0.00
 348461.443   -18.612     0.00    0.00
 348839.673   -18.612     0.00    0.00
 349217.844   -18.612     0.00    0.00
