# NaN NaN NaN ;Mean Elev.(m), Avg Gradient(m/km), RMS Gradient(m/km) - SRTM1     
#   52.718 -10.251  15.047 ;Mean Elev.(m), Avg Gradient(m/km), RMS Gradient(m/km) - ASTER GDEM
#   55.107 -10.992  12.461 ;Mean Elev.(m), Avg Gradient(m/km), RMS Gradient(m/km) - GMTED2010 
  7 207.312360  65.165068    61.275    60.187 14 52468.28853636 44.485
  8 207.307464  65.174233    53.305    53.305  2 52503.28852697 28.383
  9 207.285406  65.176389    57.481    57.464 16 52538.28851239 47.076
 10 207.285423  65.187525    54.645    54.669  5 52573.28855488 44.075
 12 207.275219  65.194064   100.801   100.801  2 52643.28851021 10.063
 15 207.304457  65.172136    66.541    69.306 11 52748.28855202  6.286
 16 207.268247  65.191981    56.781    56.718  6 52783.28849730 48.997
 17 207.281266  65.179933    56.788    56.812 12 52818.28857240 51.189
 18 207.301656  65.170029    58.349    57.816 17 52853.28861967 24.529
 20 207.341397  65.145610    68.517    69.044  4 52923.28860228 39.897
 21 207.304721  65.167873   130.982   131.486 17 52958.28857339 10.130
 22 207.309193  65.166605   130.914   131.004 15 52993.28859922  9.942
 24 207.310698  65.168973    60.471    59.815  7 53063.28857265 14.437
 26 207.315602  65.163943    60.940    60.362 11 53133.28856986 38.400
 28 207.308830  65.166015    57.162    56.727 16 53203.28864495 27.692
 29 207.343407  65.147973    56.689    56.689  2 53238.28860931 42.085
 30 207.280553  65.180858    54.538    54.516 12 53273.28857697 52.152
 31 207.281155  65.186778    53.824    53.734  7 53308.28863678 43.187
 33 207.281886  65.181326    55.113    55.053 12 53378.28854334 25.387
 35 207.266843  65.192548   115.700   114.292  5 53448.28856906  4.296
 37 207.314330  65.166475    61.726    61.109  7 53518.28864804 25.340
 38 207.303920  65.168495    57.430    57.418 16 53553.28867033 49.795
 40 207.260059  65.195601    56.215    56.193  4 53623.28859792 50.961
 42 207.337053  65.144593   117.230   117.230  2 53693.28859483  6.860
 44 207.305044  65.169167   128.832   129.752 16 53763.28848207 10.289
 47 207.298852  65.170606    62.535    62.575 17 53868.28855185 28.829
 48 207.308172  65.166389    58.917    58.612 16 53903.28858287 46.648
 49 207.293876  65.172038    57.474    57.442 17 53938.28862022 38.754
 50 207.335028  65.147370    68.973    65.028  3 53973.28857677 43.780
 51 207.291736  65.172834    57.357    56.970 16 54008.28857195 40.463
 52 207.288339  65.188194    54.417    54.417  2 54043.28859719 31.249
 58 207.309890  65.165585    58.076    58.065 16 54253.28856493 50.865
 59 207.331343  65.150003    58.666    59.232  3 54288.28856541 22.443
 60 207.315934  65.164317    58.949    58.461  9 54323.28856574 49.034
 62 207.324161  65.152332    38.268    38.268  2 54393.28850362 40.360
 64 207.295011  65.177789    57.427    57.467 11 54463.28848750 17.692
 66 207.307375  65.169909    59.641    59.938  9 54533.28849949 13.922
 68 207.308938  65.165967    57.747    57.711 16 54603.28849379 50.374
 69 207.313119  65.165892    59.248    58.692 11 54638.28850440 47.062
 70 207.315060  65.164052    60.618    60.270 11 54673.28850703 46.940
 71 207.343742  65.144857    57.628    57.599  3 54708.28846138 49.367
 72 207.300932  65.173840    57.403    56.924 11 54743.28847490 48.692
 74 207.290069  65.180429    56.566    56.374 10 54813.28846984 19.770
 75 207.337698  65.147046   135.375   135.380  4 54848.28844388  5.331
 76 207.305032  65.167907   130.261   130.239 16 54883.28847047  7.449
 78 207.293681  65.179756    56.291    56.173 10 54953.28846752 34.394
 79 207.304978  65.168194    58.945    58.938 16 54988.28848917 52.509
 80 207.335984  65.146860    58.656    57.436  3 55023.28847643 33.590
 83 207.306046  65.170271   129.355   130.384 13 55128.28841742 11.076
 85 207.289605  65.182366    56.181    56.115  9 55198.28841148 21.335
 87 207.308554  65.168103    58.238    58.035 12 55268.28840302 16.942
 89 207.315191  65.164072    55.850    55.815 10 55338.28837561 45.818
 91 207.309960  65.165920    58.121    58.087 15 55408.28838754 49.677
 92 207.333746  65.147709    57.477    57.483  3 55443.28838095 52.689
