# NaN NaN NaN ;Mean Elev.(m), Avg Gradient(m/km), RMS Gradient(m/km) - SRTM1     
#   -5.004  -3.858  17.866 ;Mean Elev.(m), Avg Gradient(m/km), RMS Gradient(m/km) - ASTER GDEM
#    1.357  -3.273  17.710 ;Mean Elev.(m), Avg Gradient(m/km), RMS Gradient(m/km) - GMTED2010 
 13 198.056583  61.595504     6.276     6.276  2 52666.91113803 16.911
 14 198.070781  61.587553     5.808     5.808  2 52701.91110920 43.335
 16 198.055145  61.602124     7.996     7.995  3 52771.91111918 48.787
 20 198.057763  61.594754    10.131    10.131  2 52911.91123059 18.729
 21 198.071346  61.586617     6.297     6.297  2 52946.91118732 50.425
 23 198.054266  61.599408     5.944     5.956  3 53016.91121958 11.962
 24 198.066279  61.589681     5.171     5.171  2 53051.91119964 19.851
 25 198.052599  61.607558     5.095     5.025  4 53086.91123353 16.746
 27 198.057050  61.596145    11.904    11.904  2 53156.91126098 48.724
 29 198.057539  61.593427     8.328     8.328  2 53226.91125605 40.021
 30 198.053761  61.606933     8.463     8.086  4 53261.91122720 22.602
 31 198.054930  61.594656    10.432    10.432  2 53296.91126451 15.857
 33 198.054760  61.599966     6.079     6.092  3 53366.91118153 15.908
 35 198.054502  61.597880     6.339     6.164  3 53436.91119881 12.562
 36 198.059754  61.593153     4.715     4.715  2 53471.91125129 19.517
 37 198.055266  61.594802    12.522    12.522  2 53506.91128227 34.022
 38 198.055555  61.596586    12.267    12.267  2 53541.91128809 42.174
 39 198.054700  61.601304    10.619    10.595  4 53576.91127548 45.125
 40 198.052764  61.605349     9.249     9.265  4 53611.91122681 40.790
 42 198.054677  61.601352     7.350     7.306  3 53681.91124804 39.926
 43 198.055702  61.597972    10.388    10.388  2 53716.91117612 14.247
 44 198.069537  61.587262     7.043     7.043  2 53751.91109666 12.282
 46 198.054480  61.606350     5.223     5.219  4 53821.91107885 12.472
 49 198.054549  61.601359    11.710    11.471  4 53926.91124367 35.383
 50 198.054486  61.606715     9.668     9.616  4 53961.91122765 37.971
 51 198.073276  61.587552    11.792    11.792  2 53996.91117353 21.291
 54 198.054279  61.602447     6.214     6.259  3 54101.91117850 11.764
 56 198.054707  61.600126     4.937     4.921  4 54171.91115575 20.313
 59 198.058590  61.593927    10.223    10.223  2 54276.91119880 17.930
 60 198.058432  61.593469     9.666     9.666  2 54311.91119980 42.947
 61 198.054294  61.601073     9.877     9.861  3 54346.91117151 25.829
 63 198.055512  61.598378     6.456     6.456  2 54416.91112117 47.435
 67 198.056129  61.600646    11.775    11.875  3 54556.91112790  0.423
 71 198.055781  61.598593    10.515    10.497  3 54696.91111359 39.548
 73 198.056955  61.593507     8.587     8.587  2 54766.91109379 40.962
 75 198.057637  61.594839     9.574     9.574  2 54836.91108570  9.235
 77 198.054940  61.604712    12.183    12.226  4 54906.91109191  9.189
 80 198.056762  61.596032    11.603    11.603  2 55011.91111617 50.321
 82 198.054616  61.602130     9.571     9.309  3 55081.91107917 24.456
 84 198.056325  61.596381     6.524     6.524  2 55151.91103811 46.851
 86 198.056269  61.596495     5.473     5.473  2 55221.91103659 42.375
 87 198.060443  61.591476     8.734     8.734  2 55256.91102339 15.517
 88 198.054035  61.601427     4.884     4.862  4 55291.91102388 15.596
 89 198.056579  61.594058     9.759     9.759  2 55326.91100715 38.776
 90 198.055219  61.596246    12.488    12.488  2 55361.91100328 25.200
 93 198.054389  61.603098     9.633     9.192  3 55466.91097694 28.141
