# NaN NaN NaN ;Mean Elev.(m), Avg Gradient(m/km), RMS Gradient(m/km) - SRTM1     
#    1.142  -0.738   4.426 ;Mean Elev.(m), Avg Gradient(m/km), RMS Gradient(m/km) - ASTER GDEM
#    9.061  -0.422   0.960 ;Mean Elev.(m), Avg Gradient(m/km), RMS Gradient(m/km) - GMTED2010 
  6    20.437 52418.90700606 51.24 200.052335  62.309682 39.538
  6    20.363 52418.90700671 48.92 200.049835  62.306532 39.538
  6    20.308 52418.90700735 47.25 200.047325  62.303392 39.538
  6    20.232 52418.90700800 49.99 200.044825  62.300242 39.538
  6    20.196 52418.90700864 53.27 200.042325  62.297102 39.538
  6    20.191 52418.90700929 52.14 200.039825  62.293952 39.538
  6    20.149 52418.90700993 50.26 200.037315  62.290812 39.538
  6    20.200 52418.90701058 48.27 200.034815  62.287662 39.538
  6    20.239 52418.90701122 47.67 200.032315  62.284522 39.538
  6    20.261 52418.90701187 45.05 200.029815  62.281372 39.538
  6    20.195 52418.90701251 39.05 200.027315  62.278232 39.538
  6    20.110 52418.90701315 35.53 200.024815  62.275082 39.538
  6    20.209 52418.90701380 48.75 200.022315  62.271942 39.538
  6    20.268 52418.90701444 49.88 200.019815  62.268792 39.538
  6    20.214 52418.90701509 48.73 200.017324  62.265651 42.231
  6    20.262 52418.90701573 48.17 200.014824  62.262501 42.231
  7    26.334 52453.90702985 27.87 200.054229  62.319891 34.103
  7    28.927 52453.90703050 32.99 200.051729  62.316751 34.103
  7    29.525 52453.90703114 35.30 200.049219  62.313601 34.103
  7    23.768 52453.90703179 38.25 200.046719  62.310461 34.103
  7    23.727 52453.90703243 41.38 200.044209  62.307321 34.103
  7    23.671 52453.90703308 43.35 200.041709  62.304171 34.103
  7    23.701 52453.90703372 39.42 200.039209  62.301031 34.103
  7    23.649 52453.90703437 41.62 200.036709  62.297881 34.103
  7    23.757 52453.90703501 41.47 200.034199  62.294741 34.103
  7    24.433 52453.90703566 39.89 200.031704  62.291594 37.812
  7    24.752 52453.90703630 36.03 200.029204  62.288444 37.812
  7    25.469 52453.90703695 43.16 200.026704  62.285304 37.812
  7    25.836 52453.90703759 41.53 200.024204  62.282154 37.812
  7    25.974 52453.90703823 40.67 200.021704  62.279014 37.812
  7    26.234 52453.90703888 40.72 200.019204  62.275864 37.812
  7    26.284 52453.90703952 37.53 200.016704  62.272724 37.812
  7    26.435 52453.90704017 40.42 200.014204  62.269574 37.812
  8    16.563 52488.90700946 47.82 200.053755  62.311737 39.620
  8    16.378 52488.90701011 40.76 200.051255  62.308597 39.620
  8    16.270 52488.90701075 46.13 200.048745  62.305447 39.620
  8    16.319 52488.90701140 50.75 200.046245  62.302307 39.620
  8    16.217 52488.90701204 49.81 200.043745  62.299157 39.620
  8    16.282 52488.90701269 46.48 200.041245  62.296017 39.620
  8    16.165 52488.90701333 45.40 200.038745  62.292867 39.620
  8    16.070 52488.90701398 41.40 200.036245  62.289727 39.620
  8    16.244 52488.90701462 39.89 200.033745  62.286577 39.620
  8    16.129 52488.90701527 36.72 200.031245  62.283437 39.620
  8    16.052 52488.90701591 35.93 200.028745  62.280287 39.620
  8    16.261 52488.90701656 48.14 200.026245  62.277147 39.620
  8    16.261 52488.90701720 52.24 200.023745  62.273997 39.620
  8    16.234 52488.90701785 51.25 200.021245  62.270857 39.620
  8    16.077 52488.90701849 52.03 200.018755  62.267707 39.620
  8    16.043 52488.90701913 54.00 200.016258  62.264563 45.620
 10    15.942 52558.90703530 52.93 200.052730  62.308523 21.588
 10    15.973 52558.90703594 53.30 200.050220  62.305373 52.261
 10    15.946 52558.90703659 52.75 200.047720  62.302233 52.261
 10    15.800 52558.90703723 53.36 200.045220  62.299083 52.261
 10    15.844 52558.90703788 53.38 200.042720  62.295943 52.261
 10    15.877 52558.90703852 51.61 200.040210  62.292803 52.261
 10    15.827 52558.90703917 52.92 200.037710  62.289653 52.261
 10    15.776 52558.90703981 52.11 200.035210  62.286513 52.261
 10    15.732 52558.90704046 53.04 200.032710  62.283363 52.261
 10    15.709 52558.90704110 46.53 200.030210  62.280223 52.261
 10    15.672 52558.90704175 54.38 200.027710  62.277073 52.261
 10    15.662 52558.90704239 52.94 200.025210  62.273933 52.261
 10    15.651 52558.90704304 52.58 200.022710  62.270783 52.261
 10    15.641 52558.90704368 53.15 200.020210  62.267643 52.261
 10    15.632 52558.90704433 52.81 200.017710  62.264493 52.261
 10    15.616 52558.90704497 53.97 200.015220  62.261353 52.261
 11    14.115 52593.90703508 28.95 200.052609  62.320376  9.332
 11    14.097 52593.90703572 31.30 200.050101  62.317236 26.582
 11    14.161 52593.90703637 34.51 200.047601  62.314086 26.582
 11    14.061 52593.90703701 41.86 200.045101  62.310946 26.582
 11    14.088 52593.90703765 38.36 200.042591  62.307796 26.582
 11    13.918 52593.90703830 32.36 200.040091  62.304656 26.582
 11    13.748 52593.90703894 31.38 200.037591  62.301506 26.582
 11    13.794 52593.90703959 34.55 200.035081  62.298366 26.582
 11    13.756 52593.90704023 33.20 200.032581  62.295216 26.582
 11    13.819 52593.90704088 32.90 200.030081  62.292076 26.582
 11    13.843 52593.90704152 35.85 200.027581  62.288926 26.582
 11    13.655 52593.90704217 31.83 200.025081  62.285786 26.582
 11    13.628 52593.90704281 30.19 200.022581  62.282636 26.582
 11    13.940 52593.90704346 31.40 200.020081  62.279496 26.582
 11    13.878 52593.90704410 34.67 200.017581  62.276346 26.582
 11    13.921 52593.90704475 31.76 200.015081  62.273206 26.582
 11    13.767 52593.90704539 29.28 200.012591  62.270056 26.582
 12    14.329 52628.90696849 28.05 200.046294  62.283238 13.773
 12    14.332 52628.90696913 31.30 200.043794  62.280088 13.773
 12    14.327 52628.90696978 29.13 200.041294  62.276948 13.773
 12    14.289 52628.90697042 29.63 200.038794  62.273798 13.773
 12    14.242 52628.90697107 30.42 200.036294  62.270658 13.773
 12    14.263 52628.90697171 30.62 200.033794  62.267508 13.773
 12    14.209 52628.90697236 30.35 200.031294  62.264368 13.773
 12    14.251 52628.90697300 30.77 200.028794  62.261218 13.773
 12    14.105 52628.90697365 29.66 200.026304  62.258078 13.773
 12    14.063 52628.90697429 28.48 200.023804  62.254928 13.773
 12    14.127 52628.90697494 29.30 200.021302  62.251788  9.835
 13    15.260 52663.90699747 15.73 200.054637  62.316892  3.752
 13    15.362 52663.90699811 17.93 200.052137  62.313752  3.752
 13    15.599 52663.90699876 17.04 200.049628  62.310611  5.086
 13    16.100 52663.90699940 16.19 200.047128  62.307461  5.086
 13    16.115 52663.90700005 15.43 200.044628  62.304321  5.086
 13    16.105 52663.90700069 15.10 200.042128  62.301171  5.086
 13    16.076 52663.90700134 14.97 200.039618  62.298031  5.086
 13    15.653 52663.90700198 16.40 200.037118  62.294881  5.086
 13    14.455 52663.90700262 16.33 200.034618  62.291741  5.086
 13    13.602 52663.90700327 18.02 200.032118  62.288591  5.086
 13    13.496 52663.90700391 18.73 200.029618  62.285451  5.086
 13    13.516 52663.90700456 17.84 200.027118  62.282301  5.086
 13    13.412 52663.90700520 17.32 200.024618  62.279161  5.086
 13    13.344 52663.90700585 16.90 200.022118  62.276011  5.086
 13    13.464 52663.90700649 16.71 200.019618  62.272871  5.086
 13    13.494 52663.90700714 16.96 200.017128  62.269721  5.086
 13    13.565 52663.90700778 16.42 200.014628  62.266581  5.086
 14    12.994 52698.90697909 28.22 200.046156  62.279993 22.211
 14    15.197 52698.90697974 28.70 200.043656  62.276853 22.211
 14    13.103 52698.90698038 30.67 200.041156  62.273703 22.211
 14    13.102 52698.90698103 31.08 200.038656  62.270563 22.211
 14    13.120 52698.90698167 30.13 200.036156  62.267413 22.211
 14    13.030 52698.90698232 30.55 200.033656  62.264273 22.211
 14    13.014 52698.90698296 29.12 200.031156  62.261123 22.211
 14    12.875 52698.90698361 28.64 200.028656  62.257983 22.211
 14    12.770 52698.90698425 28.85 200.026166  62.254833 22.211
 14    13.001 52698.90698490 31.89 200.023666  62.251693 22.211
 14    12.932 52698.90698554 30.17 200.021166  62.248543 22.211
 15    15.582 52733.90699941 19.99 200.051439  62.304200  4.358
 15    15.595 52733.90700005 19.25 200.048939  62.301050  4.358
 15    15.799 52733.90700069 19.29 200.046439  62.297910  4.358
 15    15.582 52733.90700134 19.70 200.043939  62.294770  4.358
 15    14.122 52733.90700198 20.87 200.041439  62.291620  4.358
 15    13.411 52733.90700263 20.77 200.038939  62.288480  4.358
 15    12.318 52733.90700327 22.99 200.036432  62.285332  5.935
 15    12.260 52733.90700392 21.35 200.033942  62.282182  5.935
 15    12.196 52733.90700456 23.08 200.031442  62.279042  5.935
 15    12.221 52733.90700521 22.78 200.028942  62.275892  5.935
 15    12.070 52733.90700585 22.99 200.026442  62.272752  5.935
 15    12.043 52733.90700650 23.42 200.023942  62.269602  5.935
 15    12.041 52733.90700714 23.50 200.021452  62.266462  5.935
 15    11.986 52733.90700779 23.59 200.018952  62.263312  5.935
 15    12.024 52733.90700843 22.93 200.016452  62.260172  5.935
 16    15.399 52768.90699540 35.06 200.049951  62.325313 29.047
 16    15.316 52768.90699605 34.74 200.047441  62.322173 29.047
 16    15.332 52768.90699669 35.71 200.044941  62.319023 29.047
 16    15.241 52768.90699734 43.16 200.042441  62.315883 29.047
 16    15.339 52768.90699798 52.30 200.039931  62.312743 29.047
 16    15.241 52768.90699863 53.28 200.037432  62.309596 38.140
 16    15.259 52768.90699927 49.49 200.034932  62.306446 38.140
 16    14.999 52768.90699992 42.08 200.032432  62.303306 38.140
 16    14.876 52768.90700056 35.58 200.029922  62.300156 38.140
 16    15.026 52768.90700121 37.46 200.027432  62.297016 38.140
 16    15.011 52768.90700185 48.67 200.024932  62.293866 38.140
 16    15.029 52768.90700249 41.67 200.022432  62.290726 38.140
 16    15.035 52768.90700314 42.19 200.019932  62.287576 38.140
 16    15.075 52768.90700378 48.59 200.017432  62.284436 38.140
 16    15.060 52768.90700443 49.43 200.014932  62.281286 38.140
 17    18.664 52803.90702746 21.99 200.046510  62.287413 15.326
 17    18.963 52803.90702810 22.54 200.044010  62.284273 15.326
 17    18.918 52803.90702875 30.29 200.041510  62.281123 15.326
 17    19.022 52803.90702939 34.53 200.039010  62.277983 15.326
 17    18.912 52803.90703004 31.95 200.036510  62.274833 15.326
 17    18.822 52803.90703068 28.43 200.034010  62.271693 15.326
 17    18.731 52803.90703133 27.54 200.031510  62.268543 15.326
 17    18.809 52803.90703197 27.06 200.029010  62.265403 15.326
 17    19.003 52803.90703262 28.23 200.026510  62.262253 15.326
 17    18.928 52803.90703326 24.89 200.024010  62.259113 15.326
 17    18.860 52803.90703391 25.24 200.021510  62.255963 15.326
 17    18.900 52803.90703455 32.78 200.019017  62.252823 21.783
 18    18.194 52838.90708963 25.97 200.046818  62.291273 13.273
 18    21.676 52838.90709027 14.53 200.044318  62.288133 13.273
 18    16.941 52838.90709092 13.60 200.041818  62.284983 13.273
 18    17.046 52838.90709156 14.57 200.039318  62.281843 13.273
 18    16.935 52838.90709221 18.68 200.036818  62.278693 13.273
 18    16.897 52838.90709285 19.20 200.034318  62.275553 13.273
 18    16.834 52838.90709350 16.51 200.031818  62.272403 13.273
 18    16.766 52838.90709414 15.95 200.029318  62.269263 13.273
 18    16.811 52838.90709479 14.89 200.026818  62.266113 13.273
 18    16.777 52838.90709543 14.83 200.024328  62.262973 13.273
 18    17.228 52838.90709608 15.75 200.021828  62.259823 13.273
 18    17.252 52838.90709672 17.06 200.019328  62.256683 13.273
 19    17.100 52873.90712676 39.68 200.052822  62.304485 43.785
 19    17.031 52873.90712741 42.05 200.050322  62.301345 43.785
 19    16.942 52873.90712805 44.14 200.047822  62.298195 43.785
 19    17.061 52873.90712869 43.55 200.045312  62.295055 43.785
 19    16.984 52873.90712934 46.08 200.042812  62.291905 43.785
 19    16.919 52873.90712998 46.13 200.040312  62.288765 43.785
 19    16.927 52873.90713063 47.70 200.037812  62.285615 43.785
 19    17.042 52873.90713127 48.76 200.035312  62.282475 43.785
 19    17.052 52873.90713192 49.35 200.032812  62.279325 43.785
 19    17.044 52873.90713256 49.96 200.030312  62.276185 43.785
 19    17.033 52873.90713321 50.68 200.027812  62.273035 43.785
 19    17.001 52873.90713385 51.21 200.025312  62.269895 43.785
 19    17.009 52873.90713450 50.12 200.022812  62.266745 43.785
 19    16.989 52873.90713514 51.74 200.020322  62.263605 43.785
 19    16.962 52873.90713579 52.75 200.017822  62.260455 43.785
 20    16.535 52908.90710445 54.29 200.053208  62.312517 22.604
 20    16.454 52908.90710509 53.96 200.050708  62.309377 22.604
 20    16.506 52908.90710574 51.56 200.048202  62.306232 51.123
 20    16.548 52908.90710638 51.59 200.045702  62.303082 51.123
 20    16.437 52908.90710703 52.87 200.043202  62.299942 51.123
 20    16.536 52908.90710767 53.11 200.040702  62.296792 51.123
 20    16.484 52908.90710832 52.40 200.038202  62.293652 51.123
 20    16.379 52908.90710896 53.76 200.035702  62.290502 51.123
 20    16.497 52908.90710960 52.60 200.033202  62.287362 51.123
 20    16.488 52908.90711025 46.31 200.030702  62.284212 51.123
 20    16.442 52908.90711089 53.01 200.028202  62.281072 51.123
 20    16.397 52908.90711154 50.89 200.025702  62.277922 51.123
 20    16.365 52908.90711218 53.80 200.023202  62.274782 51.123
 20    16.346 52908.90711283 52.66 200.020702  62.271632 51.123
 20    16.335 52908.90711347 53.19 200.018212  62.268492 51.123
 20    16.324 52908.90711412 53.55 200.015712  62.265342 51.123
 21    12.825 52943.90704309 38.29 200.046328  62.276626 31.478
 21    12.834 52943.90704374 38.48 200.043828  62.273486 31.478
 21    12.930 52943.90704438 43.72 200.041328  62.270336 31.478
 21    12.799 52943.90704503 51.93 200.038828  62.267196 31.478
 21    12.874 52943.90704567 50.05 200.036328  62.264046 31.478
 21    12.727 52943.90704632 49.87 200.033828  62.260906 31.478
 21    12.838 52943.90704696 49.26 200.031328  62.257756 31.478
 21    12.703 52943.90704761 39.29 200.028838  62.254616 31.478
 21    12.584 52943.90704825 35.59 200.026338  62.251466 31.478
 22    17.119 52978.90709524 14.54 200.048010  62.295225 11.684
 22    16.895 52978.90709588 14.62 200.045510  62.292085 11.684
 22    16.070 52978.90709653 14.10 200.043010  62.288945 11.684
 22    15.420 52978.90709717 14.76 200.040510  62.285795 11.684
 22    13.449 52978.90709782 15.71 200.038010  62.282655 11.684
 22    12.493 52978.90709846 16.52 200.035510  62.279505 11.684
 22    12.174 52978.90709911 20.77 200.033010  62.276365 11.684
 22    12.004 52978.90709975 24.46 200.030510  62.273215 11.684
 22    12.000 52978.90710039 25.64 200.028010  62.270075 11.684
 22    12.033 52978.90710104 27.92 200.025510  62.266925 11.684
 22    11.987 52978.90710168 26.94 200.023010  62.263785 11.684
 22    11.887 52978.90710233 26.77 200.020510  62.260635 11.684
 22    11.721 52978.90710297 25.07 200.018020  62.257495 11.684
 23    13.647 53013.90708885 31.92 200.053246  62.321186  8.157
 23    13.427 53013.90708949 35.79 200.050736  62.318036  8.157
 23    13.609 53013.90709013 15.41 200.048236  62.314896  8.157
 23    13.460 53013.90709078 13.04 200.045733  62.311753  9.327
 23    15.655 53013.90709142 11.16 200.043233  62.308603  9.327
 23    16.095 53013.90709207 10.03 200.040723  62.305463  9.327
 23    16.485 53013.90709271  9.18 200.038223  62.302313  9.327
 23    16.650 53013.90709336  9.01 200.035723  62.299173  9.327
 23    16.305 53013.90709400  8.77 200.033223  62.296023  9.327
 23    16.105 53013.90709465  8.79 200.030723  62.292883  9.327
 23    14.623 53013.90709529  9.66 200.028223  62.289733  9.327
 23    14.333 53013.90709594  9.66 200.025723  62.286593  9.327
 23    14.493 53013.90709658 10.50 200.023223  62.283443  9.327
 23    13.278 53013.90709723 13.49 200.020723  62.280303  9.327
 23    13.107 53013.90709787 18.46 200.018223  62.277153  9.327
 23    12.856 53013.90709852 24.93 200.015723  62.274013  9.327
 23    12.807 53013.90709916 26.55 200.013233  62.270863  9.327
 24    16.658 53048.90706529  6.42 200.047854  62.292889  2.781
 24    16.770 53048.90706593  6.68 200.045344  62.289749  2.781
 24    16.221 53048.90706658  7.26 200.042844  62.286599  2.781
 24    17.105 53048.90706722  7.32 200.040344  62.283459  2.781
 24    17.300 53048.90706787  6.52 200.037844  62.280309  2.781
 24    13.593 53048.90706851  8.28 200.035344  62.277169  2.781
 24    15.438 53048.90706916  7.33 200.032844  62.274019  2.781
 24    14.764 53048.90706980  8.16 200.030344  62.270879  2.781
 24    13.202 53048.90707045 10.12 200.027844  62.267729  2.781
 24    15.246 53048.90707109  8.29 200.025344  62.264589  2.781
 24    16.313 53048.90707174  8.55 200.022854  62.261439  2.781
 24    18.047 53048.90707238  5.94 200.020354  62.258299  2.781
 24    17.924 53048.90707303  5.32 200.017854  62.255149  2.781
 25    11.917 53083.90709543 24.71 200.050307  62.322770  5.658
 25    11.974 53083.90709607 16.06 200.047797  62.319620  5.658
 25    17.110 53083.90709671  7.82 200.045297  62.316480  5.658
 25    17.166 53083.90709736  7.67 200.042789  62.313329  2.189
 25    17.198 53083.90709800  7.74 200.040289  62.310189  2.189
 25    17.292 53083.90709865  7.53 200.037789  62.307049  2.189
 25    17.118 53083.90709929  7.80 200.035279  62.303899  2.189
 25    17.465 53083.90709994  7.80 200.032779  62.300759  2.189
 25    17.417 53083.90710058  8.01 200.030279  62.297609  2.189
 25    17.422 53083.90710123  8.33 200.027779  62.294469  2.189
 25    17.279 53083.90710187  8.04 200.025279  62.291319  2.189
 25    16.878 53083.90710252  8.37 200.022779  62.288179  2.189
 25    16.147 53083.90710316  8.45 200.020279  62.285029  2.189
 25    16.058 53083.90710381  8.38 200.017779  62.281889  2.189
 25    15.933 53083.90710445  8.28 200.015279  62.278739  2.189
 25    15.240 53083.90710510  8.76 200.012779  62.275599  2.189
 26    12.293 53118.90706863 32.41 200.052721  62.305596 22.638
 26    15.356 53118.90706928 29.59 200.050211  62.302456 22.638
 26    15.794 53118.90706992 29.34 200.047711  62.299316 22.638
 26    14.057 53118.90707057 31.33 200.045211  62.296166 22.638
 26    16.147 53118.90707121 31.67 200.042701  62.293026 22.638
 26    15.877 53118.90707186 33.09 200.040201  62.289876 22.638
 26    13.969 53118.90707250 31.91 200.037701  62.286736 22.638
 26    12.495 53118.90707315 31.96 200.035201  62.283586 22.638
 26    12.276 53118.90707379 30.69 200.032701  62.280446 22.638
 26    12.041 53118.90707444 33.51 200.030201  62.277296 22.638
 26    12.376 53118.90707508 29.23 200.027701  62.274156 22.638
 26    12.072 53118.90707573 32.13 200.025201  62.271006 22.638
 26    12.247 53118.90707637 35.05 200.022701  62.267866 22.638
 26    12.462 53118.90707702 33.24 200.020201  62.264716 22.638
 26    12.141 53118.90707766 40.16 200.017711  62.261576 22.638
 26    12.233 53118.90707830 37.28 200.015211  62.258426 22.638
 27    19.953 53153.90711773 18.56 200.054872  62.316465 21.139
 27    19.965 53153.90711837 18.48 200.052362  62.313315  6.788
 27    19.933 53153.90711902 18.04 200.049862  62.310175  6.788
 27    19.600 53153.90711966 16.62 200.047352  62.307025  6.788
 27    19.434 53153.90712031 17.07 200.044852  62.303885  6.788
 27    19.458 53153.90712095 16.19 200.042352  62.300745  6.788
 27    19.492 53153.90712160 16.45 200.039852  62.297595  6.788
 27    19.331 53153.90712224 18.08 200.037342  62.294455  6.788
 27    19.208 53153.90712288 17.76 200.034842  62.291305  6.788
 27    19.152 53153.90712353 18.49 200.032342  62.288165  6.788
 27    19.076 53153.90712417 18.85 200.029842  62.285015  6.788
 27    18.997 53153.90712482 17.64 200.027342  62.281875  6.788
 27    18.562 53153.90712546 18.17 200.024842  62.278725  6.788
 27    18.706 53153.90712611 17.69 200.022342  62.275585  6.788
 27    17.881 53153.90712675 19.05 200.019842  62.272435  6.788
 27    18.438 53153.90712740 17.40 200.017342  62.269295  6.788
 27    18.480 53153.90712804 22.73 200.014852  62.266145  6.788
 28    18.803 53188.90711101 24.31 200.047665  62.294014 12.110
 28    18.723 53188.90711165 25.79 200.045165  62.290864 12.110
 28    20.474 53188.90711230 16.38 200.042665  62.287724 12.110
 28    17.392 53188.90711294 16.42 200.040165  62.284574 12.110
 28    17.273 53188.90711359 15.84 200.037665  62.281434 12.110
 28    17.505 53188.90711423 13.54 200.035165  62.278284 12.110
 28    17.581 53188.90711488 14.21 200.032665  62.275144 12.110
 28    17.356 53188.90711552 15.02 200.030165  62.271994 12.110
 28    17.388 53188.90711617 14.89 200.027665  62.268854 12.110
 28    16.892 53188.90711681 16.89 200.025175  62.265704 12.110
 28    16.929 53188.90711746 18.12 200.022675  62.262564 12.110
 28    16.452 53188.90711810 19.25 200.020175  62.259414 12.110
 28    18.368 53188.90711875 20.85 200.017685  62.256274 12.110
 29    16.045 53223.90712250 52.92 200.053196  62.313698 12.810
 29    16.055 53223.90712314 52.93 200.050694  62.310555 36.603
 29    15.973 53223.90712378 50.12 200.048194  62.307405 36.603
 29    15.894 53223.90712443 46.51 200.045684  62.304265 36.603
 29    15.687 53223.90712507 44.10 200.043184  62.301115 36.603
 29    15.750 53223.90712572 46.10 200.040684  62.297975 36.603
 29    15.731 53223.90712636 46.52 200.038184  62.294825 36.603
 29    15.706 53223.90712701 47.89 200.035684  62.291685 36.603
 29    15.719 53223.90712765 42.09 200.033184  62.288535 36.603
 29    15.695 53223.90712830 36.58 200.030684  62.285395 36.603
 29    15.673 53223.90712894 36.66 200.028184  62.282245 36.603
 29    15.690 53223.90712959 39.15 200.025684  62.279105 36.603
 29    15.718 53223.90713023 46.94 200.023184  62.275955 36.603
 29    15.739 53223.90713088 40.33 200.020694  62.272815 36.603
 29    15.635 53223.90713152 36.49 200.018194  62.269665 36.603
 29    15.708 53223.90713217 46.84 200.015694  62.266525 36.603
 30    14.884 53258.90709587 36.90 200.049609  62.324583 17.929
 30    14.888 53258.90709651 42.60 200.047099  62.321443 17.929
 30    14.863 53258.90709716 47.48 200.044599  62.318293 17.929
 30    14.806 53258.90709780 48.83 200.042099  62.315153 17.929
 30    14.753 53258.90709845 51.09 200.039597  62.312008 33.823
 30    14.824 53258.90709909 44.93 200.037087  62.308858 33.823
 30    14.851 53258.90709974 45.68 200.034587  62.305718 33.823
 30    14.899 53258.90710038 41.05 200.032087  62.302568 33.823
 30    15.390 53258.90710103 36.16 200.029587  62.299428 33.823
 30    14.731 53258.90710167 41.27 200.027087  62.296278 33.823
 30    14.599 53258.90710231 49.85 200.024587  62.293138 33.823
 30    14.592 53258.90710296 52.77 200.022087  62.289988 33.823
 30    14.586 53258.90710360 52.33 200.019587  62.286848 33.823
 30    14.601 53258.90710425 44.04 200.017087  62.283698 33.823
 30    14.560 53258.90710489 45.81 200.014587  62.280558 33.823
 31    19.642 53293.90712205 24.63 200.052965  62.310831 20.493
 31    13.082 53293.90712270 28.11 200.050455  62.307681 20.493
 31    13.002 53293.90712334 27.90 200.047955  62.304541 20.493
 31    12.944 53293.90712399 24.17 200.045445  62.301391 20.493
 31    13.012 53293.90712463 20.59 200.042945  62.298251 20.493
 31    13.077 53293.90712528 19.76 200.040445  62.295111 20.493
 31    13.439 53293.90712592 20.96 200.037935  62.291961 20.493
 31    13.356 53293.90712657 24.81 200.035435  62.288821 20.493
 31    13.398 53293.90712721 25.97 200.032935  62.285671 20.493
 31    13.117 53293.90712785 25.55 200.030435  62.282531 20.493
 31    12.775 53293.90712850 24.46 200.027935  62.279381 20.493
 31    13.081 53293.90712914 22.79 200.025435  62.276241 20.493
 31    12.880 53293.90712979 25.13 200.022935  62.273091 20.493
 31    12.641 53293.90713043 29.08 200.020435  62.269951 20.493
 31    12.776 53293.90713108 27.96 200.017935  62.266801 20.493
 31    12.701 53293.90713172 28.96 200.015435  62.263661 20.493
 32    12.107 53328.90709559 23.67 200.053030  62.310598 10.439
 32    12.090 53328.90709623 18.44 200.050530  62.307458 10.439
 32    12.440 53328.90709688 15.22 200.048030  62.304308 10.439
 32    12.084 53328.90709752 16.08 200.045530  62.301168 10.439
 32    12.200 53328.90709817 16.76 200.043020  62.298018 10.439
 32    12.115 53328.90709881 18.39 200.040520  62.294878 10.439
 32    11.986 53328.90709946 17.01 200.038020  62.291728 10.439
 32    11.953 53328.90710010 19.05 200.035520  62.288588 10.439
 32    12.115 53328.90710075 19.28 200.033020  62.285438 10.439
 32    12.058 53328.90710139 21.10 200.030520  62.282298 10.439
 32    11.943 53328.90710204 19.68 200.028020  62.279148 10.439
 32    11.941 53328.90710268 20.10 200.025520  62.276008 10.439
 32    11.841 53328.90710333 19.62 200.023020  62.272858 10.439
 32    11.719 53328.90710397 19.69 200.020530  62.269718 10.439
 32    11.661 53328.90710461 19.06 200.018030  62.266568 10.439
 32    13.909 53328.90710526 19.07 200.015530  62.263428 10.439
 33    13.271 53363.90704658 28.58 200.052829  62.316683  6.427
 33    13.001 53363.90704723 30.71 200.050329  62.313543  6.427
 33    13.080 53363.90704787 14.34 200.047819  62.310399  4.844
 33    13.142 53363.90704852 11.09 200.045319  62.307249  4.844
 33    13.400 53363.90704916 11.36 200.042819  62.304109  4.844
 33    12.673 53363.90704981 11.51 200.040319  62.300959  4.844
 33    14.293 53363.90705045 11.30 200.037819  62.297819  4.844
 33    12.668 53363.90705110 12.49 200.035319  62.294669  4.844
 33    13.007 53363.90705174 11.36 200.032819  62.291529  4.844
 33    12.748 53363.90705239 12.14 200.030319  62.288379  4.844
 33    12.663 53363.90705303 13.99 200.027819  62.285239  4.844
 33    12.725 53363.90705368 13.42 200.025319  62.282089  4.844
 33    12.593 53363.90705432 13.60 200.022819  62.278949  4.844
 33    12.375 53363.90705496 14.41 200.020319  62.275799  4.844
 33    12.586 53363.90705561 14.19 200.017829  62.272659  4.844
 33    13.458 53363.90705625 12.61 200.015329  62.269509  4.844
 34    16.522 53398.90707188  7.90 200.053305  62.305509  3.129
 34    16.483 53398.90707252  7.77 200.050795  62.302369  3.129
 34    16.572 53398.90707317  7.54 200.048295  62.299229  3.129
 34    16.724 53398.90707381  7.64 200.045795  62.296079  3.129
 34    16.753 53398.90707446  7.96 200.043285  62.292939  3.129
 34    15.945 53398.90707510  8.04 200.040785  62.289789  3.129
 34    17.176 53398.90707574  8.32 200.038285  62.286649  3.129
 34    16.713 53398.90707639  8.63 200.035785  62.283499  3.129
 34    16.693 53398.90707703  8.53 200.033285  62.280359  3.129
 34    16.333 53398.90707768  8.11 200.030785  62.277209  3.129
 34    15.020 53398.90707832  8.52 200.028285  62.274069  3.129
 34    14.959 53398.90707897  8.15 200.025785  62.270919  3.129
 34    14.482 53398.90707961  8.86 200.023285  62.267779  3.129
 34    14.591 53398.90708026  8.25 200.020785  62.264629  3.129
 34    15.931 53398.90708090  8.05 200.018295  62.261489  3.129
 34    15.608 53398.90708155  8.30 200.015795  62.258339  3.129
 35    17.440 53433.90705993 11.31 200.054359  62.319473  2.104
 35    18.091 53433.90706058 11.22 200.051849  62.316333  2.104
 35    17.836 53433.90706122 11.37 200.049349  62.313190  2.584
 35    17.374 53433.90706187 10.46 200.046849  62.310040  2.584
 35    18.953 53433.90706251  9.85 200.044339  62.306900  2.584
 35    17.535 53433.90706316  9.59 200.041839  62.303750  2.584
 35    18.865 53433.90706380  9.75 200.039339  62.300610  2.584
 35    18.214 53433.90706445  9.92 200.036839  62.297460  2.584
 35    18.272 53433.90706509  9.75 200.034339  62.294320  2.584
 35    17.902 53433.90706574  9.88 200.031839  62.291170  2.584
 35    17.616 53433.90706638  9.76 200.029339  62.288030  2.584
 35    17.000 53433.90706703  9.95 200.026839  62.284880  2.584
 35    16.304 53433.90706767 10.18 200.024339  62.281740  2.584
 35    15.180 53433.90706832 10.89 200.021839  62.278590  2.584
 35    15.865 53433.90706896  9.95 200.019339  62.275450  2.584
 35    14.990 53433.90706960 10.14 200.016849  62.272300  2.584
 35    14.884 53433.90707025  9.61 200.014349  62.269160  2.584
 36    17.190 53468.90710534  7.01 200.048927  62.296941  3.941
 36    16.996 53468.90710598  7.08 200.046417  62.293791  3.941
 36    17.216 53468.90710663  7.09 200.043917  62.290651  3.941
 36    16.888 53468.90710727  7.31 200.041417  62.287501  3.941
 36    16.115 53468.90710792  8.49 200.038917  62.284361  3.941
 36    15.520 53468.90710856  8.61 200.036417  62.281211  3.941
 36    13.112 53468.90710921 10.74 200.033917  62.278071  3.941
 36    15.014 53468.90710985  8.26 200.031417  62.274921  3.941
 36    13.207 53468.90711049 11.30 200.028917  62.271781  3.941
 36    13.464 53468.90711114 10.93 200.026417  62.268631  3.941
 36    14.241 53468.90711178  7.57 200.023917  62.265491  3.941
 36    14.299 53468.90711243  8.10 200.021417  62.262341  3.941
 36    15.667 53468.90711307  7.06 200.018927  62.259201  3.941
 36    15.893 53468.90711372  7.04 200.016427  62.256051  3.941
 38    19.879 53538.90714403 16.14 200.054039  62.315558 14.195
 38    19.953 53538.90714468 18.64 200.051534  62.312415  8.317
 38    19.848 53538.90714532 15.77 200.049024  62.309265  8.317
 38    19.654 53538.90714597 15.85 200.046524  62.306125  8.317
 38    19.516 53538.90714661 15.96 200.044024  62.302975  8.317
 38    19.608 53538.90714726 16.11 200.041514  62.299835  8.317
 38    19.599 53538.90714790 16.11 200.039014  62.296685  8.317
 38    19.536 53538.90714855 16.34 200.036514  62.293545  8.317
 38    19.485 53538.90714919 16.91 200.034014  62.290395  8.317
 38    19.499 53538.90714984 16.95 200.031514  62.287255  8.317
 38    19.613 53538.90715048 17.51 200.029014  62.284105  8.317
 38    19.435 53538.90715113 18.79 200.026514  62.280965  8.317
 38    19.755 53538.90715177 21.14 200.024014  62.277815  8.317
 38    19.844 53538.90715242 19.31 200.021514  62.274675  8.317
 38    19.857 53538.90715306 19.59 200.019014  62.271525  8.317
 38    19.779 53538.90715370 20.68 200.016524  62.268385  8.317
 38    19.912 53538.90715435 26.88 200.014024  62.265235  8.317
 39    19.977 53573.90714198 14.84 200.051741  62.320396 20.312
 39    16.965 53573.90714262 18.45 200.049241  62.317246 20.312
 39    17.189 53573.90714327 20.57 200.046731  62.314106 20.312
 39    17.241 53573.90714391 23.79 200.044230  62.310963 20.590
 39    17.238 53573.90714456 27.46 200.041730  62.307813 20.590
 39    17.162 53573.90714520 27.38 200.039220  62.304673 20.590
 39    17.184 53573.90714585 26.82 200.036720  62.301523 20.590
 39    17.454 53573.90714649 29.36 200.034220  62.298383 20.590
 39    17.455 53573.90714714 33.08 200.031720  62.295233 20.590
 39    17.396 53573.90714778 28.76 200.029220  62.292093 20.590
 39    17.382 53573.90714843 28.08 200.026720  62.288943 20.590
 39    17.287 53573.90714907 25.33 200.024220  62.285803 20.590
 39    17.150 53573.90714972 18.97 200.021720  62.282653 20.590
 39    18.936 53573.90715036 15.71 200.019220  62.279513 20.590
 39    19.543 53573.90715101 16.72 200.016720  62.276363 20.590
 39    18.755 53573.90715165 16.42 200.014220  62.273223 20.590
 40    19.585 53608.90709124 15.37 200.049519  62.323797 25.242
 40    16.120 53608.90709189 20.58 200.047019  62.320647 25.242
 40    16.202 53608.90709253 26.19 200.044509  62.317507 25.242
 40    16.108 53608.90709318 27.35 200.042009  62.314367 25.242
 40    16.204 53608.90709382 29.04 200.039506  62.311220 38.359
 40    16.160 53608.90709447 28.48 200.037006  62.308070 38.359
 40    16.183 53608.90709511 31.41 200.034506  62.304930 38.359
 40    16.135 53608.90709575 32.12 200.032006  62.301780 38.359
 40    16.165 53608.90709640 35.23 200.029506  62.298640 38.359
 40    16.122 53608.90709704 35.74 200.027006  62.295490 38.359
 40    16.029 53608.90709769 32.89 200.024506  62.292350 38.359
 40    15.985 53608.90709833 33.79 200.022006  62.289200 38.359
 40    16.136 53608.90709898 40.20 200.019506  62.286060 38.359
 40    16.134 53608.90709962 41.60 200.017006  62.282910 38.359
 40    16.057 53608.90710027 41.65 200.014506  62.279770 38.359
 41    20.832 53643.90709931 18.30 200.047299  62.291618 15.436
 41    22.030 53643.90709996 14.07 200.044789  62.288468 15.436
 41    17.054 53643.90710060 14.16 200.042289  62.285328 15.436
 41    17.080 53643.90710125 14.77 200.039789  62.282178 15.436
 41    16.952 53643.90710189 18.20 200.037289  62.279038 15.436
 41    16.927 53643.90710253 21.68 200.034789  62.275888 15.436
 41    16.880 53643.90710318 20.53 200.032289  62.272748 15.436
 41    16.666 53643.90710382 19.55 200.029789  62.269598 15.436
 41    16.619 53643.90710447 15.56 200.027289  62.266458 15.436
 41    16.576 53643.90710511 15.48 200.024789  62.263308 15.436
 41    16.849 53643.90710576 14.85 200.022299  62.260168 15.436
 41    16.443 53643.90710640 17.99 200.019799  62.257018 15.436
 41    16.783 53643.90710705 20.95 200.017299  62.253878 15.436
 42    14.112 53678.90711225 34.90 200.052102  62.319094  9.571
 42    14.126 53678.90711290 39.58 200.049602  62.315954  9.571
 42    14.099 53678.90711354 48.60 200.047099  62.312803 17.966
 42    13.853 53678.90711419 33.15 200.044589  62.309663 17.966
 42    13.590 53678.90711483 27.19 200.042089  62.306523 17.966
 42    13.456 53678.90711548 22.17 200.039589  62.303373 17.966
 42    13.360 53678.90711612 20.96 200.037079  62.300233 17.966
 42    13.369 53678.90711677 19.92 200.034579  62.297083 17.966
 42    13.419 53678.90711741 21.81 200.032079  62.293943 17.966
 42    13.439 53678.90711806 24.42 200.029579  62.290793 17.966
 42    13.463 53678.90711870 24.89 200.027079  62.287653 17.966
 42    13.607 53678.90711934 30.81 200.024579  62.284503 17.966
 42    13.592 53678.90711999 29.35 200.022079  62.281363 17.966
 42    13.561 53678.90712063 28.44 200.019579  62.278213 17.966
 42    13.150 53678.90712128 23.28 200.017079  62.275073 17.966
 42    12.923 53678.90712192 23.95 200.014579  62.271923 17.966
 43    13.768 53713.90704075 16.34 200.053038  62.318254  6.004
 43    13.729 53713.90704139 20.87 200.050538  62.315114  6.004
 43    13.468 53713.90704204 25.94 200.048035  62.311970 25.694
 43    13.428 53713.90704268 26.97 200.045525  62.308820 25.694
 43    13.578 53713.90704332 25.77 200.043025  62.305680 25.694
 43    13.315 53713.90704397 22.42 200.040525  62.302530 25.694
 43    13.272 53713.90704461 20.17 200.038025  62.299390 25.694
 43    13.074 53713.90704526 17.93 200.035525  62.296240 25.694
 43    13.044 53713.90704590 14.18 200.033025  62.293100 25.694
 43    13.362 53713.90704655  9.93 200.030525  62.289950 25.694
 43    13.245 53713.90704719 13.58 200.028025  62.286810 25.694
 43    13.123 53713.90704784 13.60 200.025525  62.283660 25.694
 43    13.223 53713.90704848 16.19 200.023025  62.280520 25.694
 43    13.103 53713.90704913 16.65 200.020525  62.277370 25.694
 43    12.787 53713.90704977 19.87 200.018035  62.274230 25.694
 43    12.744 53713.90705042 19.58 200.015535  62.271080 25.694
 43    12.769 53713.90705106 15.80 200.013035  62.267940 25.694
 44    18.422 53748.90696275  7.21 200.045724  62.278484  3.220
 44    15.209 53748.90696339  7.06 200.043224  62.275334  3.220
 44    15.106 53748.90696404  7.05 200.040724  62.272194  3.220
 44    16.895 53748.90696468  6.64 200.038224  62.269044  3.220
 44    16.423 53748.90696532  7.05 200.035724  62.265904  3.220
 44    16.435 53748.90696597  7.29 200.033224  62.262754  3.220
 44    15.910 53748.90696661  7.63 200.030724  62.259614  3.220
 44    16.021 53748.90696726  7.68 200.028234  62.256464  3.220
 44    15.322 53748.90696790  8.47 200.025734  62.253324  3.220
 44    16.170 53748.90696855  8.36 200.023234  62.250174  3.220
 45    12.757 53783.90698736 21.33 200.053871  62.310328 17.176
 45    12.646 53783.90698800 22.41 200.051371  62.307178 17.176
 45    12.977 53783.90698865 20.74 200.048871  62.304038 17.176
 45    12.769 53783.90698929 22.49 200.046361  62.300888 17.176
 45    14.297 53783.90698994 25.90 200.043861  62.297748 17.176
 45    14.035 53783.90699058 20.60 200.041361  62.294598 17.176
 45    13.993 53783.90699123 23.82 200.038861  62.291458 17.176
 45    13.815 53783.90699187 21.97 200.036361  62.288308 17.176
 45    13.908 53783.90699252 14.37 200.033861  62.285168 17.176
 45    13.995 53783.90699316 15.84 200.031361  62.282018 17.176
 45    13.617 53783.90699380 15.39 200.028861  62.278878 17.176
 45    12.488 53783.90699445 17.40 200.026361  62.275728 17.176
 45    12.439 53783.90699509 20.35 200.023861  62.272588 17.176
 45    13.553 53783.90699574 17.59 200.021371  62.269438 17.176
 45    13.602 53783.90699638 21.29 200.018871  62.266298 17.176
 45    13.564 53783.90699703 28.37 200.016371  62.263148 17.176
 46    16.101 53818.90694703  7.72 200.049990  62.322665  2.568
 46    16.554 53818.90694767  7.40 200.047480  62.319525  2.568
 46    17.096 53818.90694832  7.47 200.044980  62.316375  2.568
 46    17.172 53818.90694896  7.84 200.042480  62.313235  2.568
 46    16.988 53818.90694961  7.86 200.039980  62.310085  2.568
 46    17.022 53818.90695025  7.26 200.037480  62.306945  2.568
 46    17.391 53818.90695090  6.60 200.034978  62.303796  2.538
 46    17.503 53818.90695154  6.06 200.032478  62.300646  2.538
 46    17.640 53818.90695219  6.16 200.029978  62.297506  2.538
 46    17.529 53818.90695283  5.89 200.027478  62.294356  2.538
 46    17.342 53818.90695348  5.91 200.024978  62.291216  2.538
 46    16.968 53818.90695412  6.15 200.022478  62.288066  2.538
 46    16.310 53818.90695477  6.27 200.019978  62.284926  2.538
 46    15.814 53818.90695541  6.14 200.017478  62.281776  2.538
 46    15.734 53818.90695606  6.54 200.014988  62.278636  2.538
 47    19.351 53853.90702844  3.27 200.053800  62.308678  3.697
 47    19.466 53853.90702908  2.60 200.051304  62.305537  8.139
 47    19.570 53853.90702973  2.16 200.048794  62.302387  8.139
 47    19.304 53853.90703037  2.91 200.046294  62.299247  8.139
 47    18.836 53853.90703102  4.77 200.043794  62.296097  8.139
 47    15.342 53853.90703166 11.96 200.041284  62.292957  8.139
 47    15.206 53853.90703231 11.96 200.038784  62.289807  8.139
 47    16.214 53853.90703295  7.08 200.036284  62.286667  8.139
 47    14.526 53853.90703359 10.52 200.033784  62.283517  8.139
 47    14.637 53853.90703424  9.01 200.031284  62.280377  8.139
 47    16.347 53853.90703488  6.48 200.028784  62.277227  8.139
 47    16.501 53853.90703553  3.18 200.026284  62.274087  8.139
 47    15.319 53853.90703617  5.49 200.023784  62.270937  8.139
 47    11.079 53853.90703682 14.70 200.021284  62.267797  8.139
 47    13.609 53853.90703746 10.65 200.018784  62.264647  8.139
 47    14.561 53853.90703811  5.26 200.016294  62.261507  8.139
 48    21.540 53888.90703997 19.83 200.046794  62.291512 14.839
 48    22.230 53888.90704062 15.92 200.044294  62.288372 14.839
 48    19.850 53888.90704126 15.70 200.041794  62.285222 14.839
 48    19.579 53888.90704191 17.10 200.039294  62.282082 14.839
 48    19.249 53888.90704255 18.88 200.036794  62.278932 14.839
 48    19.319 53888.90704320 20.24 200.034294  62.275792 14.839
 48    19.453 53888.90704384 23.05 200.031794  62.272642 14.839
 48    19.416 53888.90704449 22.24 200.029294  62.269502 14.839
 48    19.681 53888.90704513 22.08 200.026804  62.266352 14.839
 48    20.324 53888.90704578 33.80 200.024304  62.263212 14.839
 48    20.708 53888.90704642 39.47 200.021804  62.260062 14.839
 48    20.302 53888.90704706 28.92 200.019314  62.256922 14.839
 48    20.267 53888.90704771 33.59 200.016814  62.253772 14.839
 49    19.016 53923.90710205 47.67 200.053014  62.320794 24.266
 49    18.857 53923.90710269 50.67 200.050504  62.317644 24.266
 49    18.941 53923.90710334 48.07 200.048004  62.314504 24.266
 49    18.845 53923.90710398 50.07 200.045504  62.311354 24.266
 49    18.966 53923.90710463 50.87 200.042994  62.308214 24.266
 49    18.848 53923.90710527 50.83 200.040491  62.305070 47.750
 49    18.857 53923.90710592 50.91 200.037991  62.301920 47.750
 49    18.940 53923.90710656 50.28 200.035481  62.298780 47.750
 49    18.883 53923.90710721 51.07 200.032981  62.295630 47.750
 49    18.817 53923.90710785 49.29 200.030481  62.292490 47.750
 49    18.763 53923.90710850 50.99 200.027981  62.289340 47.750
 49    18.749 53923.90710914 50.12 200.025481  62.286200 47.750
 49    18.859 53923.90710979 46.80 200.022981  62.283050 47.750
 49    18.893 53923.90711043 49.92 200.020481  62.279910 47.750
 49    18.894 53923.90711108 52.07 200.017981  62.276760 47.750
 49    18.857 53923.90711172 50.91 200.015481  62.273620 47.750
 49    18.872 53923.90711237 52.00 200.012981  62.270470 47.750
 50    19.923 53958.90709316 18.20 200.050274  62.323079 19.734
 50    18.072 53958.90709381 18.42 200.047774  62.319939 19.734
 50    16.705 53958.90709445 22.95 200.045264  62.316789 19.734
 50    16.872 53958.90709510 27.83 200.042764  62.313649 19.734
 50    16.851 53958.90709574 30.97 200.040264  62.310499 19.734
 50    16.987 53958.90709639 30.40 200.037754  62.307359 19.734
 50    17.084 53958.90709703 27.87 200.035253  62.304214 37.362
 50    16.977 53958.90709768 26.21 200.032753  62.301064 37.362
 50    16.956 53958.90709832 31.24 200.030253  62.297924 37.362
 50    16.972 53958.90709897 36.28 200.027753  62.294774 37.362
 50    16.871 53958.90709961 38.24 200.025253  62.291634 37.362
 50    16.822 53958.90710025 37.39 200.022743  62.288484 37.362
 50    16.787 53958.90710090 45.18 200.020253  62.285344 37.362
 50    16.728 53958.90710154 39.81 200.017753  62.282194 37.362
 50    16.748 53958.90710219 37.75 200.015253  62.279054 37.362
 50    16.776 53958.90710283 44.12 200.012753  62.275904 37.362
 51    16.615 53993.90703219 41.59 200.045551  62.275540 34.822
 51    16.616 53993.90703283 49.95 200.043051  62.272400 34.822
 51    16.749 53993.90703348 53.21 200.040551  62.269250 34.822
 51    16.702 53993.90703412 47.35 200.038051  62.266110 34.822
 51    16.638 53993.90703477 37.33 200.035551  62.262960 34.822
 51    16.538 53993.90703541 30.16 200.033051  62.259820 34.822
 51    16.528 53993.90703606 32.88 200.030551  62.256670 34.822
 51    16.470 53993.90703670 31.70 200.028061  62.253530 34.822
 51    16.734 53993.90703735 47.84 200.025561  62.250380 34.822
 52    21.608 54028.90708901 20.88 200.047596  62.290418 14.351
 52    16.329 54028.90708966 18.01 200.045096  62.287268 14.351
 52    16.364 54028.90709030 17.35 200.042596  62.284128 14.351
 52    16.115 54028.90709094 16.53 200.040096  62.280978 14.351
 52    15.626 54028.90709159 18.73 200.037596  62.277838 14.351
 52    15.664 54028.90709223 20.13 200.035096  62.274688 14.351
 52    15.670 54028.90709288 21.51 200.032596  62.271548 14.351
 52    15.803 54028.90709352 20.20 200.030096  62.268398 14.351
 52    15.676 54028.90709417 20.80 200.027596  62.265258 14.351
 52    15.928 54028.90709481 18.90 200.025096  62.262108 14.351
 52    15.762 54028.90709546 18.79 200.022606  62.258968 14.351
 52    15.431 54028.90709610 21.83 200.020106  62.255818 14.351
 52    15.499 54028.90709675 23.54 200.017606  62.252678 14.351
 53    12.739 54063.90707934 19.23 200.052738  62.309095  5.673
 53    18.744 54063.90707999 16.79 200.050227  62.305953  7.281
 53    12.373 54063.90708063 18.07 200.047727  62.302803  7.281
 53    17.167 54063.90708128 15.93 200.045227  62.299663  7.281
 53    16.593 54063.90708192 15.36 200.042727  62.296513  7.281
 53    16.024 54063.90708257 14.39 200.040227  62.293373  7.281
 53    15.668 54063.90708321 14.39 200.037727  62.290223  7.281
 53    14.557 54063.90708386 15.00 200.035227  62.287083  7.281
 53    12.837 54063.90708450 15.57 200.032727  62.283933  7.281
 53    12.836 54063.90708515 15.78 200.030227  62.280793  7.281
 53    12.613 54063.90708579 15.52 200.027727  62.277643  7.281
 53    12.485 54063.90708644 15.68 200.025227  62.274503  7.281
 53    13.456 54063.90708708 14.60 200.022727  62.271353  7.281
 53    13.891 54063.90708773 14.39 200.020237  62.268213  7.281
 53    15.469 54063.90708837 14.05 200.017737  62.265063  7.281
 53    16.372 54063.90708901 14.15 200.015237  62.261923  7.281
 54    15.731 54098.90704362  7.49 200.053652  62.324099  2.583
 54    15.447 54098.90704427  7.39 200.051152  62.320959  2.583
 54    15.829 54098.90704491  6.92 200.048652  62.317809  2.583
 54    15.619 54098.90704556  8.29 200.046142  62.314669  2.583
 54    16.055 54098.90704620  7.69 200.043642  62.311519  2.583
 54    16.613 54098.90704685  7.23 200.041142  62.308379  2.583
 54    17.070 54098.90704749  5.95 200.038640  62.305233  3.310
 54    17.128 54098.90704814  5.47 200.036140  62.302083  3.310
 54    16.815 54098.90704878  5.90 200.033630  62.298943  3.310
 54    16.775 54098.90704943  5.95 200.031130  62.295793  3.310
 54    16.357 54098.90705007  6.21 200.028630  62.292653  3.310
 54    16.447 54098.90705072  5.85 200.026130  62.289503  3.310
 54    14.708 54098.90705136  6.59 200.023630  62.286363  3.310
 54    13.502 54098.90705201  7.74 200.021140  62.283213  3.310
 54    15.073 54098.90705265  6.91 200.018640  62.280073  3.310
 54    13.420 54098.90705329  7.29 200.016140  62.276923  3.310
 54    15.106 54098.90705394  7.32 200.013640  62.273783  3.310
 55    13.349 54133.90700638 14.38 200.048190  62.292112 21.541
 55    13.214 54133.90700703 15.45 200.045680  62.288962 21.541
 55    13.036 54133.90700767 16.08 200.043180  62.285822 21.541
 55    13.297 54133.90700832 16.12 200.040680  62.282672 21.541
 55    13.233 54133.90700896 18.22 200.038180  62.279532 21.541
 55    12.444 54133.90700961 22.04 200.035680  62.276382 21.541
 55    12.270 54133.90701025 25.47 200.033180  62.273242 21.541
 55    12.270 54133.90701090 24.28 200.030680  62.270092 21.541
 55    12.258 54133.90701154 21.90 200.028180  62.266952 21.541
 55    12.689 54133.90701219 20.69 200.025680  62.263802 21.541
 55    12.982 54133.90701283 22.17 200.023190  62.260662 21.541
 55    11.880 54133.90701347 25.92 200.020690  62.257512 21.541
 55    11.781 54133.90701412 30.72 200.018190  62.254372 21.541
 57    15.835 54203.90701020 21.16 200.047986  62.293794 12.275
 57    16.218 54203.90701084 19.16 200.045476  62.290644 12.275
 57    16.310 54203.90701149 18.55 200.042976  62.287504 12.275
 57    15.820 54203.90701213 19.15 200.040478  62.284360 15.714
 57    15.602 54203.90701278 19.75 200.037978  62.281210 15.714
 57    15.308 54203.90701342 19.69 200.035478  62.278070 15.714
 57    16.102 54203.90701407 15.92 200.032978  62.274920 15.714
 57    16.966 54203.90701471 17.60 200.030478  62.271780 15.714
 57    15.679 54203.90701535 20.61 200.027978  62.268630 15.714
 57    15.240 54203.90701600 20.62 200.025478  62.265490 15.714
 57    14.532 54203.90701664 23.13 200.022978  62.262340 15.714
 57    10.720 54203.90701729 24.94 200.020488  62.259200 15.714
 57    10.806 54203.90701793 24.72 200.017988  62.256050 15.714
 58    19.713 54238.90704214 19.30 200.052380  62.307248 21.609
 58    19.775 54238.90704278 19.35 200.049880  62.304108 21.609
 58    19.608 54238.90704343 19.97 200.047380  62.300958 21.609
 58    15.980 54238.90704407 19.96 200.044880  62.297818 21.609
 58    18.660 54238.90704471 19.91 200.042370  62.294668 21.609
 58    16.061 54238.90704536 20.84 200.039870  62.291528 21.609
 58    16.024 54238.90704600 18.93 200.037370  62.288378 21.609
 58    16.154 54238.90704665 25.48 200.034869  62.285239 23.869
 58    16.133 54238.90704729 19.99 200.032369  62.282089 23.869
 58    15.865 54238.90704794 20.97 200.029869  62.278949 23.869
 58    15.846 54238.90704858 20.81 200.027369  62.275799 23.869
 58    15.748 54238.90704923 21.18 200.024869  62.272659 23.869
 58    15.815 54238.90704987 20.93 200.022379  62.269509 23.869
 58    15.997 54238.90705052 19.29 200.019879  62.266369 23.869
 58    16.053 54238.90705116 20.74 200.017379  62.263219 23.869
 58    15.875 54238.90705181 15.73 200.014879  62.260079 23.869
 59    19.697 54273.90705934 22.02 200.051951  62.309512 14.244
 59    19.505 54273.90705998 14.69 200.049451  62.306362 14.244
 59    19.412 54273.90706063 15.67 200.046941  62.303222 14.244
 59    19.221 54273.90706127 13.88 200.044441  62.300072 14.244
 59    18.359 54273.90706192 13.92 200.041941  62.296932 14.244
 59    18.293 54273.90706256 11.84 200.039441  62.293782 14.244
 59    17.747 54273.90706321 12.20 200.036941  62.290642 14.244
 59    17.828 54273.90706385 13.60 200.034441  62.287492 14.244
 59    17.676 54273.90706449 11.66 200.031939  62.284354 23.342
 59    17.422 54273.90706514 13.14 200.029439  62.281204 23.342
 59    17.287 54273.90706578 15.12 200.026939  62.278064 23.342
 59    17.414 54273.90706643 13.74 200.024439  62.274914 23.342
 59    17.100 54273.90706707 15.72 200.021939  62.271774 23.342
 59    17.146 54273.90706772 14.76 200.019439  62.268624 23.342
 59    16.702 54273.90706836 15.29 200.016949  62.265484 23.342
 59    16.800 54273.90706901 15.37 200.014449  62.262334 23.342
 60    17.593 54308.90706135 36.67 200.053304  62.308503 15.376
 60    17.064 54308.90706199 24.95 200.050794  62.305353 15.376
 60    16.871 54308.90706264 21.37 200.048294  62.302213 15.376
 60    16.794 54308.90706328 20.23 200.045794  62.299073 15.376
 60    16.951 54308.90706393 23.33 200.043294  62.295923 15.376
 60    17.012 54308.90706457 26.49 200.040794  62.292783 15.376
 60    17.041 54308.90706522 27.78 200.038284  62.289633 15.376
 60    17.041 54308.90706586 28.64 200.035784  62.286493 15.376
 60    16.938 54308.90706651 29.22 200.033289  62.283346 26.503
 60    17.015 54308.90706715 26.79 200.030789  62.280196 26.503
 60    17.119 54308.90706780 25.12 200.028289  62.277056 26.503
 60    16.685 54308.90706844 21.25 200.025789  62.273906 26.503
 60    16.921 54308.90706909 19.35 200.023289  62.270766 26.503
 60    17.076 54308.90706973 23.49 200.020789  62.267616 26.503
 60    17.046 54308.90707038 21.55 200.018299  62.264476 26.503
 60    16.963 54308.90707102 28.14 200.015799  62.261326 26.503
 61    17.526 54343.90703637 45.39 200.054008  62.322238 36.359
 61    17.794 54343.90703701 48.89 200.051498  62.319088 36.359
 61    17.473 54343.90703766 54.82 200.048998  62.315948 36.359
 61    17.558 54343.90703830 50.11 200.046498  62.312798 36.359
 61    17.456 54343.90703895 51.95 200.043988  62.309658 36.359
 61    17.380 54343.90703959 51.62 200.041488  62.306508 36.359
 61    17.483 54343.90704023 52.14 200.038988  62.303368 36.359
 61    17.483 54343.90704088 51.27 200.036488  62.300218 36.359
 61    17.419 54343.90704152 49.06 200.033978  62.297078 36.359
 61    17.373 54343.90704217 53.45 200.031478  62.293928 36.359
 61    17.322 54343.90704281 54.12 200.028988  62.290788 36.359
 61    17.308 54343.90704346 53.26 200.026488  62.287638 36.359
 61    17.381 54343.90704410 53.13 200.023988  62.284496 48.480
 61    17.434 54343.90704475 53.04 200.021488  62.281346 48.480
 61    17.436 54343.90704539 50.18 200.018988  62.278206 48.480
 61    17.415 54343.90704604 50.70 200.016488  62.275056 48.480
 61    17.406 54343.90704668 53.04 200.013998  62.271916 48.480
 62    16.001 54378.90699860 23.54 200.050889  62.300500 13.585
 62    16.084 54378.90699925 24.49 200.048379  62.297360 13.585
 62    16.194 54378.90699989 25.39 200.045879  62.294220 13.585
 62    16.343 54378.90700054 26.72 200.043379  62.291070 13.585
 62    16.409 54378.90700118 27.30 200.040879  62.287930 13.585
 62    16.407 54378.90700183 27.53 200.038379  62.284785 31.009
 62    16.109 54378.90700247 27.67 200.035869  62.281635 31.009
 62    16.188 54378.90700312 26.77 200.033369  62.278495 31.009
 62    16.117 54378.90700376 28.58 200.030869  62.275345 31.009
 62    16.259 54378.90700441 30.22 200.028379  62.272205 31.009
 62    16.240 54378.90700505 31.57 200.025879  62.269055 31.009
 62    16.282 54378.90700570 29.25 200.023379  62.265915 31.009
 62    16.181 54378.90700634 29.84 200.020879  62.262765 31.009
 62    15.875 54378.90700699 29.33 200.018389  62.259625 31.009
 62    16.311 54378.90700763 31.58 200.015889  62.256475 31.009
 63    13.815 54413.90698557 33.30 200.053752  62.315841 17.977
 63    13.860 54413.90698621 27.44 200.051242  62.312691 17.977
 63    13.781 54413.90698686 30.89 200.048742  62.309551 17.977
 63    13.838 54413.90698750 40.15 200.046242  62.306401 17.977
 63    13.626 54413.90698815 33.56 200.043732  62.303261 17.977
 63    13.767 54413.90698879 24.99 200.041232  62.300111 17.977
 63    13.626 54413.90698944 23.90 200.038732  62.296971 17.977
 63    13.430 54413.90699008 22.37 200.036232  62.293821 17.977
 63    13.657 54413.90699073 23.26 200.033732  62.290681 17.977
 63    13.746 54413.90699137 30.93 200.031232  62.287531 17.977
 63    13.800 54413.90699202 41.52 200.028727  62.284393 24.654
 63    13.729 54413.90699266 52.12 200.026237  62.281243 24.654
 63    13.728 54413.90699331 38.80 200.023737  62.278103 24.654
 63    13.643 54413.90699395 29.22 200.021237  62.274953 24.654
 63    13.286 54413.90699459 22.82 200.018737  62.271813 24.654
 63    13.394 54413.90699524 25.51 200.016237  62.268663 24.654
 63    13.423 54413.90699588 24.78 200.013747  62.265523 24.654
 64    16.549 54448.90696650 15.70 200.048984  62.294216  3.785
 64    15.858 54448.90696714 16.39 200.046484  62.291066  3.785
 64    13.181 54448.90696779 17.06 200.043974  62.287926  3.785
 64    13.233 54448.90696843 17.09 200.041475  62.284783 10.867
 64    13.382 54448.90696908 18.48 200.038975  62.281633 10.867
 64    13.394 54448.90696972 20.34 200.036475  62.278493 10.867
 64    13.310 54448.90697037 26.13 200.033975  62.275343 10.867
 64    13.289 54448.90697101 25.58 200.031475  62.272203 10.867
 64    13.197 54448.90697166 23.60 200.028975  62.269053 10.867
 64    13.251 54448.90697230 22.33 200.026475  62.265913 10.867
 64    13.082 54448.90697294 24.03 200.023975  62.262763 10.867
 64    13.013 54448.90697359 20.52 200.021485  62.259623 10.867
 64    13.235 54448.90697423 19.46 200.018985  62.256473 10.867
 65    16.578 54483.90698109 13.02 200.052736  62.307329  2.644
 65    16.598 54483.90698174 12.67 200.050231  62.304178  4.564
 65    16.552 54483.90698238 12.98 200.047721  62.301038  4.564
 65    16.380 54483.90698303 13.66 200.045221  62.297898  4.564
 65    16.222 54483.90698367 12.73 200.042721  62.294748  4.564
 65    15.666 54483.90698432 12.51 200.040221  62.291608  4.564
 65    15.362 54483.90698496 12.24 200.037721  62.288458  4.564
 65    13.881 54483.90698561 13.16 200.035221  62.285318  4.564
 65    13.230 54483.90698625 13.50 200.032721  62.282168  4.564
 65    13.052 54483.90698690 13.38 200.030221  62.279028  4.564
 65    13.009 54483.90698754 14.12 200.027721  62.275878  4.564
 65    13.030 54483.90698819 13.77 200.025221  62.272738  4.564
 65    14.919 54483.90698883 13.83 200.022721  62.269588  4.564
 65    15.295 54483.90698948 13.22 200.020221  62.266448  4.564
 65    15.162 54483.90699012 13.67 200.017731  62.263298  4.564
 65    14.907 54483.90699076 13.35 200.015231  62.260158  4.564
 66    16.634 54518.90698014  9.50 200.048588  62.294643  2.834
 66    16.628 54518.90698079  9.40 200.046088  62.291493  2.834
 66    16.238 54518.90698143 10.00 200.043588  62.288353  2.834
 66    15.790 54518.90698208  9.77 200.041088  62.285203  2.834
 66    16.302 54518.90698272  9.14 200.038588  62.282063  2.834
 66    15.692 54518.90698337  8.91 200.036088  62.278913  2.834
 66    15.438 54518.90698401  9.25 200.033588  62.275773  2.834
 66    15.664 54518.90698466  8.60 200.031088  62.272623  2.834
 66    15.547 54518.90698530  8.82 200.028588  62.269483  2.834
 66    15.934 54518.90698595  8.58 200.026088  62.266333  2.834
 66    16.170 54518.90698659  8.13 200.023588  62.263193  2.834
 66    16.139 54518.90698724  8.46 200.021088  62.260043  2.834
 66    15.677 54518.90698788  9.12 200.018598  62.256903  2.867
 68    11.562 54588.90697378 22.96 200.051992  62.304802 19.552
 68    11.512 54588.90697443 24.12 200.049492  62.301652 19.552
 68    11.563 54588.90697507 24.79 200.046992  62.298512 19.552
 68    11.556 54588.90697572 24.27 200.044482  62.295362 19.552
 68    11.520 54588.90697636 20.83 200.041982  62.292222 19.552
 68    11.455 54588.90697700 20.22 200.039482  62.289072 19.552
 68    11.594 54588.90697765 21.68 200.036982  62.285932 19.552
 68    11.534 54588.90697829 23.34 200.034482  62.282782 19.552
 68    11.559 54588.90697894 25.36 200.031982  62.279642 19.552
 68    11.447 54588.90697958 25.32 200.029482  62.276492 19.552
 68    11.433 54588.90698023 25.96 200.026982  62.273352 19.552
 68    11.372 54588.90698087 25.71 200.024482  62.270202 19.552
 68    11.234 54588.90698152 26.69 200.021982  62.267062 19.552
 68    11.261 54588.90698216 26.61 200.019492  62.263912 19.552
 68    11.284 54588.90698281 23.37 200.016992  62.260772 19.552
 69    19.853 54623.90698994 18.42 200.052633  62.312655  7.216
 69    19.727 54623.90699058 17.20 200.050123  62.309505  7.216
 69    19.581 54623.90699123 16.67 200.047623  62.306365  7.216
 69    19.448 54623.90699187 17.22 200.045123  62.303215  7.216
 69    19.126 54623.90699252 18.07 200.042623  62.300075  7.216
 69    18.623 54623.90699316 18.80 200.040113  62.296925  7.216
 69    17.895 54623.90699381 20.23 200.037613  62.293785  7.216
 69    18.353 54623.90699445 19.13 200.035113  62.290635  7.216
 69    18.406 54623.90699510 20.50 200.032613  62.287495  7.216
 69    18.418 54623.90699574 21.62 200.030113  62.284345  7.216
 69    18.302 54623.90699639 21.73 200.027613  62.281205  7.216
 69    18.562 54623.90699703 17.14 200.025113  62.278055  7.216
 69    18.852 54623.90699768 14.96 200.022613  62.274915  7.216
 69    18.656 54623.90699832 15.30 200.020113  62.271765  7.216
 69    18.726 54623.90699897 15.59 200.017623  62.268625  7.216
 69    18.957 54623.90699961 21.72 200.015123  62.265475  7.216
 70    19.696 54658.90699859 20.61 200.053641  62.313363 12.578
 70    19.587 54658.90699923 22.08 200.051131  62.310213 12.578
 70    18.821 54658.90699988 21.61 200.048631  62.307073 12.578
 70    16.994 54658.90700052 21.18 200.046121  62.303923 12.578
 70    16.967 54658.90700117 20.71 200.043621  62.300783 12.578
 70    17.108 54658.90700181 19.98 200.041121  62.297633 12.578
 70    17.440 54658.90700246 19.66 200.038621  62.294493 12.578
 70    17.305 54658.90700310 26.32 200.036121  62.291343 12.578
 70    17.332 54658.90700375 24.01 200.033621  62.288203 12.578
 70    17.052 54658.90700439 20.32 200.031111  62.285063 12.578
 70    16.920 54658.90700504 19.59 200.028621  62.281913 12.578
 70    16.935 54658.90700568 16.75 200.026121  62.278773 12.578
 70    16.952 54658.90700633 16.44 200.023622  62.275624 23.149
 70    17.035 54658.90700697 14.57 200.021122  62.272474 23.149
 70    16.930 54658.90700762 14.37 200.018622  62.269334 23.149
 70    16.872 54658.90700826 15.08 200.016122  62.266184 23.149
 71    18.055 54693.90697843 47.32 200.054236  62.317589 26.182
 71    18.168 54693.90697908 49.03 200.051723  62.314445 47.945
 71    18.056 54693.90697972 53.05 200.049223  62.311295 47.945
 71    18.103 54693.90698037 52.83 200.046723  62.308155 47.945
 71    18.045 54693.90698101 52.53 200.044223  62.305005 47.945
 71    17.960 54693.90698166 52.05 200.041713  62.301865 47.945
 71    18.118 54693.90698230 51.68 200.039213  62.298715 47.945
 71    18.067 54693.90698295 52.62 200.036713  62.295575 47.945
 71    17.990 54693.90698359 52.23 200.034213  62.292425 47.945
 71    17.934 54693.90698423 53.87 200.031713  62.289285 47.945
 71    17.927 54693.90698488 53.52 200.029213  62.286135 47.945
 71    18.047 54693.90698552 52.44 200.026713  62.282995 47.945
 71    18.065 54693.90698617 52.40 200.024213  62.279845 47.945
 71    18.062 54693.90698681 51.94 200.021713  62.276705 47.945
 71    18.043 54693.90698746 49.68 200.019213  62.273555 47.945
 71    18.029 54693.90698810 52.38 200.016723  62.270415 47.945
 71    18.023 54693.90698875 53.81 200.014223  62.267265 47.945
 72    16.593 54728.90695611 22.91 200.047701  62.295100 15.971
 72    16.637 54728.90695676 22.22 200.045191  62.291960 15.971
 72    16.537 54728.90695740 23.00 200.042691  62.288810 15.971
 72    16.466 54728.90695805 24.79 200.040191  62.285670 15.971
 72    16.259 54728.90695869 22.68 200.037691  62.282520 15.971
 72    15.771 54728.90695934 22.54 200.035191  62.279380 15.971
 72    15.532 54728.90695998 23.72 200.032691  62.276230 15.971
 72    15.680 54728.90696063 23.91 200.030191  62.273090 15.971
 72    15.762 54728.90696127 25.71 200.027691  62.269940 15.971
 72    15.867 54728.90696192 27.41 200.025191  62.266800 15.971
 72    15.803 54728.90696256 24.76 200.022701  62.263650 15.971
 72    15.816 54728.90696320 29.74 200.020201  62.260510 15.971
 72    15.712 54728.90696385 24.17 200.017701  62.257360 15.971
 73    15.072 54763.90695731 42.49 200.054286  62.313305 37.125
 73    14.945 54763.90695796 41.10 200.051776  62.310165 37.125
 73    15.085 54763.90695860 42.13 200.049276  62.307025 37.125
 73    14.906 54763.90695925 44.79 200.046776  62.303875 37.125
 73    14.924 54763.90695989 43.53 200.044266  62.300735 37.125
 73    14.743 54763.90696054 43.27 200.041766  62.297585 37.125
 73    14.902 54763.90696118 33.95 200.039266  62.294445 37.125
 73    14.782 54763.90696182 33.62 200.036766  62.291295 37.125
 73    14.679 54763.90696247 35.43 200.034266  62.288155 37.125
 73    14.861 54763.90696311 35.30 200.031766  62.285005 37.125
 73    14.869 54763.90696376 45.65 200.029266  62.281865 37.125
 73    14.871 54763.90696440 44.91 200.026766  62.278715 37.125
 73    14.921 54763.90696505 45.81 200.024266  62.275575 37.125
 73    14.847 54763.90696569 35.11 200.021766  62.272425 37.125
 73    14.521 54763.90696634 35.97 200.019276  62.269285 37.125
 73    14.354 54763.90696698 35.35 200.016776  62.266135 37.125
 73    14.560 54763.90696763 39.59 200.014276  62.262995 37.125
 74    16.050 54798.90695028 17.89 200.047146  62.291856 10.367
 74    14.912 54798.90695092 34.64 200.044646  62.288716 10.367
 74    14.627 54798.90695156 33.94 200.042146  62.285566 10.367
 74    15.047 54798.90695221 16.21 200.039646  62.282426 10.367
 74    14.766 54798.90695285 15.84 200.037146  62.279276 10.367
 74    14.691 54798.90695350 16.96 200.034636  62.276136 10.367
 74    14.382 54798.90695414 18.40 200.032146  62.272996 10.367
 74    14.408 54798.90695479 18.99 200.029646  62.269846 10.367
 74    14.177 54798.90695543 20.80 200.027146  62.266706 10.367
 74    14.267 54798.90695608 20.82 200.024646  62.263556 10.367
 74    14.321 54798.90695672 22.48 200.022146  62.260416 10.367
 74    14.427 54798.90695737 21.78 200.019648  62.257267 10.917
 74    14.327 54798.90695801 23.61 200.017148  62.254117 10.917
 75    16.039 54833.90694743 13.86 200.054108  62.314653  5.429
 75    15.942 54833.90694807 13.22 200.051608  62.311503  5.429
 75    16.208 54833.90694872 14.01 200.049098  62.308363  5.429
 75    16.117 54833.90694936 14.45 200.046598  62.305223  5.429
 75    16.172 54833.90695001 12.82 200.044098  62.302073  5.429
 75    16.237 54833.90695065 12.52 200.041588  62.298933  5.429
 75    15.863 54833.90695130 12.83 200.039088  62.295783  5.429
 75    15.461 54833.90695194 12.38 200.036588  62.292643  5.429
 75    15.125 54833.90695259 13.77 200.034088  62.289493  5.429
 75    14.719 54833.90695323 14.38 200.031588  62.286353  5.429
 75    14.638 54833.90695388 13.85 200.029088  62.283203  5.429
 75    14.794 54833.90695452 11.64 200.026588  62.280063  5.429
 75    14.796 54833.90695517 11.82 200.024088  62.276913  5.429
 75    14.710 54833.90695581 12.05 200.021588  62.273773  5.429
 75    14.898 54833.90695645 12.09 200.019088  62.270623  5.429
 75    14.712 54833.90695710 12.22 200.016598  62.267483  5.429
 75    14.734 54833.90695774 12.47 200.014098  62.264333  5.429
 76    19.594 54868.90694707  7.09 200.047240  62.290704  2.164
 76    17.827 54868.90694771  7.18 200.044740  62.287564  2.164
 76    18.361 54868.90694835  7.39 200.042240  62.284414  2.164
 76    18.010 54868.90694900  7.09 200.039740  62.281274  2.164
 76    18.119 54868.90694964  7.11 200.037240  62.278124  2.164
 76    17.696 54868.90695029  7.33 200.034740  62.274984  2.164
 76    16.693 54868.90695093  7.67 200.032240  62.271844  2.164
 76    16.905 54868.90695158  7.79 200.029740  62.268694  2.164
 76    16.707 54868.90695222  7.98 200.027240  62.265554  2.164
 76    17.105 54868.90695287  7.79 200.024740  62.262404  2.164
 76    17.098 54868.90695351  8.51 200.022240  62.259264  2.164
 76    17.060 54868.90695416  7.98 200.019747  62.256115  2.670
 77    18.400 54903.90695588 11.14 200.051267  62.321469  2.472
 77    18.449 54903.90695653 10.91 200.048767  62.318329  2.472
 77    18.046 54903.90695717 11.28 200.046257  62.315189  2.472
 77    18.247 54903.90695782 10.91 200.043757  62.312039  2.472
 77    18.693 54903.90695846 10.75 200.041257  62.308899  2.472
 77    18.320 54903.90695910 10.86 200.038757  62.305749  2.472
 77    18.791 54903.90695975 10.62 200.036247  62.302609  2.472
 77    18.478 54903.90696039 10.54 200.033747  62.299459  2.472
 77    18.257 54903.90696104 10.31 200.031247  62.296319  2.472
 77    17.975 54903.90696168 10.78 200.028747  62.293169  2.472
 77    17.925 54903.90696233 10.70 200.026247  62.290029  2.472
 77    17.903 54903.90696297 10.62 200.023747  62.286879  2.472
 77    17.212 54903.90696362  9.86 200.021247  62.283739  2.472
 77    17.439 54903.90696426 10.09 200.018747  62.280589  2.472
 77    17.256 54903.90696491  9.99 200.016247  62.277449  2.472
 77    17.049 54903.90696555 10.11 200.013757  62.274299  2.472
 78    20.097 54938.90693570 10.19 200.051349  62.301561  2.210
 78    19.970 54938.90693635 10.24 200.048849  62.298411  2.210
 78    19.770 54938.90693699 10.13 200.046339  62.295271  2.210
 78    19.418 54938.90693764 10.36 200.043839  62.292121  2.210
 78    19.053 54938.90693828  9.84 200.041339  62.288981  2.210
 78    18.366 54938.90693893  9.86 200.038839  62.285831  2.210
 78    18.178 54938.90693957 10.19 200.036339  62.282691  2.210
 78    17.171 54938.90694022 10.24 200.033839  62.279541  2.210
 78    16.616 54938.90694086 10.97 200.031339  62.276401  2.210
 78    17.034 54938.90694150  9.99 200.028839  62.273251  2.210
 78    17.042 54938.90694215  9.72 200.026342  62.270110  2.279
 78    17.744 54938.90694279  9.84 200.023842  62.266970  2.279
 78    17.577 54938.90694344  9.53 200.021342  62.263820  2.279
 78    18.426 54938.90694408  9.63 200.018842  62.260680  2.279
 78    18.084 54938.90694473  9.18 200.016342  62.257530  2.279
 79    21.283 54973.90696546 53.44 200.053448  62.308672 30.653
 79    21.287 54973.90696610 52.68 200.050938  62.305532 30.653
 79    21.343 54973.90696675 51.69 200.048438  62.302382 30.653
 79    21.374 54973.90696739 50.69 200.045938  62.299242 30.653
 79    21.298 54973.90696804 49.35 200.043428  62.296092 30.653
 79    21.150 54973.90696868 47.49 200.040928  62.292952 30.653
 79    21.120 54973.90696933 42.63 200.038428  62.289802 30.653
 79    21.136 54973.90696997 41.16 200.035928  62.286662 30.653
 79    21.116 54973.90697062 44.43 200.033428  62.283512 30.653
 79    21.107 54973.90697126 43.01 200.030928  62.280372 30.653
 79    21.125 54973.90697191 40.95 200.028428  62.277222 30.653
 79    20.935 54973.90697255 40.29 200.025928  62.274082 30.653
 79    21.025 54973.90697320 39.37 200.023428  62.270932 30.653
 79    21.012 54973.90697384 37.64 200.020928  62.267792 30.653
 79    21.193 54973.90697448 38.23 200.018438  62.264642 30.653
 79    21.284 54973.90697513 43.92 200.015938  62.261502 30.653
 80    19.597 55008.90697861 21.54 200.053074  62.315672 10.286
 80    19.764 55008.90697925 20.09 200.050574  62.312522 10.286
 80    19.395 55008.90697989 21.31 200.048064  62.309382 10.286
 80    19.254 55008.90698054 20.95 200.045564  62.306242 10.286
 80    19.295 55008.90698118 21.48 200.043064  62.303092 10.286
 80    19.185 55008.90698183 21.56 200.040554  62.299952 10.286
 80    18.975 55008.90698247 22.43 200.038054  62.296802 10.286
 80    18.586 55008.90698312 25.78 200.035554  62.293662 10.286
 80    18.779 55008.90698376 24.71 200.033054  62.290512 10.286
 80    18.805 55008.90698441 24.17 200.030554  62.287372 10.286
 80    18.965 55008.90698505 25.56 200.028054  62.284222 10.286
 80    19.056 55008.90698570 20.84 200.025554  62.281082 10.286
 80    19.203 55008.90698634 19.91 200.023054  62.277932 10.286
 80    19.560 55008.90698699 19.92 200.020554  62.274792 10.286
 80    19.677 55008.90698763 20.47 200.018064  62.271642 10.286
 80    19.539 55008.90698828 19.92 200.015564  62.268502 10.286
 81    16.905 55043.90696968 23.57 200.052461  62.308129 20.881
 81    17.208 55043.90697032 24.14 200.049961  62.304989 20.881
 81    16.309 55043.90697097 28.31 200.047461  62.301839 20.881
 81    16.250 55043.90697161 32.36 200.044961  62.298699 20.881
 81    16.160 55043.90697226 30.92 200.042451  62.295549 20.881
 81    16.298 55043.90697290 31.60 200.039951  62.292409 20.881
 81    16.100 55043.90697355 31.80 200.037451  62.289259 20.881
 81    16.109 55043.90697419 30.89 200.034951  62.286119 20.881
 81    16.123 55043.90697484 29.43 200.032451  62.282969 20.881
 81    16.043 55043.90697548 26.56 200.029951  62.279829 20.881
 81    16.232 55043.90697612 25.06 200.027451  62.276679 20.881
 81    16.397 55043.90697677 26.07 200.024951  62.273539 20.881
 81    16.166 55043.90697741 28.01 200.022451  62.270389 20.881
 81    16.163 55043.90697806 32.65 200.019961  62.267249 20.881
 81    15.999 55043.90697870 29.96 200.017461  62.264099 20.881
 81    15.846 55043.90697935 25.45 200.014961  62.260959 20.881
 82    15.229 55078.90694465 22.19 200.052978  62.319746 20.097
 82    15.227 55078.90694529 22.74 200.050476  62.316603 26.134
 82    15.310 55078.90694594 23.51 200.047966  62.313453 26.134
 82    15.487 55078.90694658 25.38 200.045466  62.310313 26.134
 82    15.479 55078.90694723 28.04 200.042966  62.307163 26.134
 82    15.461 55078.90694787 31.58 200.040456  62.304023 26.134
 82    16.505 55078.90694852 31.29 200.037956  62.300873 26.134
 82    16.585 55078.90694916 33.59 200.035456  62.297733 26.134
 82    16.442 55078.90694981 26.01 200.032956  62.294583 26.134
 82    16.503 55078.90695045 24.01 200.030456  62.291443 26.134
 82    15.190 55078.90695110 27.88 200.027956  62.288293 26.134
 82    15.239 55078.90695174 28.19 200.025456  62.285153 26.134
 82    15.345 55078.90695239 29.30 200.022956  62.282003 26.134
 82    15.299 55078.90695303 29.11 200.020456  62.278863 26.134
 82    15.144 55078.90695368 31.91 200.017956  62.275713 26.134
 82    15.288 55078.90695432 33.93 200.015466  62.272573 26.134
 82    15.169 55078.90695496 31.75 200.012966  62.269423 26.134
 83    15.259 55113.90690323 32.06 200.051800  62.302626 17.788
 83    15.910 55113.90690387 31.75 200.049300  62.299476 17.788
 83    16.044 55113.90690452 30.85 200.046800  62.296336 17.788
 83    16.275 55113.90690516 26.44 200.044290  62.293186 17.788
 83    16.165 55113.90690580 24.82 200.041790  62.290046 17.788
 83    16.171 55113.90690645 22.95 200.039290  62.286896 17.788
 83    15.776 55113.90690709 23.87 200.036790  62.283756 17.788
 83    15.993 55113.90690774 19.61 200.034290  62.280606 17.788
 83    15.214 55113.90690838 21.49 200.031790  62.277466 17.788
 83    15.045 55113.90690903 23.24 200.029290  62.274316 17.788
 83    15.251 55113.90690967 23.67 200.026790  62.271176 17.788
 83    15.263 55113.90691032 25.55 200.024290  62.268026 17.788
 83    15.253 55113.90691096 28.79 200.021800  62.264886 17.788
 83    15.244 55113.90691161 27.33 200.019300  62.261736 17.788
 83    15.164 55113.90691225 23.28 200.016800  62.258596 17.788
 84    15.160 55148.90690158 13.50 200.053090  62.313578 12.843
 84    14.901 55148.90690222 14.88 200.050590  62.310428 12.843
 84    14.528 55148.90690287 15.88 200.048080  62.307288 12.843
 84    14.645 55148.90690351 16.32 200.045580  62.304138 12.843
 84    15.492 55148.90690416 15.36 200.043080  62.300998 12.843
 84    13.458 55148.90690480 22.12 200.040570  62.297848 12.843
 84    16.249 55148.90690545 15.58 200.038070  62.294708 12.843
 84    12.848 55148.90690609 15.61 200.035570  62.291558 12.843
 84    14.900 55148.90690674 14.51 200.033070  62.288418 12.843
 84    13.177 55148.90690738 18.84 200.030570  62.285268 12.843
 84    13.350 55148.90690802 28.18 200.028070  62.282128 12.843
 84    13.365 55148.90690867 38.82 200.025570  62.278978 12.843
 84    12.932 55148.90690931 30.94 200.023070  62.275838 12.843
 84    12.774 55148.90690996 14.32 200.020570  62.272688 12.843
 84    14.586 55148.90691060 10.62 200.018080  62.269548 12.843
 84    13.857 55148.90691125 11.47 200.015580  62.266398 12.843
 85    16.437 55183.90688728  6.86 200.048296  62.293764  4.863
 85    16.415 55183.90688793  7.09 200.045796  62.290614  4.863
 85    16.287 55183.90688857  6.82 200.043296  62.287474  4.863
 85    15.995 55183.90688922  7.22 200.040796  62.284324  4.863
 85    12.692 55183.90688986 19.03 200.038296  62.281184  4.863
 85    12.736 55183.90689051 19.90 200.035796  62.278034  4.863
 85    12.762 55183.90689115 13.83 200.033296  62.274894  4.863
 85    15.909 55183.90689180  7.84 200.030796  62.271744  4.863
 85    16.211 55183.90689244  6.14 200.028296  62.268604  4.863
 85    16.284 55183.90689308  6.18 200.025796  62.265454  4.863
 85    16.070 55183.90689373  6.85 200.023296  62.262314  4.863
 85    15.671 55183.90689437  7.28 200.020796  62.259164  4.863
 85    15.450 55183.90689502  7.53 200.018303  62.256023  2.993
 86    13.865 55218.90689828  8.58 200.054863  62.318911  3.417
 86    15.333 55218.90689892  8.70 200.052363  62.315761  3.417
 86    14.853 55218.90689957 10.03 200.049853  62.312621  3.417
 86    12.551 55218.90690021 11.75 200.047353  62.309471  3.417
 86    13.892 55218.90690086 10.90 200.044853  62.306331  3.417
 86    16.806 55218.90690150  8.21 200.042353  62.303181  3.417
 86    16.831 55218.90690215  8.25 200.039843  62.300041  3.417
 86    16.617 55218.90690279  8.14 200.037343  62.296891  3.417
 86    16.439 55218.90690344  6.94 200.034843  62.293751  3.417
 86    16.212 55218.90690408  6.87 200.032343  62.290601  3.417
 86    16.070 55218.90690473  6.61 200.029843  62.287461  3.417
 86    15.845 55218.90690537  6.41 200.027343  62.284311  3.417
 86    15.371 55218.90690601  6.49 200.024843  62.281171  3.417
 86    14.321 55218.90690666  7.27 200.022343  62.278021  3.417
 86    14.946 55218.90690730  5.95 200.019843  62.274881  3.417
 86    16.184 55218.90690795  5.29 200.017353  62.271731  3.417
 86    15.065 55218.90690859  5.09 200.014853  62.268591  3.417
 87    16.439 55253.90688369 14.33 200.047116  62.292943  3.089
 87    16.444 55253.90688434 13.42 200.044616  62.289803  3.089
 87    16.355 55253.90688498 13.98 200.042116  62.286653  3.089
 87    16.204 55253.90688563 13.45 200.039616  62.283513  3.089
 87    16.116 55253.90688627 13.37 200.037116  62.280363  3.089
 87    15.928 55253.90688692 14.11 200.034616  62.277223  3.089
 87    16.103 55253.90688756 13.90 200.032116  62.274073  3.089
 87    16.416 55253.90688821 13.19 200.029616  62.270933  3.089
 87    16.566 55253.90688885 12.93 200.027116  62.267783  3.089
 87    16.387 55253.90688949 13.09 200.024616  62.264643  3.089
 87    16.343 55253.90689014 12.65 200.022116  62.261493  3.089
 87    16.167 55253.90689078 12.73 200.019623  62.258353  3.373
 87    16.001 55253.90689143 12.81 200.017123  62.255213  3.373
 88    16.747 55288.90688769  7.62 200.051410  62.321159  1.844
 88    17.426 55288.90688834  7.19 200.048907  62.318015  2.198
 88    17.724 55288.90688898  7.17 200.046397  62.314865  2.198
 88    17.967 55288.90688963  6.84 200.043897  62.311725  2.198
 88    18.172 55288.90689027  6.86 200.041397  62.308575  2.198
 88    18.126 55288.90689092  6.76 200.038887  62.305435  2.198
 88    17.901 55288.90689156  7.27 200.036387  62.302285  2.198
 88    17.652 55288.90689221  7.39 200.033887  62.299145  2.198
 88    17.217 55288.90689285  8.69 200.031387  62.295995  2.198
 88    17.114 55288.90689350  7.74 200.028887  62.292855  2.198
 88    16.906 55288.90689414  7.69 200.026387  62.289705  2.198
 88    16.632 55288.90689479  7.52 200.023887  62.286565  2.198
 88    16.347 55288.90689543  7.52 200.021387  62.283415  2.198
 88    16.118 55288.90689607  7.76 200.018887  62.280275  2.198
 88    16.817 55288.90689672  7.64 200.016387  62.277125  2.198
 88    16.670 55288.90689736  7.76 200.013897  62.273985  2.198
 89    13.833 55323.90686665 36.30 200.053633  62.313854 31.816
 89    13.577 55323.90686730 42.64 200.051133  62.310714 31.816
 89    13.639 55323.90686794 40.40 200.048623  62.307564 31.816
 89    13.575 55323.90686859 41.41 200.046123  62.304424 31.816
 89    13.492 55323.90686923 38.54 200.043623  62.301274 31.816
 89    16.650 55323.90686987 32.16 200.041113  62.298134 31.816
 89    16.548 55323.90687052 32.14 200.038613  62.294984 31.816
 89    13.516 55323.90687116 36.69 200.036113  62.291844 31.816
 89    16.328 55323.90687181 35.20 200.033613  62.288694 31.816
 89    13.387 55323.90687245 37.81 200.031113  62.285554 31.816
 89    13.282 55323.90687310 36.97 200.028613  62.282404 31.816
 89    13.299 55323.90687374 35.19 200.026113  62.279264 31.816
 89    13.283 55323.90687439 41.77 200.023613  62.276114 31.816
 89    13.182 55323.90687503 47.63 200.021113  62.272974 31.816
 89    13.229 55323.90687568 36.48 200.018613  62.269824 31.816
 89    13.063 55323.90687632 36.11 200.016123  62.266684 31.816
 90    16.488 55358.90686487 53.74 200.053933  62.315588 45.581
 90    16.547 55358.90686551 55.71 200.051433  62.312448 45.581
 90    16.457 55358.90686616 55.38 200.048923  62.309298 45.581
 90    16.367 55358.90686680 55.67 200.046423  62.306158 45.581
 90    16.459 55358.90686744 52.08 200.043923  62.303008 45.581
 90    16.370 55358.90686809 52.28 200.041413  62.299868 45.581
 90    16.304 55358.90686873 53.40 200.038913  62.296718 45.581
 90    16.322 55358.90686938 54.08 200.036413  62.293578 45.581
 90    16.376 55358.90687002 53.43 200.033913  62.290428 45.581
 90    16.370 55358.90687067 48.94 200.031413  62.287288 45.581
 90    16.370 55358.90687131 51.97 200.028913  62.284138 45.581
 90    16.299 55358.90687196 48.52 200.026413  62.280998 45.581
 90    16.350 55358.90687260 51.08 200.023913  62.277848 45.581
 90    16.329 55358.90687325 47.41 200.021413  62.274708 45.581
 90    16.317 55358.90687389 44.68 200.018913  62.271558 45.581
 90    16.178 55358.90687454 37.79 200.016423  62.268418 45.581
 90    16.147 55358.90687518 39.69 200.013923  62.265268 45.581
 91    19.543 55393.90687093 20.12 200.051863  62.303242  9.810
 91    19.504 55393.90687158 14.48 200.049363  62.300102  9.810
 91    19.620 55393.90687222 13.71 200.046853  62.296952  9.810
 91    16.986 55393.90687286 14.18 200.044353  62.293812  9.810
 91    20.878 55393.90687351 14.29 200.041853  62.290662  9.810
 91    20.638 55393.90687415 12.73 200.039353  62.287522  9.810
 91    17.175 55393.90687480 11.41 200.036853  62.284372  9.810
 91    17.128 55393.90687544 13.08 200.034353  62.281232  9.810
 91    16.961 55393.90687609 16.23 200.031853  62.278082  9.810
 91    16.988 55393.90687673 15.64 200.029353  62.274942  9.810
 91    17.071 55393.90687738 13.05 200.026853  62.271792  9.810
 91    16.925 55393.90687802 12.55 200.024353  62.268652  9.810
 91    16.739 55393.90687867 13.90 200.021853  62.265502  9.810
 91    16.735 55393.90687931 14.28 200.019353  62.262362  9.810
 91    16.827 55393.90687996 14.73 200.016863  62.259212  9.810
 92    18.696 55428.90688223 50.42 200.051833  62.306782 25.632
 92    18.738 55428.90688288 51.13 200.049333  62.303642 25.632
 92    18.749 55428.90688352 52.14 200.046833  62.300492 25.632
 92    18.615 55428.90688417 48.20 200.044323  62.297352 25.632
 92    18.613 55428.90688481 42.20 200.041823  62.294202 25.632
 92    18.363 55428.90688546 39.93 200.039323  62.291062 25.632
 92    18.403 55428.90688610 36.06 200.036823  62.287912 25.632
 92    18.356 55428.90688674 35.57 200.034323  62.284772 25.632
 92    18.601 55428.90688739 36.07 200.031823  62.281622 25.632
 92    18.533 55428.90688803 35.50 200.029323  62.278482 25.632
 92    18.295 55428.90688868 33.55 200.026823  62.275332 25.632
 92    18.349 55428.90688932 34.03 200.024323  62.272192 25.632
 92    18.382 55428.90688997 35.26 200.021823  62.269042 25.632
 92    18.455 55428.90689061 35.92 200.019333  62.265902 25.632
 92    18.486 55428.90689126 36.55 200.016833  62.262752 25.632
 93    16.355 55463.90684297 16.71 200.052774  62.320439 18.991
 93    16.182 55463.90684362 18.18 200.050267  62.317296 14.644
 93    16.498 55463.90684426 20.14 200.047767  62.314146 14.644
 93    16.367 55463.90684491 23.55 200.045267  62.311006 14.644
 93    16.421 55463.90684555 25.52 200.042757  62.307856 14.644
 93    16.834 55463.90684620 29.30 200.040257  62.304716 14.644
 93    16.861 55463.90684684 29.58 200.037757  62.301566 14.644
 93    16.623 55463.90684749 29.91 200.035257  62.298426 14.644
 93    16.560 55463.90684813 27.82 200.032757  62.295276 14.644
 93    16.428 55463.90684878 23.80 200.030257  62.292136 14.644
 93    16.381 55463.90684942 21.32 200.027757  62.288986 14.644
 93    16.322 55463.90685006 18.14 200.025257  62.285846 14.644
 93    16.289 55463.90685071 18.07 200.022757  62.282696 14.644
 93    16.841 55463.90685135 17.39 200.020257  62.279556 14.644
 93    17.065 55463.90685200 16.36 200.017767  62.276406 14.644
 93    16.676 55463.90685264 19.76 200.015267  62.273266 14.644
 93    16.627 55463.90685329 20.06 200.012767  62.270116 14.644
