-202140.172    76.547     0.00   14.75
-201762.315    76.008    -1.43   15.58
-201384.531    76.389     1.01   17.50
-201006.820    77.801     3.74   19.15
-200629.182    76.561    -3.28   19.48
-200251.616    71.134   -14.37   18.40
-199874.123    70.548    -1.55   19.84
-199496.702    75.160    12.22   23.65
-199119.354    78.288     8.29   23.72
-198742.078    83.329    13.36   26.55
-198364.875    86.381     8.09   29.22
-197987.744    95.101    23.13   33.82
-197610.685   101.998    18.29   32.16
-197233.699    99.444    -6.78   27.91
-196856.785    92.322   -18.90   27.03
-196479.943    77.689   -38.84   20.45
-196103.174    65.950   -31.16   14.75
-195726.476    59.703   -16.59   10.31
-195349.851    58.082    -4.31   10.36
-194973.298    64.950    18.24   20.51
-194596.817    76.045    29.47   27.25
-194220.407    84.397    22.19   26.27
-193844.070    93.109    23.15   23.04
-193467.805   102.421    24.75   25.95
-193091.611   114.162    31.21   28.90
-192715.490   122.032    20.93   25.27
-192339.440   130.671    22.98   23.54
-191963.461   133.939     8.69   25.93
-191587.555   132.962    -2.60   26.88
-191211.720   135.355     6.37   26.40
-190835.957   127.674   -20.44   31.05
-190460.265   114.339   -35.50   28.88
-190084.645    98.555   -42.03   25.27
-189709.096    84.770   -36.71   20.08
-189333.619    74.174   -28.22   14.80
-188958.213    71.565    -6.95   19.09
-188582.879    80.778    24.55   32.63
-188207.615    92.252    30.58   37.98
-187832.424   104.636    33.01   39.53
-187457.303   110.803    16.44   37.70
-187082.254   110.136    -1.78   36.79
-186707.275   108.288    -4.93   34.31
-186332.368   103.100   -13.84   30.29
-185957.532    96.618   -17.30   26.05
-185582.767    95.881    -1.97   29.50
-185208.073   100.139    11.37   36.69
-184833.450   105.261    13.67   36.04
-184458.898   111.062    15.49   32.08
-184084.417   116.799    15.32   27.97
-183710.007   127.751    29.26   24.20
-183335.667   135.303    20.18   22.33
-182961.398   140.389    13.59   22.93
-182587.200   142.648     6.04   25.54
-182213.073   142.173    -1.27   24.56
-181839.016   141.743    -1.15   22.69
-181465.030   141.551    -0.51   20.07
-181091.114   135.439   -16.35   17.87
-180717.269   126.420   -24.13   16.42
-180343.495   115.136   -30.19   14.22
-179969.791   106.716   -22.53   12.12
-179596.157    99.601   -19.05   11.28
-179222.594    92.626   -18.67    8.63
-178849.101    87.962   -12.49    7.39
-178475.678    84.037   -10.51    4.46
-178102.325    81.171    -7.68    4.03
-177729.043    78.407    -7.41    4.98
-177355.831    76.136    -6.08    6.22
-176982.689    74.840    -3.47    7.07
-176609.617    75.904     2.85    8.04
-176236.615    78.360     6.59    7.79
-175863.683    81.474     8.35    8.09
-175490.821    86.544    13.60    9.95
-175118.029    93.734    19.29   12.03
-174745.307   100.519    18.21   11.44
-174372.655   102.318     4.83   10.27
-174000.073   101.637    -1.83   10.41
-173627.560    98.392    -8.71   10.38
-173255.117    96.433    -5.26    9.85
-172882.744    94.245    -5.88   10.22
-172510.441    93.782    -1.24   11.32
-172138.207    94.870     2.92   10.73
-171766.043    98.228     9.02   10.61
-171393.948   102.498    11.48   11.36
-171021.922   109.670    19.28   13.75
-170649.967   119.680    26.91   20.09
-170278.080   128.741    24.37   24.46
-169906.263   133.150    11.86   26.82
-169534.516   131.353    -4.83   27.23
-169162.837   119.065   -33.07   26.80
-168791.228   112.772   -16.94   23.58
-168419.688   109.093    -9.90   19.62
-168048.218   113.590    12.11   22.17
-167676.816   125.058    30.88   22.32
-167305.484   129.384    11.65   18.55
-166934.221   132.288     7.82   15.74
-166563.026   129.694    -6.99   17.42
-166191.901   128.336    -3.66   17.47
-165820.845   123.362   -13.41   17.02
-165449.857   119.683    -9.92   17.94
-165078.939   114.221   -14.73   20.01
-164708.089    99.890   -38.65   17.84
-164337.308    90.668   -24.87   16.71
-163966.596    85.012   -15.26   15.55
-163595.953    80.077   -13.32   11.75
-163225.378    78.047    -5.48   11.95
-162854.872    77.683    -0.98   13.55
-162484.435    79.926     6.06   14.96
-162114.066    82.229     6.22   14.59
-161743.766    82.852     1.68   14.87
-161373.534    87.381    12.23   15.80
-161003.371    90.676     8.90   16.83
-160633.276    91.355     1.84   14.43
-160263.250    96.539    14.01   14.61
-159893.292    93.578    -8.00   14.42
-159523.402    91.112    -6.67   14.69
-159153.580    93.532     6.55   16.24
-158783.827    96.878     9.05   16.27
-158414.142   101.350    12.10   13.65
-158044.525   100.565    -2.12   10.56
-157674.976    95.950   -12.49    9.67
-157305.496    91.119   -13.08    9.83
-156936.083    86.974   -11.22    8.79
-156566.738    85.782    -3.23    6.95
-156197.462    87.058     3.45    6.44
-155828.253    87.764     1.91    6.70
-155459.112    88.915     3.12    8.30
-155090.039    90.794     5.09    9.23
-154721.034    91.892     2.97   10.31
-154352.097    94.009     5.74   10.96
-153983.227    98.426    11.98   11.81
-153614.425   100.229     4.89   10.09
-153245.691   102.760     6.86   10.80
-152877.025   104.527     4.79   13.14
-152508.426   105.251     1.97   15.77
-152139.894   110.867    15.24   14.91
-151771.430   112.914     5.55   11.95
-151403.034   110.292    -7.12   10.80
-151034.705   105.559   -12.85   11.25
-150666.444    99.503   -16.45   13.01
-150298.250    93.889   -15.25   12.87
-149930.123    93.256    -1.72   12.73
-149562.063    97.706    12.09   14.29
-149194.071   101.856    11.28   14.53
-148826.146   104.674     7.66   14.94
-148458.288   106.492     4.94   16.15
-148090.498   108.641     5.84   15.49
-147722.774   111.107     6.71   13.69
-147355.118   113.058     5.31   10.93
-146987.528   112.020    -2.82   10.88
-146620.006   113.268     3.40   11.65
-146252.551   113.334     0.18   10.75
-145885.162   114.585     3.41    9.68
-145517.841   115.339     2.05    9.48
-145150.586   111.139   -11.44   12.37
-144783.398   107.464   -10.01   14.21
-144416.277   103.715   -10.21   13.66
-144049.223   104.584     2.37   13.56
-143682.235   104.245    -0.93   12.77
-143315.315   102.022    -6.06   12.68
-142948.460    94.045   -21.75   14.18
-142581.673    85.122   -24.33   12.85
-142214.952    77.103   -21.87   12.04
-141848.297    72.162   -13.48   10.64
-141481.709    66.035   -16.72    8.83
-141106.633    61.541   -11.98    7.35
-140726.276    57.410   -10.86    6.64
-140345.992    58.272     2.27   10.32
-139965.779    64.127    15.40   17.69
-139585.639    67.409     8.63   19.11
-139205.571    64.492    -7.68   17.72
-138825.576    59.151   -14.06   14.10
-138445.652    54.233   -12.95    9.76
-138065.800    52.051    -5.74    9.58
-137686.021    52.846     2.09    9.28
-137306.313    53.226     1.00    7.54
-136926.678    55.047     4.80    7.88
-136547.114    62.000    18.32   15.25
-136167.623    71.398    24.77   20.35
-135788.203    79.529    21.43   19.09
-135408.855    84.186    12.28   15.21
-135029.578    88.878    12.37   13.85
-134650.374    95.071    16.33   16.27
-134271.241   103.218    21.49   16.39
-133892.179   108.951    15.13   15.86
-133513.190   114.360    14.28   14.96
-133134.271   119.445    13.42   14.52
-132755.425   123.855    11.64   15.97
-132376.649   129.630    15.25   19.46
-131997.946   138.764    24.12   24.23
-131619.313   157.951    50.68   32.30
-131240.752   187.186    77.23   40.92
-130862.263   212.631    67.24   45.73
-130483.844   232.539    52.61   45.68
-130105.497   247.339    39.12   44.39
-129727.221   237.680   -25.54   49.84
-129349.016   215.051   -59.84   54.43
-128970.882   183.474   -83.52   56.45
-128592.820   151.926   -83.45   40.48
-128214.828   135.578   -43.25   30.41
-127836.907   123.390   -32.25   29.38
-127459.057   121.855    -4.06   34.42
-127081.279   111.195   -28.22   35.94
-126703.571    97.553   -36.12   32.29
-126325.934    80.343   -45.58   27.63
-125948.367    64.574   -41.77   21.80
-125570.872    51.011   -35.93   15.27
-125193.447    40.634   -27.50    8.85
-124816.093    37.746    -7.65    5.86
-124438.809    40.420     7.09    9.94
-124061.596    46.508    16.14   13.64
-123684.454    51.683    13.72   17.49
-123307.382    57.585    15.65   22.83
-122930.380    62.306    12.52   24.13
-122553.449    62.369     0.17   22.76
-122176.589    64.559     5.81   22.06
-121799.799    75.236    28.34   30.80
-121423.079    87.028    31.31   31.62
-121046.429    91.986    13.16   30.81
-120669.850    85.264   -17.85   30.56
-120293.341    73.927   -30.11   21.53
-119916.902    71.445    -6.59   14.43
-119540.533    74.498     8.11   14.03
-119164.234    82.247    20.59   13.48
-118788.005    90.974    23.20   13.26
-118411.846   100.050    24.13   16.01
-118035.757   105.512    14.52   17.37
-117659.739   112.939    19.75   17.67
-117283.790   120.315    19.62   19.71
-116907.910   127.244    18.43   21.97
-116532.101   137.312    26.79   26.13
-116156.361   151.025    36.50   32.17
-115780.692   165.168    37.65   35.84
-115405.092   188.703    62.67   39.66
-115029.561   217.415    76.46   48.27
-114654.100   246.866    78.45   49.46
-114278.709   265.048    48.44   41.15
-113903.387   260.088   -13.22   44.53
-113528.135   226.963   -88.28   48.74
-113152.952   189.300  -100.39   43.89
-112777.839   169.264   -53.42   34.29
-112402.795   156.070   -35.18   31.68
-112027.820   151.272   -12.80   33.77
-111652.915   144.384   -18.37   33.73
-111278.079   134.736   -25.74   29.73
-110903.312   121.212   -36.09   26.34
-110528.614   109.334   -31.71   23.40
-110153.986    93.986   -40.97   20.49
-109779.427    82.492   -30.69   17.31
-109404.936    72.650   -26.28   13.79
-109030.515    65.714   -18.53    9.41
-108656.163    60.023   -15.20    8.36
-108281.880    56.776    -8.68    7.63
-107907.665    53.180    -9.61    4.82
-107533.520    50.679    -6.68    3.80
-107159.443    48.770    -5.10    3.51
-106785.435    47.292    -3.95    3.08
-106411.496    46.903    -1.04    3.78
-106037.626    48.766     4.98    7.47
-105663.825    51.244     6.63    8.63
-105290.092    51.173    -0.19    9.22
-104916.427    48.833    -6.26    8.66
-104542.832    46.639    -5.87    7.54
-104169.304    43.939    -7.23    7.01
-103795.846    40.865    -8.23    6.27
-103422.456    38.490    -6.36    6.26
-103049.134    35.531    -7.93    5.29
-102675.881    32.256    -8.78    6.25
-102302.696    30.161    -5.61    7.05
-101929.579    28.387    -4.75    6.69
-101556.531    26.716    -4.48    5.31
-101183.550    27.036     0.86    4.60
-100810.639    28.230     3.20    4.65
-100437.795    30.997     7.42    5.32
-100065.019    33.507     6.73    5.39
 -99692.312    36.770     8.76    6.34
 -99319.672    38.551     4.78    6.32
 -98947.101    37.974    -1.55    6.09
 -98574.597    36.346    -4.37    5.87
 -98202.162    34.841    -4.04    4.80
 -97829.794    35.214     1.00    4.84
 -97457.495    34.668    -1.47    6.30
 -97085.263    31.877    -7.50    9.23
 -96713.099    25.712   -16.57   10.14
 -96341.002    20.272   -14.62    7.24
 -95968.974    16.284   -10.72    1.94
 -95597.013    15.256    -2.76    1.36
 -95225.120    14.722    -1.44    0.83
 -94853.294    14.534    -0.51    0.63
 -94481.536    14.457    -0.21    0.57
 -94109.845    14.355    -0.27    0.54
 -93738.222    14.156    -0.54    0.56
 -93366.667    13.914    -0.65    0.53
 -92995.179    13.794    -0.32    0.39
 -92623.758    13.809     0.04    0.37
 -92252.405    13.891     0.22    0.21
 -91881.119    14.026     0.36    0.33
 -91509.900    15.093     2.88    3.61
 -91138.749    18.492     9.16    9.35
 -90767.664    26.820    22.44   18.43
 -90396.647    32.866    16.30   21.22
 -90025.697    39.748    18.56   23.10
 -89654.814    39.987     0.64   25.92
 -89283.999    36.597    -9.14   23.80
 -88913.250    31.439   -13.91   19.08
 -88542.568    29.493    -5.25   15.33
 -88171.953    28.252    -3.35   15.66
 -87801.405    31.390     8.47   19.22
 -87430.924    33.036     4.44   18.12
 -87060.510    34.481     3.90   13.77
 -86690.163    37.260     7.50   13.17
 -86319.882    48.470    30.27   19.48
 -85949.668    69.593    57.06   30.61
 -85579.521   100.601    83.78   40.15
 -85209.441   134.475    91.54   45.12
 -84839.427   164.614    81.46   34.68
 -84469.480   171.357    18.23   26.93
 -84099.599   159.667   -31.61   39.67
 -83729.785   130.914   -77.76   47.24
 -83360.037    99.439   -85.13   35.23
 -82990.356    89.115   -27.93   23.72
 -82620.741    98.221    24.64   34.65
 -82251.193   127.585    79.47   48.25
 -81881.711   151.516    64.77   46.96
 -81512.295   169.272    48.07   49.60
 -81142.945   175.362    16.49   51.39
 -80773.662   188.817    36.44   51.95
 -80404.445   211.439    61.27   45.28
 -80035.294   226.856    41.77   40.30
 -79666.209   238.749    32.22   34.33
 -79297.191   234.085   -12.64   31.52
 -78928.238   219.000   -40.89   32.64
 -78559.352   191.115   -75.60   40.02
 -78190.531   160.975   -81.73   45.47
 -77821.776   120.756  -109.07   44.24
 -77453.088    88.618   -87.17   39.00
 -77084.465    56.548   -87.00   31.87
 -76715.908    34.553   -59.68   21.82
 -76347.416    19.758   -40.15    9.87
 -75978.991    15.122   -12.58    3.10
 -75610.631    14.170    -2.58    0.59
 -75242.337    14.059    -0.30    0.45
 -74874.109    14.012    -0.13    0.44
 -74505.946    13.998    -0.04    0.42
 -74137.849    13.914    -0.23    0.53
 -73769.818    13.149    -2.08    1.74
 -73401.852    12.173    -2.65    2.30
 -73033.951    11.574    -1.63    2.53
 -72666.116    11.477    -0.26    2.63
 -72298.347    12.097     1.69    2.58
 -71930.642    12.631     1.45    2.47
 -71563.004    12.300    -0.90    2.59
 -71195.430    11.862    -1.19    2.63
 -70827.922    12.048     0.51    2.39
 -70460.479    12.356     0.84    2.16
 -70093.101    13.212     2.33    1.54
 -69725.788    13.901     1.87    0.19
 -69358.541    13.830    -0.19    0.31
 -68991.358    13.701    -0.35    0.43
 -68624.241    13.558    -0.39    0.49
 -68257.189    13.517    -0.11    0.50
 -67890.202    13.439    -0.21    0.50
 -67523.279    13.402    -0.10    0.50
 -67156.422    13.260    -0.39    0.47
 -66789.629    13.095    -0.45    0.37
 -66417.983    12.939    -0.42    0.00
 -66037.774    12.939     0.00    0.00
 -65657.635    12.939     0.00    0.00
 -65277.567    12.939     0.00    0.00
 -64897.569    12.939     0.00    0.00
 -64517.641    12.939     0.00    0.00
 -64137.784    12.939     0.00    0.00
 -63757.997    12.939     0.00    0.00
 -63378.280    12.939     0.00    0.00
 -62998.633    12.939     0.00    0.00
 -62619.056    12.927    -0.03    0.11
 -62239.549    12.393    -1.41    1.40
 -61860.112    11.539    -2.25    2.08
 -61480.745    11.064    -1.25    2.08
 -61101.448    10.778    -0.75    1.95
 -60722.221    10.914     0.36    1.77
 -60343.064    10.830    -0.22    1.98
 -59963.977    10.658    -0.45    2.21
 -59584.959    10.183    -1.25    2.42
 -59206.012    10.095    -0.23    2.50
 -58827.134    10.161     0.17    2.50
 -58448.325    10.629     1.24    2.29
 -58069.586    11.087     1.21    1.86
 -57690.917    11.544     1.21    1.38
 -57312.318    11.939     1.04    0.00
 -56933.788    11.927    -0.03    0.11
 -56555.327    11.875    -0.14    0.25
 -56176.936    11.878     0.01    0.24
 -55798.614    11.874    -0.01    0.25
 -55420.362    11.892     0.05    0.21
 -55042.178    11.939     0.12    0.00
 -54664.065    11.939     0.00    0.00
 -54286.020    11.939     0.00    0.00
 -53908.045    11.939     0.00    0.00
 -53530.139    11.939     0.00    0.00
 -53152.302    11.939     0.00    0.00
 -52774.534    11.951     0.03    0.11
 -52396.835    11.939    -0.03    0.00
 -52019.205    11.939     0.00    0.00
 -51641.644    11.939     0.00    0.00
 -51264.152    11.939     0.00    0.00
 -50886.729    11.939     0.00    0.00
 -50509.375    11.869    -0.18    0.26
 -50132.090    11.739    -0.35    0.40
 -49754.873    11.445    -0.78    0.73
 -49377.725    11.182    -0.70    0.82
 -49000.646    11.009    -0.46    0.80
 -48623.636    10.952    -0.15    0.68
 -48246.694    10.999     0.13    0.48
 -47869.821    11.003     0.01    0.41
 -47493.016    10.951    -0.14    0.45
 -47116.280    10.989     0.10    0.42
 -46739.613    11.025     0.10    0.28
 -46363.014    11.000    -0.07    0.24
 -45986.483    10.939    -0.16    0.00
 -45610.021    10.939     0.00    0.00
 -45233.627    10.939     0.00    0.00
 -44857.301    10.939     0.00    0.00
 -44481.044    10.915    -0.06    0.15
 -44104.855    10.853    -0.16    0.28
 -43728.734    10.805    -0.13    0.34
 -43352.681    10.744    -0.16    0.40
 -42976.697    10.614    -0.35    0.47
 -42600.780    10.402    -0.56    0.50
 -42224.932    10.186    -0.58    0.43
 -41849.151    10.000    -0.49    0.24
 -41473.439     9.939    -0.16    0.00
 -41097.794     9.806    -0.35    0.34
 -40722.218     9.559    -0.66    0.49
 -40346.709     9.224    -0.89    0.53
 -39971.268     8.810    -1.10    0.52
 -39595.895     8.439    -0.99    0.55
 -39220.589     8.041    -1.06    0.64
 -38845.352     7.593    -1.19    0.55
 -38470.182     7.259    -0.89    0.57
 -38095.079     6.878    -1.02    0.70
 -37720.044     6.557    -0.86    0.78
 -37345.077     6.339    -0.58    0.90
 -36970.178     6.176    -0.44    0.94
 -36595.345     6.276     0.27    0.97
 -36220.581     6.734     1.22    1.07
 -35845.883     7.260     1.41    1.02
 -35471.254     7.593     0.89    0.87
 -35096.691     7.561    -0.09    0.62
 -34722.196     7.067    -1.32    0.71
 -34347.768     6.634    -1.16    0.58
 -33973.407     6.458    -0.47    0.50
 -33599.114     6.613     0.42    0.65
 -33224.887     6.851     0.64    0.62
 -32850.728     6.815    -0.10    0.60
 -32476.636     6.559    -0.69    0.58
 -32102.611     6.240    -0.85    0.46
 -31728.653     6.036    -0.54    0.30
 -31354.762     5.951    -0.23    0.11
 -30980.938     5.939    -0.03    0.00
 -30607.181     5.939     0.00    0.00
 -30233.491     5.939     0.00    0.00
 -29859.867     5.939     0.00    0.00
 -29486.310     5.963     0.07    0.16
 -29112.821     6.000     0.10    0.24
 -28739.398     6.186     0.50    0.43
 -28366.041     6.451     0.71    0.57
 -27992.751     7.014     1.51    0.84
 -27619.528     7.655     1.72    1.03
 -27246.372     8.085     1.15    0.94
 -26873.282     8.134     0.13    0.91
 -26500.258     7.778    -0.95    1.05
 -26127.302     7.301    -1.28    1.00
 -25754.411     6.792    -1.36    0.67
 -25381.587     6.605    -0.50    0.61
 -25008.829     6.695     0.24    0.75
 -24636.138     7.050     0.95    0.99
 -24263.513     7.597     1.47    1.34
 -23890.954     8.256     1.77    1.66
 -23518.462     8.939     1.83    1.63
 -23146.035     8.975     0.10    1.49
 -22773.675     8.351    -1.68    1.41
 -22401.381     7.766    -1.57    1.03
 -22029.153     7.305    -1.24    0.58
 -21656.991     7.439     0.36    0.79
 -21284.896     7.914     1.28    1.19
 -20912.866     8.331     1.12    1.17
 -20540.902     8.695     0.98    0.88
 -20169.004     9.000     0.82    0.58
 -19797.172     9.292     0.79    0.53
 -19425.406     9.539     0.66    0.49
 -19053.705     9.803     0.71    0.34
 -18682.071     9.780    -0.06    0.46
 -18310.502     9.420    -0.97    0.78
 -17938.999     9.097    -0.87    0.82
 -17567.561     8.839    -0.70    0.70
 -17196.189     8.605    -0.63    0.55
 -16824.883     8.414    -0.51    0.57
 -16453.642     8.231    -0.49    0.53
 -16082.467     8.025    -0.56    0.28
 -15711.358     7.812    -0.57    0.33
 -15340.313     7.544    -0.72    0.49
 -14969.335     7.280    -0.71    0.48
 -14598.421     7.024    -0.69    0.28
 -14227.573     6.852    -0.46    0.28
 -13856.791     6.626    -0.61    0.49
 -13486.073     6.284    -0.92    0.67
 -13115.421     5.951    -0.90    0.60
 -12744.834     5.768    -0.49    0.44
 -12374.313     5.739    -0.08    0.40
 -12003.856     5.789     0.13    0.36
 -11633.465     5.889     0.27    0.22
 -11263.139     5.914     0.07    0.16
 -10892.877     5.939     0.07    0.00
 -10522.681     5.939     0.00    0.00
 -10152.550     5.939     0.00    0.00
  -9782.483     5.939     0.00    0.00
  -9412.482     5.939     0.00    0.00
  -9042.545     5.939     0.00    0.00
  -8672.674     5.939     0.00    0.00
  -8302.867     5.939     0.00    0.00
  -7933.125     5.939     0.00    0.00
  -7563.447     5.939     0.00    0.00
  -7193.835     5.939     0.00    0.00
  -6824.287     5.939     0.00    0.00
  -6454.803     5.939     0.00    0.00
  -6085.385     5.939     0.00    0.00
  -5716.031     5.939     0.00    0.00
  -5346.741     5.939     0.00    0.00
  -4977.516     5.912    -0.07    0.16
  -4608.355     5.561    -0.95    1.47
  -4239.259     4.689    -2.36    2.54
  -3870.227     3.796    -2.42    3.11
  -3501.260     2.820    -2.64    3.38
  -3132.357     1.689    -3.07    3.32
  -2763.518     0.939    -2.03    3.09
  -2394.743     0.300    -1.73    2.65
  -2026.033    -0.137    -1.19    2.15
  -1657.387    -0.247    -0.30    2.01
  -1288.805    -0.289    -0.12    1.98
   -920.287     0.136     1.15    2.47
   -551.834     0.576     1.19    2.78
   -183.444     0.741     0.45    2.85
    184.882     0.852     0.30    2.83
    553.143     0.326    -1.43    2.52
    921.341    -0.199    -1.43    2.03
   1289.475    -0.244    -0.12    1.91
   1657.545     0.630     2.38    2.79
   2025.550     1.561     2.53    3.25
   2393.493     2.676     3.03    3.33
   2761.371     3.364     1.87    3.26
   3129.186     3.915     1.50    3.05
   3496.936     4.382     1.27    2.80
   3864.623     5.074     1.88    2.18
   4232.247     5.562     1.33    1.40
   4599.807     5.926     0.99    0.11
   4967.303     5.939     0.03    0.00
   5334.736     5.939     0.00    0.00
   5702.105     5.939     0.00    0.00
   6069.411     5.939     0.00    0.00
   6436.653     5.939     0.00    0.00
   6803.831     5.939     0.00    0.00
   7170.947     5.939     0.00    0.00
   7537.999     5.622    -0.86    1.12
   7904.988     5.367    -0.69    1.39
   8273.479     4.651    -1.94    1.96
   8653.544     4.692     0.11    2.15
   9033.541     4.951     0.68    2.21
   9413.469     5.689     1.94    4.12
   9793.329     6.731     2.74    6.41
  10173.120     7.221     1.29    5.12
  10552.843    11.704    11.81   12.99
  10932.498    18.306    17.39   18.94
  11312.085    23.914    14.78   21.71
  11691.603    30.864    18.31   23.95
  12071.053    36.362    14.49   24.41
  12450.434    41.114    12.53   21.37
  12829.748    43.614     6.59   18.93
  13208.993    49.348    15.12   16.34
  13588.171    48.888    -1.21   14.73
  13967.280    45.101    -9.99   16.20
  14346.321    39.659   -14.36   19.83
  14725.294    29.000   -28.12   16.89
  15104.200    20.952   -21.24   13.38
  15483.037    19.219    -4.57   10.23
  15861.806    20.549     3.51    9.79
  16240.508    25.114    12.05   10.64
  16619.142    30.889    15.25    9.07
  16997.708    34.062     8.38    9.31
  17376.206    38.186    10.89    9.08
  17754.637    42.247    10.73    9.80
  18133.000    47.964    15.11    9.89
  18511.296    51.389     9.05    8.60
  18889.523    52.637     3.30    9.08
  19267.684    51.205    -3.79   13.13
  19645.777    48.766    -6.45   16.47
  20023.802    49.715     2.51   19.18
  20401.760    55.207    14.53   18.01
  20779.650    62.202    18.51   19.99
  21157.473    71.625    24.94   23.04
  21535.229    83.978    32.70   26.74
  21912.918    96.726    33.75   32.33
  22290.539   109.367    33.47   36.00
  22668.093   121.914    33.23   41.18
  23045.580   134.483    33.30   44.47
  23423.000   146.207    31.06   47.22
  23800.352   155.651    25.03   45.81
  24177.638   150.964   -12.42   42.06
  24554.856   139.507   -30.37   42.32
  24932.008   132.136   -19.54   41.23
  25309.092   125.741   -16.96   42.21
  25686.110   130.103    11.57   45.75
  26063.060   146.339    43.07   43.00
  26439.944   148.796     6.52   37.51
  26816.761   136.585   -32.40   37.49
  27193.511   122.874   -36.39   39.63
  27570.195    94.507   -75.31   34.26
  27946.811    73.452   -55.90   26.20
  28323.361    62.244   -29.77   16.69
  28699.845    56.141   -16.21    9.29
  29076.262    54.618    -4.05    5.91
  29452.612    54.497    -0.32    3.92
  29828.895    54.457    -0.11    3.26
  30205.113    54.887     1.14    4.16
  30581.263    56.876     5.29    7.03
  30957.348    64.280    19.69   17.72
  31333.365    77.482    35.11   32.75
  31709.317    99.139    57.60   50.02
  32085.202   124.635    67.83   62.63
  32461.021   155.772    82.85   68.88
  32836.774   177.445    57.68   72.37
  33212.460   199.902    59.77   67.95
  33588.080   203.568     9.76   65.59
  33963.634   203.988     1.12   53.05
  34339.122   192.951   -29.39   43.33
  34714.544   170.726   -59.20   43.40
  35089.900   152.785   -47.80   49.37
  35465.190   127.866   -66.40   49.45
  35840.413   110.310   -46.79   41.80
  36215.571    93.048   -46.01   34.00
  36590.663    80.518   -33.41   27.21
  36965.689    73.321   -19.19   26.43
  37340.649    66.715   -17.62   25.64
  37715.544    62.334   -11.69   27.32
  38090.373    56.754   -14.88   24.04
  38465.136    52.618   -11.04   25.29
  38839.833    51.939    -1.81   30.54
  39214.464    56.609    12.47   35.66
  39589.030    58.328     4.59   42.96
  39963.531    54.695    -9.70   49.10
  40337.965    34.144   -54.88   43.96
  40712.335    15.276   -50.40   31.89
  41086.638     3.349   -31.86   11.41
  41460.877     2.664    -1.83    3.56
  41835.050     4.787     5.67    2.80
  42209.157     5.951     3.11    1.10
  42583.199     6.014     0.17    0.27
  42957.176     5.939    -0.20    0.00
  43331.088     5.939     0.00    0.00
  43704.934     5.889    -0.13    0.22
  44078.715     5.791    -0.26    0.36
  44452.431     5.726    -0.17    0.41
  44826.082     5.673    -0.14    0.44
  45199.667     5.785     0.30    0.67
  45573.188     6.217     1.16    0.90
  45946.643     6.689     1.26    0.93
  46320.034     7.284     1.60    0.71
  46693.359     7.635     0.94    0.46
  47066.620     7.546    -0.24    0.49
  47439.816     7.554     0.02    0.49
  47812.947     7.597     0.11    0.48
  48186.013     7.601     0.01    0.48
  48559.014     7.457    -0.39    0.65
  48931.950     7.016    -1.18    0.80
  49304.822     6.451    -1.51    0.66
  49677.629     6.105    -0.93    0.38
  50050.371     5.877    -0.61    0.24
  50423.049     5.812    -0.17    0.33
  50795.662     5.756    -0.15    0.39
  51168.210     5.759     0.01    0.39
  51540.694     5.851     0.25    0.28
  51913.113     5.939     0.23    0.16
  52285.468     5.963     0.07    0.16
  52657.759     5.939    -0.07    0.00
  53029.985     5.939     0.00    0.00
  53402.147     5.939     0.00    0.00
  53774.244     5.939     0.00    0.00
  54146.277     5.939     0.00    0.00
  54518.246     5.939     0.00    0.00
  54890.151     5.939     0.00    0.00
  55261.991     6.015     0.20    0.27
  55633.768     6.110     0.26    0.47
  56005.480     6.751     1.73    1.80
  56377.128     8.847     5.64    4.22
  56748.712    12.280     9.24    5.80
  57120.232    15.627     9.01    5.09
  57491.688    17.989     6.36    2.52
  57863.079    18.426     1.17    1.91
  58234.408    17.414    -2.72    2.66
  58605.672    16.165    -3.36    2.54
  58976.872    16.062    -0.28    2.35
  59348.008    15.990    -0.19    2.27
  59719.081    16.344     0.95    2.03
  60090.090    16.254    -0.24    1.78
  60461.035    15.926    -0.88    1.37
  60831.916    15.912    -0.04    0.87
  61202.734    16.383     1.27    1.11
  61573.488    16.874     1.32    1.46
  61944.179    16.951     0.21    1.64
  62314.806    17.017     0.18    1.71
  62685.369    17.139     0.33    1.64
  63055.869    17.860     1.95    1.88
  63426.306    18.726     2.34    1.90
  63796.679    18.432    -0.79    2.77
  64166.988    16.814    -4.37    3.77
  64537.235    14.631    -5.89    3.72
  64907.418    12.351    -6.16    2.24
  65277.537    11.215    -3.07    0.69
  65647.593    11.014    -0.54    0.73
  66017.587    11.375     0.98    1.11
  66387.516    11.902     1.42    1.38
  66757.383    12.521     1.67    1.46
  67127.187    12.951     1.16    1.35
  67496.927    12.887    -0.17    1.43
  67866.605    12.301    -1.58    1.62
  68236.219    11.978    -0.88    1.34
  68605.770    11.901    -0.21    0.99
  68975.259    12.015     0.31    0.68
  69344.684    12.101     0.23    0.46
  69714.047    12.056    -0.12    0.36
  70083.346    12.276     0.60    0.67
  70452.583    12.521     0.66    0.81
  70821.757    12.726     0.56    0.84
  71190.868    12.729     0.01    0.82
  71559.916    12.951     0.60    0.80
  71928.902    13.195     0.66    0.76
  72297.825    13.458     0.71    0.66
  72666.685    13.746     0.78    0.46
  73035.483    13.876     0.35    0.24
  73404.218    13.840    -0.10    0.30
  73772.891    13.877     0.10    0.56
  74141.501    13.875    -0.01    0.25
  74510.048    13.965     0.24    0.28
  74878.533    14.026     0.17    0.36
  75246.956    13.951    -0.20    0.34
  75615.316    13.814    -0.37    0.68
  75983.614    13.673    -0.38    1.23
  76351.850    13.439    -0.64    1.40
  76720.023    12.874    -1.53    1.82
  77088.134    12.289    -1.59    2.60
  77456.183    11.504    -2.13    2.80
  77824.169    10.865    -1.74    2.94
  78192.093    10.185    -1.85    2.84
  78559.956     9.626    -1.52    2.84
  78927.756     9.358    -0.73    2.90
  79295.494     8.815    -1.47    2.50
  79663.170     8.560    -0.69    2.18
  80030.784     8.851     0.79    2.68
  80398.336     9.610     2.06    3.43
  80765.826    10.796     3.23    3.70
  81133.254    12.619     4.96    3.85
  81500.620    14.889     6.18    4.36
  81867.924    17.623     7.44    4.86
  82235.167    19.951     6.34    5.60
  82602.347    19.939    -0.03    5.59
  82969.466    18.551    -3.78    5.46
  83347.867    16.546    -5.30    4.59
  83727.725    14.231    -6.09    2.60
  84107.516    13.304    -2.44    2.07
  84487.241    13.013    -0.77    2.08
  84866.898    13.101     0.23    1.90
  85246.490    13.439     0.89    1.59
  85626.014    13.901     1.22    1.28
  86005.473    14.301     1.06    0.75
  86384.864    14.375     0.19    0.62
  86764.190    14.211    -0.43    0.68
  87143.448    13.660    -1.45    0.90
  87522.641    12.926    -1.94    1.20
  87901.767    11.787    -3.00    1.48
  88280.827    10.648    -3.01    1.45
  88659.821     9.564    -2.86    1.22
  89038.748     8.817    -1.97    0.88
  89417.609     8.395    -1.11    0.63
  89796.405     8.020    -0.99    0.49
  90175.133     7.689    -0.87    0.52
  90553.796     7.336    -0.93    0.57
  90932.393     6.826    -1.35    0.75
  91310.924     6.205    -1.64    0.96
  91689.389     5.439    -2.02    1.11
  92067.788     4.744    -1.84    0.89
  92446.121     4.211    -1.41    0.82
  92824.388     3.812    -1.06    0.69
  93202.589     3.464    -0.92    0.57
  93580.724     3.078    -1.02    0.47
  93958.794     2.858    -0.58    0.43
  94336.798     2.568    -0.77    0.49
  94714.736     2.290    -0.74    0.51
  95092.609     1.753    -1.42    0.76
  95470.416     1.249    -1.33    0.76
  95848.157     0.812    -1.16    0.76
  96225.833     0.382    -1.14    0.50
  96603.443     0.242    -0.37    0.46
  96980.988     0.108    -0.36    0.38
  97358.467     0.026    -0.22    0.28
  97735.881    -0.061    -0.23    0.00
  98113.229    -0.061     0.00    0.00
  98490.512    -0.061     0.00    0.00
  98867.730    -0.087    -0.07    0.16
  99244.882    -0.112    -0.07    0.22
  99621.970    -0.206    -0.25    0.35
  99998.992    -0.224    -0.05    0.37
 100375.948    -0.223     0.00    0.41
 100752.840    -0.149     0.20    0.43
 101129.666    -0.009     0.37    0.46
 101506.428    -0.009    -0.00    0.46
 101883.124     0.060     0.18    0.52
 102259.756     0.151     0.24    0.65
 102636.322     0.360     0.55    0.90
 103012.823     0.651     0.77    1.08
 103389.260     1.144     1.31    1.19
 103765.631     1.648     1.34    1.16
 104141.938     2.247     1.59    0.80
 104518.180     2.701     1.21    0.77
 104894.357     3.154     1.20    0.84
 105270.469     3.588     1.15    0.84
 105646.517     3.926     0.90    0.74
 106022.500     4.146     0.59    0.73
 106398.418     4.230     0.22    0.66
 106774.272     4.318     0.24    0.65
 107150.061     4.331     0.03    0.59
 107525.786     4.339     0.02    0.57
 107901.446     4.289    -0.13    0.58
 108277.041     4.158    -0.35    0.58
 108652.573     4.039    -0.32    0.61
 109028.039     3.912    -0.34    0.55
 109403.442     3.861    -0.14    0.51
 109778.780     3.757    -0.28    0.53
 110154.053     3.761     0.01    0.50
 110529.263     3.741    -0.05    0.52
 110904.408     3.726    -0.04    0.52
 111279.489     3.781     0.15    0.52
 111654.506     3.850     0.18    0.56
 112029.458     4.027     0.47    0.62
 112404.347     4.205     0.47    0.59
 112779.171     4.326     0.32    0.52
 113153.931     4.387     0.16    0.50
 113528.628     4.528     0.38    0.59
 113903.260     4.689     0.43    0.70
 114277.829     4.964     0.74    0.72
 114652.333     5.041     0.21    0.75
 115026.774     4.776    -0.71    0.93
 115401.150     4.093    -1.83    1.15
 115775.463     3.093    -2.67    1.31
 116149.713     2.152    -2.51    1.06
 116523.898     1.351    -2.14    0.87
 116898.020     0.832    -1.39    0.75
 117272.078     0.439    -1.05    0.66
 117646.072     0.172    -0.71    0.54
 118020.003     0.004    -0.45    0.55
 118393.870    -0.034    -0.10    0.57
 118767.673    -0.161    -0.34    0.44
 119141.413    -0.291    -0.35    0.42
 119515.090    -0.424    -0.36    0.48
 119888.703    -0.588    -0.44    0.50
 120262.253    -0.770    -0.49    0.46
 120635.739    -0.941    -0.46    0.33
 121009.162    -0.983    -0.11    0.27
 121382.522    -0.888     0.26    0.38
 121755.818    -0.833     0.15    0.42
 122129.051    -0.741     0.25    0.47
 122502.221    -0.736     0.01    0.47
 122875.327    -0.688     0.13    0.49
 123248.371    -0.715    -0.07    0.48
 123621.351    -0.677     0.10    0.49
 123994.268    -0.631     0.12    0.50
 124367.123    -0.549     0.22    0.50
 124739.914    -0.441     0.29    0.49
 125112.642    -0.206     0.63    0.48
 125485.307    -0.011     0.52    0.39
 125857.909     0.108     0.32    0.38
 126230.448     0.182     0.20    0.43
 126602.925     0.301     0.32    0.48
 126975.338     0.451     0.40    0.55
 127347.689     0.554     0.28    0.63
 127719.977     0.679     0.34    0.70
 128092.202     0.783     0.28    0.73
 128464.365     0.833     0.14    0.76
 128836.465     0.822    -0.03    0.83
 129208.502     0.810    -0.03    0.86
 129580.477     0.711    -0.27    0.96
 129952.389     0.534    -0.48    1.12
 130324.238     0.354    -0.48    1.16
 130696.025     0.202    -0.41    1.11
 131067.749    -0.011    -0.57    1.06
 131439.411    -0.178    -0.45    0.90
 131811.011    -0.454    -0.74    0.74
 132182.548    -0.620    -0.45    0.62
 132554.023    -0.750    -0.35    0.47
 132925.435    -0.715     0.09    0.48
 133296.785    -0.625     0.24    0.50
 133668.073    -0.488     0.37    0.50
 134039.299    -0.274     0.58    0.41
 134410.462    -0.114     0.43    0.22
 134781.564    -0.023     0.24    0.19
 135152.603     0.162     0.50    0.42
 135523.580     0.644     1.30    0.82
 135894.495     1.387     2.00    1.16
 136265.348     2.580     3.21    1.42
 136636.139     3.518     2.53    1.33
 137006.867     4.376     2.32    1.07
 137377.534     4.965     1.59    0.91
 137748.139     5.331     0.99    0.81
 138118.682     5.518     0.50    0.70
 138489.164     5.673     0.42    0.57
 138859.583     5.761     0.24    0.45
 139229.941     5.849     0.24    0.37
 139600.237     5.926     0.21    0.31
 139970.471     5.913    -0.03    0.42
 140340.643     5.465    -1.21    1.36
 140710.754     4.526    -2.54    2.25
 141080.803     3.373    -3.12    2.64
 141450.791     2.067    -3.53    2.45
 141820.717     1.157    -2.46    2.00
 142190.581     0.439    -1.94    1.22
 142560.384     0.083    -0.96    0.45
 142930.125    -0.049    -0.36    0.11
 143299.805    -0.061    -0.03    0.00
 143669.424    -0.061     0.00    0.00
 144038.981     0.192     0.69    0.87
 144408.477     0.964     2.09    1.84
 144777.911     1.497     1.44    2.06
 145147.284     2.004     1.37    2.15
 145516.596     2.030     0.07    2.25
 145885.847     1.349    -1.84    2.00
 146255.036     0.689    -1.79    1.34
 146624.164     0.306    -1.04    0.82
 146993.232     0.057    -0.67    0.40
 147362.238    -0.035    -0.25    0.16
 147731.182    -0.061    -0.07    0.00
 148100.066    -0.061     0.00    0.00
 148468.889    -0.061     0.00    0.00
 148837.651    -0.061     0.00    0.00
 149206.352    -0.061     0.00    0.00
 149574.992    -0.010     0.14    0.22
 149943.571     0.070     0.22    0.38
 150312.089     0.426     0.96    0.82
 150680.546     0.926     1.36    1.24
 151048.943     1.721     2.16    1.61
 151417.279     2.242     1.42    1.81
 151785.554     2.314     0.19    2.14
 152153.768     1.718    -1.62    2.13
 152521.922     0.754    -2.62    1.34
 152890.015     0.458    -0.81    0.77
 153258.047     0.926     1.27    1.16
 153626.019     1.546     1.69    1.23
 153993.930     1.872     0.89    1.03
 154361.780     1.413    -1.25    1.08
 154729.571     0.644    -2.09    1.09
 155097.300    -0.074    -1.95    0.94
 155464.969    -0.706    -1.72    0.53
 155832.578    -0.960    -0.69    0.30
 156200.127    -1.061    -0.28    0.00
 156567.615    -1.061     0.00    0.00
 156935.042    -1.061     0.00    0.00
 157302.410    -1.023     0.10    0.25
 157669.717    -0.815     0.57    0.92
 158045.152    -0.555     0.69    1.61
 158424.872    -0.074     1.27    2.98
 158804.528    -0.613    -1.42    1.74
 159184.118    -1.035    -1.11    0.16
 159563.644    -1.061    -0.07    0.00
 159943.105    -1.061     0.00    0.00
 160322.501    -1.061     0.00    0.00
 160701.832    -0.856     0.54    0.84
 161081.098     0.485     3.54    3.65
 161460.300     4.146     9.65    6.49
 161839.438     7.508     8.87    6.47
 162218.510     8.044     1.41    5.85
 162597.518     6.979    -2.81    5.45
 162976.462     5.015    -5.18    3.74
 163355.341     4.315    -1.85    2.23
 163734.155     5.002     1.81    1.55
 164112.905     5.419     1.10    1.17
 164491.591     5.221    -0.52    1.48
 164870.212     5.082    -0.37    2.03
 165248.769     5.302     0.58    2.30
 165627.262     5.202    -0.27    1.81
 166005.690     5.859     1.74    1.53
 166384.054     7.129     3.36    1.70
 166762.354     7.689     1.48    1.87
 167140.590     7.639    -0.13    2.91
 167518.761     6.709    -2.46    3.64
 167896.869     5.451    -3.33    3.17
 168274.912     4.926    -1.39    2.34
 168652.892     5.159     0.62    3.08
 169030.807     6.426     3.35    4.19
 169408.658     6.375    -0.14    4.30
 169786.446     4.991    -3.66    4.28
 170164.169     2.649    -6.20    2.58
 170541.829     1.053    -4.23    2.25
 170919.424     0.059    -2.63    1.76
 171296.956    -0.302    -0.95    1.02
 171674.424     0.446     1.98    1.79
 172051.829     1.557     2.94    2.13
 172429.169     2.230     1.78    2.32
 172806.446     2.110    -0.32    2.65
 173183.659     1.165    -2.50    2.72
 173560.809     0.451    -1.89    2.60
 173937.895    -0.390    -2.23    1.91
 174314.918    -0.997    -1.61    0.41
 174691.877    -0.995     0.01    0.25
 175068.772    -0.983     0.03    0.27
 175445.604    -1.061    -0.21    0.00
 175822.373    -0.677     1.02    1.08
 176199.078     1.070     4.64    2.95
 176575.720     2.783     4.55    3.70
 176952.298     4.593     4.80    3.68
 177328.813     5.249     1.74    3.32
 177705.265     4.539    -1.89    3.14
 178081.654     4.647     0.29    3.35
 178457.980     6.864     5.89    4.92
 178834.242     8.692     4.86    3.95
 179210.441     8.523    -0.45    3.21
 179586.577     7.672    -2.26    2.54
 179962.650     6.619    -2.80    1.25
 180338.660     6.692     0.19    1.07
 180714.607     7.679     2.63    2.02
 181090.491     9.044     3.63    2.52
 181466.312    10.373     3.54    2.48
 181842.070    11.886     4.03    1.91
 182217.765    12.792     2.41    0.91
 182593.398    12.951     0.42    0.63
 182968.967    12.832    -0.32    0.73
 183344.474    12.744    -0.23    0.71
 183719.918    13.110     0.97    1.33
 184095.299    14.718     4.28    2.45
 184470.618    16.101     3.68    2.35
 184845.874    16.887     2.10    1.96
 185221.067    17.610     1.93    2.14
 185596.198    16.826    -2.09    3.16
 185971.266    14.772    -5.48    4.65
 186346.272    11.251    -9.39    5.80
 186721.215     7.398   -10.27    4.95
 187096.095     4.294    -8.28    3.72
 187470.914     1.978    -6.18    2.47
 187845.669     1.085    -2.38    1.92
 188220.363     0.728    -0.95    1.53
 188594.994     0.770     0.11    1.53
 188969.563     0.912     0.38    1.60
 189344.069     0.794    -0.32    1.57
 189718.514     0.097    -1.86    0.49
 190092.896     0.632     1.43    1.44
 190467.215     2.211     4.22    2.49
 190841.473     3.689     3.95    2.47
 191215.669     5.215     4.08    1.70
 191589.802     6.583     3.66    1.36
 191963.874     7.965     3.69    2.12
 192337.883     9.162     3.20    2.08
 192711.830     9.426     0.70    1.79
 193085.716     8.858    -1.52    1.96
 193459.539     7.539    -3.53    1.85
 193833.301     6.203    -3.57    1.07
 194207.001     5.394    -2.16    1.38
 194580.638     4.633    -2.04    1.70
 194954.214     3.544    -2.92    1.62
 195327.729     2.884    -1.77    1.28
 195701.181     2.597    -0.77    0.86
 196074.572     2.798     0.54    0.88
 196447.901     3.228     1.15    1.21
 196821.169     4.045     2.19    1.45
 197194.375     4.644     1.60    1.36
 197567.519     5.525     2.36    1.72
 197940.601     7.027     4.03    2.81
 198313.623     8.162     3.04    2.88
 198686.582     9.118     2.56    2.75
 199059.480    10.689     4.21    2.72
 199432.317    12.095     3.77    2.21
 199805.092    13.070     2.62    1.47
 200177.806    13.679     1.63    0.86
 200550.459    14.146     1.25    0.61
 200923.050    14.464     0.85    0.77
 201295.580    14.783     0.85    1.03
 201668.049    15.219     1.17    1.25
 202040.457    15.597     1.01    1.30
 202412.803    15.979     1.03    1.26
 202785.088    16.349     0.99    1.19
 203157.312    16.649     0.81    1.07
 203529.475    17.030     1.02    0.89
 203901.577    17.432     1.08    0.72
 204273.618    17.722     0.78    0.71
 204645.597    17.632    -0.24    0.94
 205017.516    17.445    -0.50    1.29
 205389.374    16.939    -1.36    1.66
 205761.171    16.567    -1.00    2.02
 206132.907    16.155    -1.11    2.32
 206504.582    15.414    -1.99    2.32
 206876.197    14.695    -1.93    1.67
 207247.750    14.863     0.45    1.89
 207619.243    15.884     2.75    2.54
 207990.675    17.768     5.07    2.84
 208362.046    19.500     4.66    2.26
 208733.357    20.623     3.02    1.05
 209104.607    20.939     0.85    0.00
 209475.797    20.939     0.00    0.00
 209846.925    20.939     0.00    0.00
 210217.994    20.952     0.03    0.11
 210589.001    21.105     0.41    0.80
 210959.949    21.318     0.57    1.35
 211330.835    21.300    -0.05    1.35
 211701.662    21.176    -0.33    0.77
 212072.428    21.383     0.56    1.30
 212443.133    21.412     0.08    1.30
 212813.778    21.230    -0.49    1.16
 213184.363    21.057    -0.47    0.43
 213554.888    21.196     0.37    0.47
 213925.352    21.689     1.33    0.93
 214295.756    22.692     2.71    1.75
 214666.100    23.715     2.76    2.22
 215036.384    24.383     1.80    2.05
 215406.608    24.407     0.06    2.44
 215776.771    23.633    -2.09    2.80
 216146.874    22.501    -3.06    2.57
 216516.918    21.661    -2.27    2.04
 216886.901    21.110    -1.49    0.76
 217256.825    21.254     0.39    0.62
 217626.688    21.228    -0.07    0.48
 217996.491    21.253     0.07    0.53
 218366.235    21.268     0.04    0.74
 218735.919    21.185    -0.22    0.49
 219105.543    21.097    -0.24    0.37
 219475.107    21.050    -0.13    0.32
 219844.611    21.285     0.64    0.48
 220214.055    21.730     1.21    0.85
 220583.440    23.001     3.44    1.76
 220952.765    24.369     3.70    1.93
 221322.031    25.471     2.98    1.85
 221691.236    25.925     1.23    2.09
 222060.383    25.715    -0.57    2.53
 222429.469    25.037    -1.84    2.78
 222798.496    24.176    -2.33    2.58
 223167.464    23.339    -2.27    2.25
 223536.372    22.491    -2.30    1.45
 223905.220    22.226    -0.72    0.79
 224274.009    22.597     1.00    0.93
 224642.739    23.383     2.13    1.35
 225011.410    24.508     3.05    1.74
 225380.021    25.480     2.64    1.53
 225748.572    25.837     0.97    1.61
 226117.065    25.841     0.01    1.95
 226485.498    25.070    -2.09    2.19
 226853.872    24.459    -1.66    2.18
 227222.187    24.149    -0.84    1.84
 227590.442    24.239     0.24    1.80
 227958.639    25.019     2.12    2.00
 228326.776    26.182     3.16    1.77
 228694.854    27.097     2.49    1.61
 229062.873    27.703     1.65    1.29
 229430.834    28.250     1.49    1.03
 229798.735    28.637     1.05    0.66
 230166.577    28.639     0.00    0.51
 230534.360    28.358    -0.76    0.78
 230902.085    27.711    -1.76    1.22
 231269.750    26.831    -2.39    1.52
 231637.357    25.679    -3.13    1.74
 232004.904    24.565    -3.03    1.71
 232372.393    23.272    -3.52    1.51
 232745.110    22.425    -2.27    1.24
 233124.696    21.645    -2.05    0.83
 233504.218    21.253    -1.03    0.55
 233883.678    20.794    -1.21    0.60
 234263.074    20.254    -1.42    0.70
 234642.408    19.836    -1.10    0.69
 235021.678    19.557    -0.74    0.49
 235400.885    19.544    -0.03    0.49
 235780.030    19.739     0.51    0.52
 236159.111    19.952     0.56    0.53
 236538.129    19.977     0.07    0.59
 236917.085    19.859    -0.31    0.67
 237295.977    19.659    -0.53    0.67
 237674.807    19.446    -0.56    0.71
 238053.574    19.333    -0.30    0.65
 238432.278    19.253    -0.21    0.65
 238810.920    19.245    -0.02    0.61
 239189.498    19.304     0.15    0.59
 239568.014    19.531     0.60    0.49
 239946.468    19.779     0.65    0.52
 240324.858    20.165     1.02    0.63
 240703.187    20.557     1.04    0.49
 241081.452    20.790     0.62    0.36
 241459.655    20.951     0.43    0.11
 241837.796    20.939    -0.03    0.00
 242215.874    20.939     0.00    0.00
 242593.889    20.939     0.00    0.00
 242971.843    20.939     0.00    0.00
 243349.734    20.939     0.00    0.00
 243727.562    20.939     0.00    0.00
 244105.328    20.939     0.00    0.00
 244483.032    20.939     0.00    0.00
 244860.674    20.978     0.10    0.25
 245238.254    20.978     0.00    0.25
 245615.771    20.952    -0.07    0.30
 245993.226    20.886    -0.17    0.40
 246370.619    20.887     0.00    0.60
 246747.950    20.763    -0.33    0.83
 247125.219    20.289    -1.26    1.50
 247502.426    19.397    -2.36    2.40
 247879.571    16.666    -7.24    4.92
 248256.654    14.286    -6.31    5.12
 248633.675    12.259    -5.38    4.72
 249010.634    11.168    -2.89    3.64
 249387.531    11.479     0.82    2.90
 249764.366    12.805     3.52    2.11
 250141.140    13.699     2.37    0.79
 250517.851    14.718     2.70    1.74
 250894.501    15.728     2.68    2.51
 251271.090    16.504     2.06    2.76
 251647.616    16.685     0.48    2.84
 252024.081    16.913     0.60    2.83
 252400.485    16.774    -0.37    2.86
 252776.826    17.251     1.27    3.16
 253153.106    17.800     1.46    3.02
 253529.325    16.648    -3.06    3.16
 253905.482    15.480    -3.10    2.71
 254281.578    14.504    -2.59    1.82
 254657.612    13.912    -1.58    0.23
 255033.585    13.610    -0.80    0.90
 255409.496    12.158    -3.86    3.32
 255785.346     9.898    -6.01    4.71
 256161.135     7.419    -6.60    4.41
 256536.863     6.031    -3.69    3.31
 256912.529     5.333    -1.86    2.44
 257288.134     6.139     2.14    2.62
 257663.677     6.445     0.82    2.65
 258039.160     5.845    -1.60    3.36
 258414.582     5.310    -1.42    3.66
 258789.942     4.182    -3.01    3.62
 259165.241     3.726    -1.21    3.59
 259540.479     4.091     0.97    3.62
 259915.657     4.268     0.47    3.40
 260290.773     5.147     2.34    3.03
 260665.828     4.845    -0.80    2.81
 261040.822     4.425    -1.12    3.21
 261415.756     3.259    -3.11    3.37
 261790.629     3.021    -0.63    3.19
 262165.440     4.103     2.89    3.38
 262540.191     5.592     3.97    2.53
 262914.881     6.182     1.57    1.80
 263289.511     6.070    -0.30    1.68
 263664.079     5.549    -1.39    1.26
 264038.588     5.176    -1.00    1.19
 264413.035     5.373     0.53    1.00
 264787.422     5.657     0.76    0.74
 265161.748     5.804     0.39    0.42
 265536.013     5.783    -0.06    0.40
 265910.218     5.547    -0.63    0.76
 266284.363     4.939    -1.62    1.48
 266658.447     4.105    -2.23    2.28
 267032.471     3.125    -2.62    3.02
 267406.434     2.383    -1.98    3.32
 267780.337     1.426    -2.56    2.72
 268154.179     1.249    -0.47    1.77
 268527.961     2.162     2.44    1.85
 268901.683     3.361     3.21    1.44
 269275.345     3.965     1.62    1.14
 269648.946     4.074     0.29    1.17
 270022.487     3.993    -0.22    1.27
 270395.968     3.898    -0.26    1.25
 270769.389     3.912     0.04    1.13
 271142.749     4.044     0.35    0.87
 271516.050     4.333     0.78    0.75
 271889.291     4.770     1.17    0.76
 272262.471     5.066     0.79    0.67
