-304760.391    31.056     0.00    6.57
-304385.321    28.849    -5.88    6.03
-304010.192    27.151    -4.52    4.23
-303635.006    26.103    -2.79    2.38
-303259.760    27.459     3.61    3.57
-302884.457    30.432     7.92    4.59
-302509.095    33.112     7.14    3.90
-302133.675    35.269     5.75    2.50
-301758.196    36.666     3.72    2.48
-301382.659    37.783     2.97    2.57
-301007.063    39.145     3.63    2.34
-300631.409    39.837     1.84    2.37
-300255.696    40.751     2.43    2.63
-299879.925    41.760     2.69    3.56
-299504.095    44.903     8.36    7.33
-299128.207    48.048     8.36    9.75
-298752.260    51.774     9.91   10.57
-298376.254    55.737    10.54   10.57
-298000.189    64.034    22.06   18.18
-297624.066    72.667    22.95   21.10
-297247.884    81.837    24.37   24.07
-296871.643    88.827    18.57   27.19
-296495.344    88.245    -1.55   29.54
-296118.985    86.710    -4.08   32.08
-295742.568    80.553   -16.35   30.93
-295366.092    75.079   -14.54   25.71
-294989.557    67.959   -18.91   16.78
-294612.963    65.903    -5.46   13.18
-294236.310    62.472    -9.11   10.07
-293859.598    60.226    -5.96    7.68
-293482.826    58.417    -4.80    6.07
-293105.996    55.788    -6.98    4.77
-292729.107    54.209    -4.19    4.91
-292352.159    51.526    -7.12    5.17
-291975.151    49.063    -6.53    5.29
-291598.084    46.325    -7.26    4.84
-291220.958    43.916    -6.39    4.71
-290843.773    40.972    -7.80    4.86
-290466.529    38.600    -6.29    4.42
-290089.225    36.856    -4.62    3.14
-289711.862    39.240     6.31   11.14
-289334.439    48.993    25.84   31.87
-288956.957    65.377    43.39   57.98
-288579.416    76.075    28.33   68.33
-288201.816    80.157    10.81   69.07
-287824.155    72.602   -20.00   60.94
-287446.436    66.567   -15.97   53.84
-287068.657    52.372   -37.57   29.29
-286690.818    45.725   -17.59   12.12
-286312.919    42.634    -8.18    2.98
-285934.961    43.040     1.07    2.26
-285556.944    43.788     1.98    2.06
-285178.867    45.215     3.78    2.57
-284800.730    47.788     6.80    3.51
-284422.533    49.883     5.54    3.61
-284044.277    51.185     3.44    2.93
-283665.960    50.348    -2.21    3.31
-283287.584    48.432    -5.06    2.91
-282909.148    46.607    -4.82    3.12
-282530.653    42.938    -9.69    6.06
-282152.097    39.645    -8.70    6.69
-281773.481    36.459    -8.41    5.55
-281394.806    33.959    -6.60    3.99
-281016.070    32.405    -4.10    4.10
-280637.275    30.026    -6.28    3.14
-280258.419    28.431    -4.21    1.92
-279879.503    28.527     0.25    2.20
-279500.527    28.755     0.60    2.59
-279121.491    28.272    -1.27    3.51
-278742.395    27.031    -3.27    4.15
-278363.239    26.085    -2.49    3.76
-277984.022    25.731    -0.93    3.89
-277604.746    25.774     0.11    4.18
-277226.980    25.320    -1.20    2.75
-276859.265    24.185    -3.09    2.27
-276491.493    22.612    -4.28    3.21
-276123.665    21.651    -2.61    3.05
-275755.781    20.431    -3.31    2.80
-275387.841    19.637    -2.16    3.02
-275019.844    19.112    -1.43    3.45
-274651.791    19.048    -0.17    3.37
-274283.681    19.322     0.74    3.98
-273915.515    20.267     2.57    4.36
-273547.292    22.007     4.72    5.31
-273179.013    21.609    -1.08    7.11
-272810.677    20.555    -2.86    7.79
-272442.285    19.212    -3.64    7.28
-272073.837    19.911     1.90    8.44
-271705.331    25.932    16.33   10.53
-271336.769    33.527    20.60    8.63
-270968.150    38.851    14.44    6.44
-270599.475    42.042     8.66    3.46
-270230.743    42.842     2.17    2.71
-269861.954    42.931     0.24    2.98
-269493.109    43.215     0.77    3.56
-269124.206    43.377     0.44    3.68
-268755.247    43.338    -0.10    3.63
-268386.231    43.404     0.18    3.41
-268017.158    42.738    -1.80    4.29
-267648.028    42.062    -1.83    5.70
-267278.842    41.634    -1.16    7.01
-266909.598    41.349    -0.77    7.99
-266540.297    44.702     9.08   12.62
-266170.939    54.351    26.12   17.57
-265801.525    68.391    38.00   23.62
-265432.053    96.242    75.36   37.02
-265062.524   131.658    95.82   55.20
-264692.938   188.094   152.66   73.82
-264323.295   259.986   194.45   92.84
-263953.594   343.121   224.82  119.52
-263583.837   440.378   262.97  127.54
-263214.022   508.729   184.78  101.47
-262844.150   534.499    69.66   80.96
-262474.221   519.648   -40.14   87.05
-262104.234   484.891   -93.92   87.07
-261734.190   454.310   -82.62   76.50
-261364.089   453.161    -3.10   94.67
-260993.930   447.925   -14.14   99.41
-260623.714   424.253   -63.92  111.10
-260253.441   373.067  -138.21  126.94
-259883.110   307.500  -177.01  112.52
-259512.721   234.085  -198.17   76.19
-259142.275   191.089  -116.04   53.88
-258771.771   159.378   -85.57   35.91
-258401.210   145.890   -36.39   24.24
-258030.591   149.553     9.88   39.32
-257659.915   159.788    27.60   54.24
-257289.181   172.390    33.99   67.42
-256918.389   176.459    10.97   65.00
-256547.539   180.823    11.77   57.02
-256176.632   179.472    -3.64   55.70
-255805.667   173.283   -16.68   67.35
-255434.644   156.617   -44.91   71.54
-255063.563   138.026   -50.09   50.24
-254692.425   144.488    17.41   61.06
-254321.228   211.205   179.70  121.00
-253949.974   288.517   208.20  128.36
-253578.662   326.312   101.77  101.99
-253207.291   355.602    78.85   78.66
-252835.863   381.392    69.42   78.34
-252464.377   430.374   131.82  109.25
-252092.833   468.378   102.27   97.98
-251721.230   479.923    31.06  100.39
-251349.570   454.232   -69.11  123.73
-250977.851   404.174  -134.64  130.62
-250606.074   365.351  -104.40  132.92
-250234.239   324.612  -109.54  109.97
-249862.346   301.472   -62.21   88.03
-249490.394   288.640   -34.49   52.81
-249118.385   303.195    39.12   56.34
-248746.317   310.144    18.67   62.36
-248374.190   300.045   -27.13   71.23
-248002.005   265.226   -93.53   77.67
-247629.762   236.365   -77.52   67.73
-247257.461   217.756   -49.97   43.77
-246885.101   234.918    46.08   68.72
-246512.682   268.594    90.40   90.03
-246140.205   311.823   116.04  103.16
-245767.670   360.256   129.98  110.16
-245395.076   418.796   157.08  125.74
-245022.423   475.932   153.29  117.49
-244649.712   515.607   106.43  104.07
-244276.942   527.998    33.23   94.77
-243904.113   520.223   -20.85  106.14
-243531.226   491.485   -77.05  127.13
-243158.280   418.719  -195.07  134.00
-242785.275   335.605  -222.78  115.78
-242412.212   311.839   -63.69   97.94
-242039.089   290.978   -55.90   65.21
-241665.908   290.666    -0.84   56.92
-241292.668   286.708   -10.60   48.96
-240919.369   275.548   -29.89   39.92
-240546.011   257.607   -48.04   43.11
-240172.594   241.417   -43.35   33.89
-239799.119   235.121   -16.85   41.39
-239425.584   227.199   -21.20   60.54
-239051.990   209.555   -47.22   67.70
-238678.337   185.459   -64.47   54.94
-238304.625   169.760   -42.00   28.55
-237930.854   178.232    22.66   29.08
-237557.023   203.725    68.18   44.11
-237183.134   258.945   147.66   74.96
-236809.185   331.842   194.90  114.77
-236435.177   425.540   250.47  124.75
-236061.110   484.733   158.21   94.35
-235686.984   521.788    99.02   77.73
-235312.798   531.459    25.84   88.49
-234938.552   539.058    20.30  112.54
-234564.248   541.924     7.65  113.41
-234189.884   505.085   -98.38  135.75
-233815.460   424.952  -213.97  155.28
-233440.978   339.885  -227.11  108.27
-233066.435   289.079  -135.62   48.93
-232691.833   308.340    51.41   68.73
-232317.172   345.281    98.58   81.58
-231942.451   359.169    37.05   65.58
-231567.670   385.432    70.06   63.90
-231192.830   420.537    93.64   87.61
-230817.930   458.864   102.21   96.73
-230442.970   499.621   108.67   93.44
-230067.951   531.823    85.85  105.63
-229692.871   557.107    67.40  136.77
-229317.732   602.285   120.41  146.58
-228942.534   653.938   137.64  118.39
-228567.275   656.866     7.80  100.25
-228191.956   617.403  -105.12  104.75
-227816.578   559.418  -154.44  101.46
-227441.140   541.720   -47.13  114.14
-227065.641   547.618    15.70  115.30
-226690.083   555.202    20.19  114.00
-226314.465   572.725    46.64  111.71
-225938.786   566.924   -15.44  107.61
-225563.048   546.829   -53.47  107.24
-225187.249   504.527  -112.54  116.68
-224811.390   435.815  -182.78  116.37
-224435.471   360.810  -199.49   89.90
-224059.492   320.098  -108.26   69.21
-223683.453   286.472   -89.41   11.96
-223307.353   291.445    13.22   25.03
-222931.193   316.840    67.50   52.56
-222554.973   344.445    73.36   55.95
-222178.693   378.932    91.63   48.53
-221802.352   417.318   101.98   36.83
-221425.950   456.925   105.20   75.07
-221049.489   528.556   190.24  103.05
-220672.966   575.900   125.71   94.45
-220296.384   578.486     6.87  101.22
-219919.740   528.208  -133.46  126.07
-219543.037   432.486  -254.06   95.58
-219166.272   386.761  -121.34   78.34
-218789.447   371.742   -39.85   63.10
-218412.562   397.918    69.44   83.94
-218035.615   471.192   194.35  117.23
-217658.608   532.742   163.23  100.24
-217281.540   550.458    46.97   79.55
-216904.412   526.626   -63.18   97.21
-216527.223   467.352  -157.12   88.71
-216149.972   423.859  -115.27   76.98
-215772.661   395.232   -75.86   73.36
-215395.289   370.952   -64.33   58.90
-215017.857   360.609   -27.40   51.58
-214640.363   341.651   -50.21   45.77
-214262.808   326.621   -39.80   41.54
-213885.192   333.688    18.71   55.42
-213507.516   350.864    45.47   70.74
-213129.778   369.577    49.53   70.02
-212751.979   379.026    25.01   66.95
-212374.119   353.393   -67.82   68.44
-211996.198   325.746   -73.14   36.54
-211618.215   330.845    13.49   34.18
-211240.172   361.570    81.26   47.49
-210862.067   396.731    92.97   50.17
-210483.901   439.432   112.89   72.09
-210105.673   480.978   109.82   94.59
-209727.385   505.715    65.38   86.73
-209349.035   532.945    71.96   72.17
-208970.623   530.218    -7.20   62.82
-208592.150   535.005    12.65   66.32
-208213.616   564.392    77.62   75.57
-207835.020   601.959    99.21   96.43
-207456.362   642.618   107.36   94.25
-207077.643   661.359    49.48  100.81
-206698.863   637.978   -61.72  114.29
-206320.021   591.192  -123.48  116.92
-205941.117   552.089  -103.18  117.58
-205562.151   537.500   -38.49  113.08
-205183.124   508.756   -75.82   91.35
-204804.035   468.906  -105.10   79.48
-204424.885   444.269   -64.97   79.46
-204045.672   404.985  -103.58   70.63
-203666.398   360.769  -116.56   62.31
-203287.062   307.672  -139.95   69.76
-202907.664   259.612  -126.65   53.52
-202528.204   227.725   -84.02   26.08
-202159.427   211.487   -44.03   10.66
-201791.829   205.676   -15.81    6.01
-201424.174   206.070     1.07    7.19
-201056.462   220.022    37.94   26.42
-200688.691   259.403   107.06   76.72
-200320.863   326.152   181.43  118.38
-199952.977   387.903   167.83  115.08
-199585.033   437.827   135.66   97.88
-199217.031   453.645    42.98   83.16
-198848.971   483.511    81.13   82.78
-198480.853   523.245   107.92   91.30
-198112.678   585.725   169.67  118.48
-197744.444   653.331   183.56  115.97
-197376.153   738.632   231.57  134.76
-197007.803   831.288   251.50  132.51
-196639.395   852.778    58.32  124.05
-196270.930   850.735    -5.54  133.67
-195902.406   797.405  -144.69  131.84
-195533.824   705.023  -250.60   89.54
-195165.184   648.192  -154.14  104.11
-194796.485   581.348  -181.27   98.00
-194427.729   522.263  -160.20   73.76
-194058.914   472.062  -136.09   43.29
-193690.041   442.091   -81.24   36.67
-193321.109   414.418   -74.99   29.69
-192952.119   392.650   -58.98   25.79
-192583.071   375.765   -45.75   19.50
-192213.965   362.432   -36.12   17.13
-191844.800   350.848   -31.37   16.69
-191475.576   338.858   -32.47   16.51
-191106.294   328.487   -28.08   11.98
-190736.954   319.898   -23.25    8.46
-190367.555   313.825   -16.44    7.96
-189998.097   313.072    -2.04   21.39
-189628.581   318.501    14.69   34.56
-189259.006   318.178    -0.87   38.58
-188889.373   314.600    -9.68   35.72
-188519.681   305.152   -25.55   28.18
-188149.930   297.542   -20.58   22.43
-187780.120   288.152   -25.39   17.88
-187410.252   281.234   -18.70   14.78
-187040.325   274.848   -17.26   13.87
-186670.339   267.751   -19.18   13.38
-186300.294   259.833   -21.39   14.09
-185930.190   251.862   -21.53   11.92
-185560.028   249.432    -6.56   12.48
-185189.806   250.778     3.64   18.70
-184819.526   250.945     0.45   21.70
-184449.186   255.558    12.45   23.39
-184078.788   259.235     9.93   25.78
-183708.330   267.202    21.50   27.91
-183337.814   279.858    34.15   26.29
-182967.238   289.888    27.06   23.29
-182596.603   284.032   -15.80   25.31
-182225.909   277.017   -18.92   24.88
-181855.156   275.787    -3.32   25.09
-181484.343   273.459    -6.28   24.92
-181113.471   267.445   -16.21   26.40
-180742.540   252.093   -41.38   27.50
-180371.550   237.550   -39.19   20.43
-180000.500   228.267   -25.02   14.06
-179629.391   225.812    -6.61    8.68
-179258.223   228.121     6.22   10.08
-178886.995   234.535    17.28   11.21
-178515.707   243.514    24.18   10.00
-178144.361   249.471    16.04    9.60
-177772.954   255.245    15.54    9.77
-177401.488   261.406    16.58   12.01
-177029.963   270.188    23.63   14.70
-176658.378   280.609    28.04   16.91
-176286.733   292.965    33.24   22.51
-175915.029   308.829    42.67   29.26
-175543.265   338.215    79.03   47.44
-175171.441   383.971   123.04   81.58
-174799.557   449.405   175.93  116.26
-174427.614   507.932   157.33  127.74
-174055.611   561.618   144.30  107.64
-173683.548   566.765    13.83   94.49
-173311.425   534.418   -86.91  108.14
-172939.242   480.310  -145.36  125.07
-172567.000   408.274  -193.49  103.52
-172194.697   360.296  -128.85   57.15
-171822.334   344.224   -43.16   40.65
-171449.912   336.629   -20.39   44.64
-171077.429   330.314   -16.95   54.35
-170704.886   321.932   -22.50   67.45
-170332.283   293.645   -75.90   70.89
-169959.620   263.269   -81.50   56.74
-169586.897   239.405   -64.02   33.77
-169214.114   227.389   -32.23   27.35
-168841.270   218.024   -25.11   30.13
-168468.367   202.542   -41.51   36.04
-168095.403   174.314   -75.68   42.38
-167722.378   145.751   -76.56   30.24
-167349.293   131.141   -39.15   16.98
-166976.148   127.584    -9.53    9.14
-166602.943   135.558    21.36   12.35
-166229.677   144.459    23.84   11.97
-165856.350   154.689    27.40   13.38
-165482.964   166.229    30.90   19.30
-165109.516   185.484    51.55   32.75
-164736.008   215.338    79.92   49.71
-164362.440   250.058    92.93   58.84
-163988.810   267.675    47.14   50.56
-163615.121   262.648   -13.45   50.87
-163241.370   242.538   -53.80   44.48
-162867.559   220.300   -59.48   33.81
-162493.687   196.129   -64.64   23.07
-162119.755   181.312   -39.62   24.78
-161745.761   166.770   -38.88   20.36
-161371.707   156.885   -26.42   13.20
-160997.592   151.588   -14.16    9.99
-160623.416   148.891    -7.21    7.66
-160249.179   147.176    -4.58    8.60
-159874.881   146.966    -0.56   12.57
-159500.522   149.853     7.71   19.23
-159126.102   153.903    10.82   24.91
-158751.621   159.971    16.20   27.79
-158377.080   164.902    13.16   28.84
-158002.477   165.818     2.45   24.20
-157627.812   163.902    -5.11   19.19
-157253.087   160.892    -8.03   14.66
-156878.301   157.513    -9.02   13.01
-156503.453   156.287    -3.27   18.12
-156128.544   155.818    -1.25   25.15
-155753.574   154.253    -4.17   26.71
-155378.542   149.580   -12.46   27.80
-155003.450   143.874   -15.21   24.08
-154628.295   137.912   -15.89   20.57
-154253.080   132.232   -15.14   18.26
-153877.803   124.043   -21.82   17.28
-153502.464   116.182   -20.94   16.94
-153127.064   106.800   -24.99   13.32
-152751.603   100.098   -17.85    8.37
-152376.080    96.364    -9.94    2.47
-152000.495    95.403    -2.56    1.01
-151624.849    95.471     0.18    1.19
-151249.141    95.917     1.19    1.30
-150873.371    96.142     0.60    1.03
-150497.540    96.140    -0.01    1.03
-150121.647    94.804    -3.55    2.85
-149745.692    92.553    -5.99    3.81
-149369.676    90.894    -4.41    3.49
-148993.597    91.272     1.00    5.63
-148617.457    97.146    15.62   14.60
-148241.255   106.327    24.40   18.89
-147864.991   118.221    31.61   22.17
-147488.665   134.840    44.15   25.38
-147112.277   151.872    45.25   27.60
-146735.827   166.130    37.87   23.36
-146359.315   175.018    23.60   24.32
-145982.741   184.578    25.38   28.61
-145606.105   190.281    15.14   29.34
-145229.406   198.692    22.33   26.23
-144852.646   206.376    20.39   21.39
-144475.823   211.812    14.43   22.73
-144098.938   222.796    29.14   25.50
-143721.991   231.065    21.93   31.51
-143344.981   231.058    -0.02   32.89
-142967.909   241.601    27.96   39.23
-142590.775   259.276    46.86   43.04
-142213.579   271.432    32.22   39.44
-141836.320   277.485    16.04   43.29
-141458.998   270.858   -17.56   54.19
-141081.614   252.512   -48.61   56.75
-140704.168   230.632   -57.96   49.19
-140326.659   227.827    -7.43   46.24
-139949.087   234.487    17.64   54.07
-139571.453   243.622    24.19   64.43
-139193.756   250.334    17.77   69.91
-138815.997   264.983    38.77   74.03
-138438.174   285.148    53.37   69.94
-138060.289   312.035    71.14   63.74
-137682.342   318.221    16.37   54.41
-137304.331   308.511   -25.69   57.94
-136926.258   302.562   -15.73   53.73
-136548.122   296.705   -15.49   41.43
-136169.922   293.392    -8.76   47.91
-135791.660   269.218   -63.90   66.67
-135413.335   221.261  -126.75   70.72
-135034.948   168.459  -139.53   50.39
-134656.497   134.758   -89.04   36.92
-134277.982   111.431   -61.62   27.94
-133899.405    94.358   -45.09   21.95
-133520.765    79.837   -38.34   14.47
-133142.062    70.278   -25.24   11.77
-132763.295    62.077   -21.65   10.30
-132384.465    54.770   -19.29    8.73
-132005.572    47.991   -17.89    8.22
-131626.616    41.765   -16.43    7.40
-131247.596    35.742   -15.89    6.45
-130868.513    31.072   -12.32    4.90
-130489.367    26.978   -10.80    4.55
-130110.157    23.348    -9.57    3.76
-129730.884    19.825    -9.29    4.22
-129351.547    16.661    -8.34    3.68
-128972.147    14.167    -6.57    3.15
-128592.684    12.314    -4.88    1.86
-128213.156    11.783    -1.40    1.26
-127833.565    11.445    -0.89    0.00
-127461.925    11.445     0.00    0.00
-127094.511    11.445     0.00    0.00
-126727.038    11.445     0.00    0.00
-126359.506    11.406    -0.11    0.38
-125991.915    13.198     4.88    4.90
-125624.264    19.872    18.15   12.35
-125256.554    30.077    27.75   17.45
-124888.785    47.725    47.98   23.91
-124520.957    69.573    59.39   33.08
-124153.069   100.708    84.62   40.08
-123785.122   124.965    65.92   33.48
-123417.116   144.445    52.93   26.17
-123049.050   156.261    32.10   35.48
-122680.925   165.024    23.80   44.87
-122312.740   171.188    16.74   40.53
-121944.495   147.129   -65.33   55.63
-121576.192   108.900  -103.79   69.47
-121207.828    61.325  -129.14   56.40
-120839.405    31.977   -79.65   30.49
-120470.922    16.580   -41.78    6.66
-120102.380    13.597    -8.09    3.02
-119733.778    12.621    -2.65    2.35
-119365.116    11.676    -2.56    0.62
-118996.394    11.498    -0.48    0.28
-118627.613    11.445    -0.14    0.00
-118258.772    11.445     0.00    0.00
-117889.871    11.445     0.00    0.00
-117520.910    11.445     0.00    0.00
-117151.889    11.445     0.00    0.00
-116782.809    11.445     0.00    0.00
-116413.668    11.445     0.00    0.00
-116044.467    11.292    -0.41    0.49
-115675.207    11.058    -0.64    0.70
-115305.886    10.979    -0.21    0.75
-114936.505    10.945    -0.09    0.70
-114567.064    10.911    -0.09    0.75
-114197.563    10.616    -0.80    0.84
-113828.002    10.274    -0.93    0.80
-113458.381    10.129    -0.39    0.84
-113088.699     9.705    -1.15    0.85
-112718.957     9.536    -0.46    0.81
-112349.155     9.185    -0.95    0.82
-111979.292     8.695    -1.32    0.63
-111609.369     8.403    -0.79    0.59
-111239.386     8.002    -1.08    0.55
-110869.343     7.723    -0.75    0.45
-110499.238     7.577    -0.39    0.34
-110129.074     7.418    -0.43    0.23
-109758.849     7.263    -0.42    0.58
-109388.563     6.999    -0.71    0.91
-109018.217     6.379    -1.67    1.21
-108647.810     5.675    -1.90    1.24
-108277.343     5.015    -1.78    1.21
-107906.815     4.472    -1.46    0.98
-107536.226     3.933    -1.46    1.20
-107165.577     3.245    -1.85    1.70
-106794.867     2.381    -2.33    2.19
-106424.096     1.752    -1.70    2.13
-106053.264     1.498    -0.68    1.78
-105682.372     0.582    -2.47    1.80
-105311.418    -0.368    -2.56    1.83
-104940.404    -1.422    -2.84    1.36
-104569.329    -2.029    -1.64    1.03
-104198.193    -2.109    -0.21    1.01
-103826.995    -1.880     0.62    1.45
-103455.737    -1.866     0.04    1.55
-103084.418    -1.947    -0.22    1.51
-102713.038    -2.315    -0.99    0.84
-102341.596    -1.957     0.96    1.44
-101970.094    -0.371     4.27    3.73
-101598.530     1.698     5.57    5.09
-101226.905     3.471     4.77    5.44
-100855.219     4.588     3.00    5.79
-100483.472     5.011     1.14    5.61
-100111.663     5.116     0.28    4.86
 -99739.793     5.827     1.91    3.79
 -99367.862     6.978     3.09    3.18
 -98995.869     8.564     4.26    2.66
 -98623.815     9.276     1.92    2.43
 -98251.700    10.304     2.76    1.64
 -97879.523    10.894     1.58    0.91
 -97507.284    11.240     0.93    0.44
 -97134.984    11.330     0.24    0.32
 -96762.622    11.250    -0.21    0.54
 -96390.199    10.658    -1.59    1.42
 -96017.714     9.291    -3.67    2.80
 -95645.168     7.698    -4.28    3.43
 -95272.560     5.445    -6.05    2.73
 -94899.890     4.050    -3.74    1.07
 -94527.158     4.393     0.92    1.78
 -94154.364     5.840     3.88    2.84
 -93781.509     8.085     6.02    3.47
 -93408.592    10.156     5.55    3.35
 -93035.613    10.599     1.19    3.10
 -92662.572     9.391    -3.24    3.95
 -92289.469     6.495    -7.76    4.29
 -91916.304     3.362    -8.40    2.80
 -91543.078     1.432    -5.17    2.27
 -91169.789    -0.136    -4.20    1.71
 -90796.438    -1.121    -2.64    1.68
 -90423.025    -1.833    -1.91    1.54
 -90049.550    -2.321    -1.31    1.76
 -89676.012    -3.089    -2.06    2.52
 -89302.413    -4.196    -2.96    2.72
 -88928.751    -5.095    -2.41    2.42
 -88555.027    -5.892    -2.13    1.40
 -88181.241    -5.960    -0.18    0.99
 -87807.392    -5.985    -0.07    0.87
 -87433.481    -6.008    -0.06    0.81
 -87059.508    -5.709     0.80    0.91
 -86685.472    -5.633     0.20    1.00
 -86311.374    -5.978    -0.92    1.18
 -85937.214    -6.606    -1.68    1.44
 -85562.991    -7.113    -1.36    1.32
 -85188.705    -7.502    -1.04    0.94
 -84814.357    -7.660    -0.42    0.64
 -84439.946    -7.438     0.59    0.67
 -84065.472    -7.042     1.06    0.90
 -83690.936    -6.555     1.30    1.18
 -83316.337    -6.217     0.90    1.23
 -82941.676    -6.502    -0.76    1.41
 -82566.952    -7.113    -1.63    1.44
 -82192.164    -7.634    -1.39    1.30
 -81817.314    -8.028    -1.05    0.83
 -81442.402    -8.067    -0.11    0.66
 -81067.426    -7.902     0.44    0.48
 -80692.387    -7.705     0.53    0.42
 -80317.286    -7.393     0.83    0.78
 -79942.121    -6.722     1.79    1.41
 -79566.894    -5.960     2.03    1.51
 -79191.603    -5.633     0.87    1.35
 -78816.250    -5.397     0.63    1.11
 -78440.833    -5.260     0.36    1.07
 -78065.353    -5.068     0.51    0.97
 -77689.810    -4.732     0.89    0.78
 -77314.203    -4.436     0.79    0.46
 -76938.534    -4.334     0.27    0.42
 -76562.801    -4.308     0.07    0.43
 -76187.005    -4.350    -0.11    0.49
 -75811.145    -4.479    -0.34    0.55
 -75435.223    -4.685    -0.55    0.47
 -75059.236    -4.747    -0.17    0.40
 -74683.187    -4.568     0.48    0.48
 -74307.074    -4.355     0.57    0.58
 -73930.897    -4.263     0.24    0.57
 -73554.657    -4.314    -0.14    0.54
 -73178.353    -4.487    -0.46    0.53
 -72801.986    -4.700    -0.56    0.69
 -72425.555    -4.801    -0.27    0.83
 -72049.060    -4.763     0.10    0.69
 -71672.502    -4.700     0.17    0.42
 -71295.880    -4.670     0.08    0.46
 -70919.194    -4.673    -0.01    0.49
 -70542.444    -4.747    -0.20    0.49
 -70165.631    -4.742     0.01    0.43
 -69788.754    -4.633     0.29    0.31
 -69411.812    -4.555     0.21    0.00
 -69034.807    -4.516     0.10    0.19
 -68657.738    -4.321     0.52    0.43
 -68280.605    -4.081     0.64    0.50
 -67903.408    -3.808     0.72    0.44
 -67526.147    -3.610     0.53    0.23
 -67148.822    -3.555     0.15    0.00
 -66771.432    -3.596    -0.11    0.20
 -66393.979    -3.669    -0.19    0.32
 -66016.461    -3.758    -0.24    0.40
 -65638.879    -3.750     0.02    0.43
 -65261.233    -3.606     0.38    0.48
 -64883.523    -3.425     0.48    0.50
 -64505.748    -3.412     0.03    0.39
 -64127.909    -3.397     0.04    0.40
 -63750.005    -3.286     0.29    0.50
 -63372.037    -3.134     0.40    0.70
 -62994.005    -2.593     1.43    1.39
 -62615.908    -1.792     2.12    1.90
 -62237.747    -0.698     2.89    1.99
 -61859.521     0.349     2.77    1.69
 -61481.230     1.073     1.91    1.23
 -61102.875     1.729     1.73    0.82
 -60724.455     2.183     1.20    0.69
 -60345.971     2.618     1.15    0.62
 -59967.421     3.002     1.01    0.52
 -59588.807     3.237     0.62    0.41
 -59210.129     3.266     0.07    0.39
 -58831.385     3.154    -0.29    0.46
 -58452.577     3.009    -0.38    0.50
 -58073.703     2.881    -0.34    0.55
 -57694.765     2.792    -0.24    0.60
 -57315.762     2.670    -0.32    0.67
 -56936.694     2.445    -0.59    0.83
 -56557.561     1.945    -1.32    1.04
 -56178.362     1.294    -1.72    1.08
 -55799.099     0.497    -2.10    1.22
 -55419.770    -0.132    -1.66    1.54
 -55040.377    -0.388    -0.68    1.80
 -54660.918    -0.451    -0.17    2.07
 -54281.394    -0.081     0.97    2.16
 -53901.805     0.211     0.77    2.11
 -53522.150     0.445     0.62    2.05
 -53142.430     0.535     0.24    1.94
 -52767.656     0.835     0.80    1.95
 -52400.430     1.510     1.84    1.99
 -52033.142     1.939     1.17    2.16
 -51665.795     2.740     2.18    1.50
 -51298.386     2.866     0.34    1.17
 -50930.917     0.970    -5.16    2.98
 -50563.387    -0.963    -5.26    3.27
 -50195.796    -2.906    -5.28    2.35
 -49828.145    -3.922    -2.76    0.70
 -49460.432    -3.935    -0.03    0.49
 -49092.659    -3.630     0.83    0.57
 -48724.825    -2.978     1.77    0.88
 -48356.930    -2.337     1.74    1.23
 -47988.974    -1.279     2.88    1.70
 -47620.957    -0.137     3.10    2.09
 -47252.879     0.861     2.71    2.06
 -46884.740     0.640    -0.60    2.35
 -46516.540    -0.209    -2.30    2.60
 -46148.279    -1.427    -3.31    2.18
 -45779.957    -2.555    -3.06    1.06
 -45411.573    -3.061    -1.37    0.50
 -45043.129    -3.217    -0.42    0.55
 -44674.623    -2.855     0.98    1.34
 -44306.056    -2.200     1.78    2.12
 -43937.427    -2.068     0.36    2.23
 -43568.737    -2.298    -0.63    2.10
 -43199.986    -2.760    -1.25    1.48
 -42831.174    -3.035    -0.75    0.91
 -42462.300    -3.005     0.08    0.91
 -42093.365    -3.168    -0.44    0.75
 -41724.368    -3.467    -0.81    0.28
 -41355.309    -3.555    -0.24    0.00
 -40986.190    -3.555     0.00    0.00
 -40617.008    -3.555     0.00    0.00
 -40247.765    -3.555     0.00    0.00
 -39878.460    -3.528     0.07    0.16
 -39509.094    -3.530    -0.01    0.16
 -39139.666    -3.527     0.01    0.17
 -38770.176    -3.530    -0.01    0.16
 -38400.625    -3.555    -0.07    0.00
 -38031.012    -3.401     0.42    0.36
 -37661.337    -3.244     0.42    0.47
 -37291.600    -2.815     1.16    0.71
 -36921.801    -2.190     1.69    0.88
 -36551.940    -1.367     2.22    1.22
 -36182.017    -0.930     1.18    1.07
 -35812.033    -0.317     1.66    1.61
 -35441.986    -0.001     0.86    1.92
 -35071.877    -0.438    -1.18    2.22
 -34701.707    -1.136    -1.89    2.63
 -34331.474    -2.542    -3.80    2.44
 -33961.179    -4.149    -4.34    1.41
 -33590.822    -5.073    -2.49    1.13
 -33220.402    -5.733    -1.78    0.95
 -32849.921    -6.117    -1.04    0.57
 -32479.377    -6.055     0.17    0.50
 -32108.771    -5.880     0.47    0.47
 -31738.102    -5.702     0.48    0.36
 -31367.371    -5.580     0.33    0.16
 -30996.578    -5.528     0.14    0.16
 -30625.723    -5.480     0.13    0.27
 -30254.805    -5.285     0.53    0.45
 -29883.824    -5.080     0.55    0.50
 -29512.781    -4.947     0.36    0.49
 -29141.675    -4.919     0.08    0.48
 -28770.507    -4.771     0.40    0.41
 -28399.276    -4.780    -0.02    0.42
 -28027.983    -4.866    -0.23    0.47
 -27656.627    -4.789     0.21    0.43
 -27285.208    -4.717     0.19    0.37
 -26913.726    -4.780    -0.17    0.55
 -26542.182    -4.950    -0.46    0.75
 -26170.575    -4.893     0.15    0.88
 -25798.905    -4.690     0.54    1.00
 -25427.172    -4.442     0.67    0.81
 -25055.377    -4.144     0.80    0.57
 -24683.518    -3.880     0.71    0.69
 -24311.596    -3.866     0.04    0.72
 -23939.612    -3.846     0.05    0.68
 -23567.564    -3.989    -0.38    0.66
 -23195.453    -4.200    -0.57    0.53
 -22823.280    -4.342    -0.38    0.44
 -22451.043    -4.467    -0.34    0.40
 -22078.743    -4.542    -0.20    0.26
 -21706.379    -4.555    -0.04    0.00
 -21333.953    -4.568    -0.04    0.12
 -20961.463    -4.568     0.00    0.11
 -20588.910    -4.555     0.03    0.00
 -20216.294    -4.555     0.00    0.00
 -19843.614    -4.555     0.00    0.00
 -19470.871    -4.555     0.00    0.00
 -19098.065    -4.355     0.54    0.62
 -18725.195    -3.859     1.33    1.28
 -18352.261    -2.760     2.95    2.03
 -17979.264    -0.792     5.28    3.86
 -17606.204     2.496     8.82    5.46
 -17233.080     5.458     7.94    5.06
 -16859.892     8.366     7.79    3.49
 -16486.641    10.740     6.36    3.26
 -16113.326    12.718     5.30    3.93
 -15739.947    14.383     4.46    3.40
 -15366.504    15.235     2.28    2.73
 -14992.998    14.708    -1.41    2.95
 -14619.428    13.073    -4.37    2.61
 -14245.794    12.055    -2.72    1.72
 -13872.097    12.648     1.58    2.20
 -13498.335    13.676     2.75    2.43
 -13124.509    15.125     3.88    2.34
 -12750.620    16.205     2.89    1.76
 -12376.666    16.394     0.51    1.34
 -12002.648    16.642     0.66    1.25
 -11628.567    17.158     1.38    1.09
 -11254.421    17.827     1.79    0.97
 -10880.211    19.145     3.52    2.33
 -10505.937    21.605     6.57    4.40
 -10131.598    25.627    10.74    5.70
  -9757.196    29.918    11.46    5.06
  -9382.729    33.858    10.52    3.87
  -9008.198    36.080     5.93    4.02
  -8633.602    36.507     1.14    4.60
  -8258.942    34.675    -4.89    6.46
  -7884.218    29.220   -14.56    8.35
  -7509.429    22.081   -19.05   10.07
  -7134.576    14.853   -19.28   10.82
  -6759.658     7.721   -19.02    7.20
  -6384.676     3.445   -11.40    2.99
  -6009.629     1.753    -4.51    1.14
  -5634.518     0.698    -2.81    1.45
  -5259.341    -0.707    -3.75    1.60
  -4884.101    -1.851    -3.05    1.42
  -4508.795    -2.717    -2.31    0.93
  -4133.425    -3.162    -1.19    0.56
  -3757.990    -3.401    -0.64    0.36
  -3382.490    -3.478    -0.20    0.27
  -3006.925    -3.542    -0.17    0.11
  -2631.296    -3.555    -0.03    0.00
  -2255.601    -3.580    -0.07    0.16
  -1879.842    -4.412    -2.21    1.89
  -1504.017    -6.417    -5.34    3.29
  -1128.128    -8.489    -5.51    3.31
   -752.174   -10.330    -4.90    2.18
   -376.154    -8.609     4.58    8.76
     -0.069     1.043    25.66   22.17
    376.081    21.419    54.17   38.80
    752.296    43.595    58.95   40.65
   1128.576    57.538    37.06   32.27
   1504.921    61.045     9.32   24.04
   1881.332    49.524   -30.61   23.95
   2257.808    34.686   -39.41   15.88
   2634.350    24.888   -26.02   11.62
   3010.956    24.320    -1.51   12.66
   3387.629    26.637     6.15   13.70
   3764.366    30.653    10.66   12.30
   4141.170    34.509    10.23    8.40
   4518.038    32.945    -4.15    6.97
   4894.973    30.895    -5.44    6.77
   5271.973    28.192    -7.17    7.25
   5649.038    23.108   -13.48    8.92
   6026.169    17.248   -15.54    8.60
   6403.366    14.908    -6.20    6.97
   6780.629    14.580    -0.87    7.02
   7157.957    17.877     8.74    7.35
   7535.351    21.912    10.69    3.45
   7912.812    22.320     1.08    3.12
   8290.337    21.642    -1.79    4.48
   8667.929    19.120    -6.68    6.96
   9045.587    17.048    -5.49    7.49
   9423.311    13.572    -9.20    8.80
   9801.101     7.293   -16.62    8.89
  10178.956     2.507   -12.67    7.71
  10556.878    -2.405   -13.00    3.99
  10934.866    -5.260    -7.55    3.18
  11312.920    -7.430    -5.74    2.80
  11691.041    -8.996    -4.14    1.96
  12069.227    -9.867    -2.30    1.19
  12447.480   -10.256    -1.03    0.71
  12825.799   -10.442    -0.49    0.48
  13204.185   -10.433     0.02    0.47
  13582.637   -10.419     0.04    0.61
  13961.155   -10.393     0.07    0.74
  14339.739   -10.283     0.29    1.39
  14718.390   -10.251     0.09    1.33
  15097.108    -8.855     3.69    5.13
  15475.892    -4.580    11.29   10.98
  15854.743     4.189    23.15   19.34
  16233.660    17.484    35.09   22.14
  16612.644    23.800    16.67   18.71
  16991.695    23.344    -1.20   17.17
  17370.812    15.293   -21.24   17.12
  17749.996     6.791   -22.42    9.19
  18129.247     3.715    -8.11    3.97
  18508.565     7.701    10.51    8.71
  18887.949    12.094    11.58   12.20
  19267.401    20.532    22.24   14.48
  19646.919    28.812    21.82   12.39
  20026.505    30.800     5.24   10.51
  20406.157    28.825    -5.20   10.27
  20785.876    22.708   -16.11   13.62
  21165.663    13.522   -24.19   14.56
  21545.516     6.698   -17.96   10.12
  21923.699     4.020    -7.08    7.56
  22290.731     4.545     1.43    7.90
  22657.825     3.027    -4.13    7.94
  23024.981     0.317    -7.38    7.16
  23392.200    -3.363   -10.02    4.04
  23759.480    -4.802    -3.92    2.38
  24126.823    -4.740     0.17    2.39
  24494.228    -3.530     3.29    3.18
  24861.695     0.040     9.72    6.77
  25229.225     5.570    15.05   12.34
  25596.817    20.496    40.61   24.94
  25964.472    42.583    60.07   38.10
  26332.188    83.572   111.47   55.16
  26699.968   139.099   150.98   77.16
  27067.810   198.666   161.94   73.94
  27435.714   229.433    83.63   60.09
  27803.681   235.072    15.33   67.83
  28171.711   205.285   -80.94   75.60
  28539.803   153.471  -140.76   63.47
  28907.958   120.358   -89.95   45.82
  29276.175   104.577   -42.86   43.76
  29644.456    80.295   -65.93   41.35
  30012.799    60.379   -54.07   40.66
  30381.205    41.124   -52.27   32.11
  30749.673    24.721   -44.52   21.42
  31118.205    15.306   -25.55   12.76
  31486.800    10.695   -12.51    9.64
  31855.457     7.545    -8.54    7.43
  32224.177     5.952    -4.32    6.08
  32592.961     5.133    -2.22    4.37
  32961.807     3.926    -3.27    3.02
  33330.716     3.189    -2.00    1.64
  33699.689     3.137    -0.14    1.34
  34068.724     7.383    11.50   10.05
  34437.823    14.522    19.34   17.11
  34806.985    24.620    27.35   19.70
  35176.210    33.633    24.41   18.73
  35545.499    40.569    18.78   16.73
  35914.850    47.217    18.00   18.66
  36284.266    53.698    17.54   23.55
  36653.744    53.189    -1.38   24.95
  37023.286    52.970    -0.59   23.87
  37392.891    49.964    -8.13   20.23
  37762.559    48.692    -3.44   17.39
  38132.292    51.593     7.85   17.63
  38502.087    58.458    18.56   20.99
  38871.946    60.009     4.19   25.98
  39241.869    58.457    -4.19   29.67
  39611.855    51.803   -17.99   28.89
  39981.905    48.173    -9.81   29.47
  40352.019    45.783    -6.46   34.13
  40722.196    45.009    -2.09   38.54
  41092.438    43.933    -2.91   38.45
  41462.742    47.394     9.35   35.32
  41833.111    51.877    12.10   29.03
  42203.544    53.120     3.36   24.15
  42574.040    46.633   -17.51   25.67
  42944.601    32.727   -37.53   29.09
  43315.225    16.645   -43.39   24.01
  43685.913     1.913   -39.74   12.71
  44056.665    -4.246   -16.61    6.33
  44427.482    -7.017    -7.47    1.32
  44798.362    -7.442    -1.15    0.45
  45169.307    -7.491    -0.13    0.29
  45540.315    -7.518    -0.07    0.19
  45911.388    -7.542    -0.07    0.11
  46282.525    -7.530     0.03    0.16
  46653.726    -7.061     1.26    1.91
  47024.992    -6.180     2.37    4.04
  47396.322    -5.093     2.93    5.66
  47767.716    -4.667     1.15    6.11
  48139.175    -5.757    -2.93    4.26
  48510.698    -6.266    -1.37    1.94
  48882.285    -5.755     1.37    1.42
  49253.937    -5.267     1.31    1.34
  49625.654    -4.755     1.38    1.00
  49997.435    -4.728     0.07    0.86
  50369.280    -4.783    -0.15    1.01
  50741.190    -4.628     0.42    1.52
  51113.165    -4.403     0.61    1.77
  51485.205    -4.267     0.36    2.02
  51857.309    -4.205     0.17    2.16
  52229.478    -4.323    -0.32    2.16
  52601.712    -4.117     0.55    2.56
  52974.011    -3.945     0.46    2.73
  53346.374    -3.952    -0.02    3.40
  53718.802    -4.580    -1.69    3.57
  54091.296    -5.567    -2.65    3.44
  54463.854    -6.617    -2.82    2.53
  54836.477    -6.629    -0.03    1.82
  55209.165    -6.017     1.64    1.66
  55581.919    -5.238     2.09    1.30
  55954.737    -4.680     1.50    0.43
  56327.621    -4.617     0.17    0.24
  56700.569    -4.604     0.03    0.22
  57073.583    -4.580     0.07    0.16
  57446.662    -4.568     0.03    0.11
  57819.807    -4.593    -0.07    0.19
  58193.016    -4.617    -0.06    0.24
  58566.291    -4.604     0.03    0.22
  58939.632    -4.555     0.13    0.00
  59313.038    -4.555     0.00    0.00
  59686.509    -4.568    -0.03    0.11
  60060.046    -4.555     0.03    0.00
  60433.648    -4.555     0.00    0.00
  60807.315    -3.197     3.63    3.06
  61181.049    -1.442     4.69    4.69
  61554.848     0.583     5.42    5.88
  61928.712     1.317     1.96    6.55
  62302.643     0.025    -3.45    6.73
  62676.639    -2.340    -6.32    4.60
  63050.700    -3.567    -3.28    3.06
  63424.828    -3.919    -0.94    2.40
  63799.021    -3.317     1.61    1.96
  64173.280    -2.765     1.47    1.64
  64547.605    -3.147    -1.02    2.02
  64921.996    -2.919     0.61    2.23
  65296.453    -2.925    -0.02    2.11
  65670.976    -2.423     1.34    2.02
  66045.565    -1.555     2.32    1.32
  66420.220    -1.213     0.91    1.11
  66794.941    -1.699    -1.30    1.81
  67169.729    -2.752    -2.81    2.37
  67544.582    -3.049    -0.79    2.52
  67919.502    -3.074    -0.07    2.68
  68294.487    -2.579     1.32    2.29
  68669.540    -1.681     2.39    0.94
  69044.658    -2.098    -1.11    0.87
  69419.843    -2.732    -1.69    1.16
  69795.094    -3.030    -0.79    1.25
  70170.412    -3.017     0.03    1.21
  70545.796    -2.738     0.74    0.80
  70921.246    -2.543     0.52    0.19
  71296.763    -2.567    -0.07    0.30
  71672.347    -3.289    -1.92    1.66
  72047.997    -4.567    -3.40    2.32
  72423.714    -5.957    -3.70    2.16
  72799.498    -6.851    -2.38    1.61
  73175.348    -6.811     0.11    1.71
  73551.265    -5.242     4.17    2.84
  73927.248    -3.892     3.59    2.79
  74303.299    -3.479     1.10    2.43
  74679.416    -3.760    -0.75    2.18
  75055.601    -4.454    -1.84    2.04
  75431.852    -4.855    -1.07    2.06
  75808.170    -4.397     1.22    2.23
  76184.555    -3.876     1.38    2.22
  76561.007    -3.363     1.36    2.19
  76937.526    -3.370    -0.02    2.38
  77314.113    -3.422    -0.14    2.51
  77690.766    -2.942     1.27    2.67
  78067.486    -3.049    -0.28    2.58
  78444.274    -3.398    -0.93    2.15
  78821.129    -3.656    -0.68    1.65
  79198.052    -3.975    -0.85    1.02
  79575.041    -3.875     0.26    0.63
  79952.098    -4.259    -1.02    1.04
  80329.222    -4.666    -1.08    1.45
  80706.414    -4.945    -0.74    1.76
  81083.673    -4.567     1.00    3.15
  81461.000    -0.830     9.91    8.43
  81838.394     6.630    19.77   12.72
  82215.856    11.458    12.79   12.03
  82593.385    13.048     4.21   11.34
  82970.982    10.008    -8.05   12.35
  83348.647     3.783   -16.48    7.57
  83726.379     1.406    -6.29    3.83
  84104.180     3.099     4.48    4.17
  84482.048     7.328    11.19    6.02
  84859.983    13.055    15.15    8.12
  85237.987    19.971    18.30    9.82
  85616.058    27.939    21.08   12.75
  85994.198    38.850    28.86   14.29
  86372.405    47.794    23.65   15.06
  86750.681    58.095    27.23   17.87
  87129.024    68.183    26.66   21.21
  87507.436    80.593    32.80   22.99
  87885.915    91.994    30.12   21.64
  88264.463   100.189    21.65   17.82
  88643.079   107.655    19.72   16.73
  89021.763   116.845    24.27   25.14
  89400.515   128.445    30.63   31.44
  89779.336   149.088    54.50   34.53
  90158.225   167.575    48.80   32.85
  90537.183   181.457    36.64   32.90
  90916.209   186.800    14.10   33.11
  91295.303   194.640    20.68   31.97
  91674.466   210.040    40.62   31.55
  92053.697   222.409    32.62   34.61
  92432.997   226.045     9.59   33.73
  92812.365   224.533    -3.99   38.13
  93191.802   220.717   -10.06   45.69
  93571.308   199.457   -56.02   45.93
  93950.882   183.860   -41.10   50.09
  94330.526   167.803   -42.30   53.98
  94710.238   146.945   -54.94   48.72
  95090.018   126.145   -54.77   41.40
  95469.868   104.529   -56.91   35.08
  95849.787    85.575   -49.89   29.77
  96229.774    68.848   -44.02   20.95
  96609.831    55.774   -34.40   14.59
  96978.496    44.994   -29.24   12.39
  97345.394    36.817   -22.29    9.10
  97712.355    32.914   -10.64    6.59
  98079.380    45.224    33.54   34.10
  98446.468    73.921    78.18   52.18
  98813.621    94.266    55.42   46.43
  99180.837    97.349     8.40   37.18
  99548.117    92.633   -12.84   31.13
  99915.461    90.643    -5.42   27.96
 100282.869   114.618    65.26   41.73
 100650.341   153.517   105.87   47.45
 101017.877   184.667    84.76   46.15
 101385.477   204.933    55.13   33.97
 101753.141   207.534     7.07   32.64
 102120.869   192.643   -40.50   38.64
 102488.661   173.518   -52.00   40.07
 102856.517   144.828   -78.00   35.81
 103224.438   120.373   -66.47   30.69
 103592.423   104.812   -42.29   21.21
 103960.472   102.285    -6.87   16.14
 104328.585   113.281    29.87   23.02
 104696.763   133.517    54.97   30.54
 105065.005   159.208    69.77   38.47
 105433.311   178.720    52.98   41.00
 105801.682   202.787    65.34   44.75
 106170.117   224.421    58.72   49.82
 106538.617   258.224    91.74   57.69
 106907.182   284.811    72.14   53.89
 107275.811   284.011    -2.17   63.74
 107644.504   260.211   -64.56   72.34
 108013.262   221.304  -105.52   58.93
 108382.085   191.872   -79.81   38.96
 108750.973   174.224   -47.84   32.63
 109119.925   156.778   -47.29   28.56
 109488.942   144.116   -34.32   22.16
 109858.024   148.554    12.02   29.82
 110227.171   160.581    32.58   38.63
 110596.383   175.370    40.06   35.67
 110965.659   181.334    16.15   29.35
 111335.001   176.144   -14.05   29.86
 111704.407   167.272   -24.02   28.37
 112073.879   158.766   -23.02   30.93
 112443.415   158.408    -0.97   35.18
 112813.017   156.140    -6.14   40.34
 113182.684   152.186   -10.70   42.24
 113552.416   150.652    -4.15   40.27
 113922.213   151.648     2.69   34.40
 114292.075   143.136   -23.01   26.84
 114662.003   137.433   -15.42   23.87
 115031.996   127.848   -25.91   21.05
 115402.054   126.104    -4.71   22.64
 115772.177   127.853     4.73   22.62
 116142.366   127.204    -1.75   25.59
 116512.621   125.618    -4.28   25.60
 116882.941   123.457    -5.84   24.42
 117253.326   110.285   -35.57   30.34
 117623.777    88.778   -58.06   41.17
 117994.293    61.270   -74.25   34.33
 118364.876    46.023   -41.15   22.35
 118735.523    38.038   -21.55    9.59
 119106.237    40.133     5.65    9.82
 119477.016    47.729    20.49   13.12
 119847.861    58.516    29.09   20.87
 120218.771    73.433    40.22   28.97
 120589.748    88.692    41.14   31.08
 120960.790    98.496    26.42   27.50
 121331.898    96.528    -5.30   24.75
 121703.072    86.762   -26.32   21.79
 122074.313    79.811   -18.72   19.13
 122445.619    76.368    -9.27   18.09
 122816.991    84.628    22.24   25.45
 123188.429    98.676    37.82   30.33
 123559.933   120.647    59.15   39.08
 123931.504   147.408    72.03   35.91
 124303.140   158.420    29.64   29.54
 124674.843   163.344    13.25   29.26
 125046.612   164.433     2.93   30.70
 125418.447   165.774     3.61   28.72
 125790.349   176.087    27.73   28.08
 126162.317   173.830    -6.07   30.47
 126534.351   166.517   -19.66   31.79
 126906.452   155.099   -30.69   32.66
 127278.619   143.884   -30.14   29.56
 127650.853   132.159   -31.50   23.93
 128023.153   127.814   -11.67   22.64
 128395.520   134.958    19.19   25.91
 128767.953   153.030    48.53   46.56
 129140.453   170.471    46.83   61.51
 129513.020   179.811    25.07   64.01
 129885.653   179.317    -1.33   60.96
 130258.353   172.505   -18.28   51.61
 130631.120   164.762   -20.77   38.34
 131003.954   166.067     3.50   31.86
 131376.855   180.791    39.49   29.93
 131749.822   198.069    46.33   26.85
 132122.857   212.633    39.05   31.78
 132495.958   230.692    48.41   30.76
 132869.126   246.345    41.95   37.92
 133242.362   262.598    43.55   51.67
 133615.664   272.858    27.49   57.05
 133989.034   286.482    36.49   59.59
 134362.470   316.770    81.11   70.07
 134735.974   340.233    62.83   66.79
 135109.545   350.803    28.30   54.89
 135483.183   333.556   -46.16   62.27
 135856.889   303.581   -80.22   55.38
 136230.662   289.782   -36.92   43.44
 136604.502   291.281     4.01   38.54
 136978.410   293.774     6.67   33.34
 137352.385   285.652   -21.72   38.11
 137726.427   275.183   -27.99   42.85
 138100.537   257.002   -48.60   44.70
 138474.715   241.040   -42.66   48.85
 138848.960   216.313   -66.08   47.46
 139223.273   192.927   -62.48   42.56
 139597.653   169.445   -62.73   23.68
 139972.101   164.823   -12.34   18.62
 140346.617   164.556    -0.71   22.40
 140721.201   169.445    13.05   28.07
 141095.852   168.128    -3.52   28.75
 141470.571   161.262   -18.32   29.65
 141845.358   148.216   -34.81   30.92
 142220.213   132.030   -43.18   27.81
 142595.136   115.787   -43.33   17.74
 142970.127   109.359   -17.14   13.36
 143345.186   118.290    23.82   31.47
 143720.313   141.590    62.12   57.35
 144095.508   178.987    99.69   68.64
 144470.771   214.179    93.79   56.96
 144846.103   250.915    97.89   48.65
 145221.502   274.754    63.51   41.33
 145596.970   277.334     6.87   37.79
 145972.506   256.620   -55.16   52.42
 146348.111   218.316  -101.99   56.24
 146723.783   187.458   -82.15   36.03
 147099.525   178.335   -24.28   35.50
 147475.334   176.380    -5.20   43.51
 147851.212   177.798     3.77   46.29
 148227.159   162.702   -40.16   43.32
 148603.174   144.638   -48.05   33.59
 148979.257   130.573   -37.40   26.64
 149355.410   120.280   -27.37   21.48
 149731.631   111.778   -22.60   19.35
 150107.920   101.982   -26.04   16.02
 150484.278    93.383   -22.85   14.79
 150860.706    85.269   -21.56   14.36
 151237.201    77.927   -19.50   14.11
 151613.766    70.091   -20.81   12.93
 151990.400    63.250   -18.17   10.22
 152367.102    59.409   -10.20    8.33
 152743.874    56.914    -6.62    7.60
 153120.714    55.264    -4.38    7.62
 153497.624    54.144    -2.97    6.86
 153874.602    53.640    -1.34    5.58
 154251.650    51.689    -5.18    5.44
 154628.767    49.665    -5.37    5.69
 155005.953    49.689     0.06    6.48
 155383.208    50.945     3.33    6.95
 155760.532    54.550     9.55    6.56
 156137.926    56.840     6.07    5.97
 156515.389    57.322     1.28    5.73
 156892.922    57.078    -0.65    5.96
 157270.524    54.731    -6.22    7.42
 157648.195    51.317    -9.04    7.85
 158025.936    49.216    -5.56    6.40
 158403.746    48.996    -0.58    5.43
 158781.626    49.624     1.66    3.45
 159159.575    49.371    -0.67    1.59
 159537.595    48.186    -3.14    1.72
 159915.683    46.865    -3.49    2.54
 160293.842    44.397    -6.53    3.97
 160672.070    41.104    -8.71    4.78
 161050.368    38.276    -7.47    4.28
 161428.736    36.323    -5.16    2.44
 161807.174    35.819    -1.33    2.06
 162185.682    35.433    -1.02    1.57
 162564.259    34.314    -2.96    2.98
 162942.907    33.802    -1.35    3.58
 163321.624    33.800    -0.01    3.45
 163700.412    34.409     1.61    2.95
 164079.270    35.394     2.60    1.24
 164458.198    35.243    -0.40    0.80
 164837.196    35.150    -0.24    0.79
 165216.264    34.774    -0.99    0.86
 165595.403    34.419    -0.94    0.77
 165974.612    34.136    -0.75    0.62
 166353.891    33.762    -0.99    0.78
 166733.241    33.228    -1.41    1.86
 167112.661    32.528    -1.84    3.50
 167492.151    32.695     0.44    4.41
 167871.712    33.894     3.16    4.70
 168251.344    35.278     3.65    3.28
