# NaN NaN NaN ;Mean Elev.(m), Avg Gradient(m/km), RMS Gradient(m/km) - SRTM1     
#   10.162  -0.038   2.671 ;Mean Elev.(m), Avg Gradient(m/km), RMS Gradient(m/km) - ASTER GDEM
#    0.409   0.033   0.490 ;Mean Elev.(m), Avg Gradient(m/km), RMS Gradient(m/km) - GMTED2010 
  7    -7.373 52446.92095160 25.55 195.263518  62.620156 28.062
  7    -9.032 52446.92095225 27.84 195.260968  62.617016 28.062
  7    -8.982 52446.92095289 30.47 195.258418  62.613876 28.062
  7    -8.833 52446.92095354 33.57 195.255868  62.610736 28.062
  7    -8.625 52446.92095418 35.75 195.253318  62.607596 28.062
  7    -8.706 52446.92095483 30.23 195.250768  62.604456 28.062
  7    -8.536 52446.92095547 30.95 195.248218  62.601316 28.062
  7    -7.659 52446.92095612 31.06 195.245668  62.598166 28.062
  8     2.059 52481.92094169 25.53 195.265372  62.620807 29.159
  8     0.920 52481.92094233 27.87 195.262822  62.617667 29.159
  8     0.974 52481.92094298 30.94 195.260272  62.614527 29.159
  8     0.984 52481.92094362 32.04 195.257722  62.611387 29.159
  8     1.051 52481.92094427 35.55 195.255172  62.608247 29.159
  8     1.065 52481.92094491 38.36 195.252622  62.605107 29.159
  8     1.142 52481.92094556 35.88 195.250072  62.601967 29.159
  8     1.221 52481.92094620 34.96 195.247522  62.598827 29.159
  9     1.061 52516.92089556 39.95 195.265875  62.621379 36.765
  9     1.155 52516.92089621 42.93 195.263325  62.618229 36.765
  9     0.991 52516.92089685 39.11 195.260775  62.615089 36.765
  9     1.158 52516.92089750 45.50 195.258225  62.611949 36.765
  9     1.060 52516.92089814 48.85 195.255675  62.608809 36.765
  9     0.993 52516.92089879 39.13 195.253125  62.605669 36.765
  9     1.068 52516.92089943 47.78 195.250583  62.602527 44.536
  9     1.106 52516.92090008 34.57 195.248033  62.599387 44.536
  9     1.096 52516.92090072 35.73 195.245483  62.596247 44.536
 10     0.627 52551.92094404 29.49 195.276896  62.620328 31.690
 10     0.969 52551.92094469 33.13 195.274346  62.617188 31.690
 10     0.979 52551.92094533 38.02 195.271786  62.614048 31.690
 10     1.015 52551.92094598 41.89 195.269236  62.610908 31.690
 10     0.986 52551.92094855 47.79 195.259036  62.598348 31.690
 11     0.993 52586.92091814 41.06 195.280578  62.627952 27.250
 11     1.074 52586.92091878 42.14 195.278028  62.624812 27.250
 11     0.981 52586.92091943 36.98 195.275469  62.621669 35.250
 11     0.893 52586.92092007 41.81 195.272919  62.618529 35.250
 11     0.970 52586.92092072 42.30 195.270369  62.615389 35.250
 11     1.044 52586.92092136 42.30 195.267819  62.612249 35.250
 11     0.981 52586.92092201 38.66 195.265269  62.609109 35.250
 11     0.962 52586.92092330 42.62 195.260179  62.602819 35.250
 11     0.977 52586.92092394 46.10 195.257629  62.599679 35.250
 12     1.607 52621.92089009 32.49 195.260555  62.619471 11.220
 12     1.586 52621.92089074 33.10 195.258005  62.616331 11.220
 12     1.522 52621.92089138 33.28 195.255455  62.613191 11.220
 12     1.516 52621.92089203 34.11 195.252905  62.610051 11.220
 12     1.480 52621.92089267 33.41 195.250365  62.606901 11.220
 12     1.757 52621.92089332 37.81 195.247815  62.603761 11.220
 12     1.721 52621.92089396 37.33 195.245265  62.600621 11.220
 12     1.718 52621.92089461 41.29 195.242719  62.597479 12.594
 13     1.185 52656.92089498 20.81 195.276108  62.617334  4.409
 13     1.234 52656.92089562 19.58 195.273558  62.614184  4.409
 13     1.282 52656.92089627 19.45 195.271008  62.611044  4.409
 13     1.808 52656.92089884 19.24 195.260806  62.598489  3.326
 15     1.178 52726.92092074 20.33 195.279779  62.626124  4.342
 15     1.022 52726.92092138 20.06 195.277229  62.622974  4.342
 15     0.790 52726.92092202 19.23 195.274679  62.619834  4.342
 15     1.397 52726.92092267 16.66 195.272119  62.616694  4.342
 15     1.586 52726.92092331 14.76 195.269569  62.613554  4.342
 15     1.597 52726.92092396 15.44 195.267019  62.610414  4.342
 15     1.652 52726.92092589 16.90 195.259379  62.600994  4.342
 16     2.199 52761.92093929 29.80 195.244117  62.612130 38.863
 16     1.003 52761.92093993 33.14 195.241567  62.608990 38.863
 16     1.085 52761.92094058 37.97 195.239017  62.605850 38.863
 16     1.179 52761.92094122 41.29 195.236477  62.602707 37.176
 16     1.166 52761.92094187 38.61 195.233927  62.599567 37.176
 16     1.114 52761.92094251 40.02 195.231377  62.596427 37.176
 16     2.361 52761.92094316 40.60 195.228837  62.593287 37.176
 20     2.223 52901.92103421 27.07 195.269848  62.624506 32.289
 20     0.332 52901.92103486 27.62 195.267298  62.621366 32.289
 20     0.663 52901.92103550 29.91 195.264748  62.618226 32.289
 20     0.806 52901.92103615 33.34 195.262198  62.615086 32.289
 20     0.965 52901.92103679 35.26 195.259648  62.611946 32.289
 20     0.930 52901.92103744 35.50 195.257098  62.608796 32.289
 20     1.009 52901.92103808 36.53 195.254548  62.605656 32.289
 20     1.094 52901.92103873 35.28 195.251998  62.602516 32.289
 20     1.120 52901.92103937 31.13 195.249451  62.599375 34.868
 21     2.210 52936.92097610 25.41 195.254001  62.616439 22.507
 21     1.890 52936.92097674 26.00 195.251451  62.613289 22.507
 21     0.909 52936.92097739 27.71 195.248911  62.610149 22.507
 21     0.856 52936.92097803 33.48 195.246361  62.607009 22.507
 21     0.682 52936.92097868 36.62 195.243811  62.603869 22.507
 21     0.542 52936.92097932 37.49 195.241263  62.600726 24.336
 21     0.474 52936.92097997 35.93 195.238723  62.597586 24.336
 21     2.140 52936.92098061 33.71 195.236173  62.594446 24.336
 22     1.467 52971.92100208 23.31 195.277789  62.622871  3.890
 22     1.216 52971.92100273 23.46 195.275239  62.619731  3.890
 22     1.251 52971.92100337 23.31 195.272689  62.616591  3.890
 22     1.297 52971.92100402 23.68 195.270129  62.613451  3.890
 22     1.435 52971.92100466 23.56 195.267579  62.610311  3.890
 22     1.779 52971.92100660 24.33 195.259933  62.600886  4.487
 23     1.196 53006.92101454 17.75 195.265672  62.621415  3.028
 23     1.041 53006.92101519 18.42 195.263122  62.618275  3.028
 23     1.130 53006.92101583 19.08 195.260572  62.615135  3.028
 23     1.194 53006.92101648 19.09 195.258022  62.611985  3.028
 23     1.286 53006.92101712 20.17 195.255472  62.608845  3.028
 23     1.291 53006.92101777 20.10 195.252922  62.605705  3.028
 23     1.238 53006.92101841 19.79 195.250377  62.602567  3.080
 23     1.206 53006.92101906 20.32 195.247827  62.599427  3.080
 23     1.181 53006.92101970 19.98 195.245277  62.596287  3.080
 25     1.189 53076.92100105 12.51 195.265079  62.622301  2.436
 25     1.120 53076.92100169 12.88 195.262519  62.619161  2.436
 25     1.324 53076.92100234 12.33 195.259969  62.616021  2.436
 25     1.424 53076.92100298 12.25 195.257419  62.612881  2.436
 25     1.487 53076.92100363 12.93 195.254869  62.609731  2.436
 25     1.490 53076.92100427 13.05 195.252319  62.606591  2.436
 25     1.475 53076.92100492 12.95 195.249780  62.603452  2.428
 25     1.492 53076.92100556 12.74 195.247230  62.600312  2.428
 25     1.528 53076.92100620 11.75 195.244680  62.597172  2.428
 26     1.632 53111.92097184 35.58 195.275245  62.617368 40.206
 26     1.576 53111.92097248 35.98 195.272695  62.614228 40.206
 26     1.623 53111.92097313 40.51 195.270135  62.611088 40.206
 26     1.577 53111.92097570 43.85 195.259935  62.598528 40.206
 27     2.723 53146.92101372 26.18 195.275592  62.625480 31.022
 27     2.544 53146.92101437 24.07 195.273042  62.622340 31.022
 27     1.106 53146.92101501 26.03 195.270492  62.619200 31.022
 27     1.129 53146.92101566 28.43 195.267942  62.616060 31.022
 27     1.210 53146.92101630 34.91 195.265392  62.612910 31.022
 27     1.186 53146.92101695 39.56 195.262842  62.609770 31.022
 27     1.099 53146.92101759 43.92 195.260292  62.606630 31.022
 27     1.249 53146.92101823 43.31 195.257743  62.603492 40.101
 27     1.198 53146.92101888 37.18 195.255193  62.600352 40.101
 28     1.603 53181.92101909 20.06 195.277314  62.620487 19.118
 28     1.422 53181.92101973 20.55 195.274764  62.617347 19.118
 28     1.520 53181.92102038 21.88 195.272204  62.614207 19.118
 28     1.627 53181.92102102 27.06 195.269654  62.611067 19.118
 28     2.574 53181.92102360 27.19 195.259457  62.598497 48.080
 29     0.880 53216.92104207 28.00 195.272626  62.623578 30.066
 29     0.688 53216.92104271 29.30 195.270066  62.620438 30.066
 29     0.868 53216.92104336 33.33 195.267516  62.617298 30.066
 29     0.900 53216.92104400 39.30 195.264966  62.614158 30.066
 29     0.919 53216.92104465 47.81 195.262416  62.611018 30.066
 29     1.046 53216.92104529 51.13 195.259866  62.607868 30.066
 29     1.064 53216.92104594 43.82 195.257316  62.604728 30.066
 29     1.066 53216.92104658 48.52 195.254773  62.601590 41.948
 29     1.061 53216.92104723 42.95 195.252223  62.598450 41.948
 30     0.470 53251.92102206 34.51 195.254185  62.617054 31.906
 30     0.658 53251.92102270 35.96 195.251635  62.613914 31.906
 30     0.874 53251.92102335 39.77 195.249085  62.610774 31.906
 30     0.822 53251.92102399 42.41 195.246535  62.607634 31.906
 30     0.772 53251.92102463 41.13 195.243995  62.604494 31.906
 30     0.740 53251.92102528 37.20 195.241445  62.601354 31.906
 30     0.781 53251.92102592 35.59 195.238895  62.598214 31.906
 30     2.335 53251.92102657 28.60 195.236355  62.595074 31.906
 31     0.628 53286.92101687 28.63 195.276586  62.620158 21.730
 31     0.623 53286.92101752 32.57 195.274036  62.617018 21.730
 31     0.900 53286.92101816 33.87 195.271486  62.613878 21.730
 31     1.039 53286.92101881 35.43 195.268936  62.610738 21.730
 31     1.040 53286.92102139 39.24 195.258733  62.598175 45.365
 33     1.280 53356.92095991 18.06 195.271941  62.624567  2.496
 33     1.032 53356.92096056 18.19 195.269391  62.621427  2.496
 33     1.055 53356.92096120 17.33 195.266841  62.618287  2.496
 33     1.122 53356.92096185 17.30 195.264291  62.615137  2.496
 33     1.161 53356.92096249 17.62 195.261741  62.611997  2.496
 33     1.258 53356.92096314 17.31 195.259191  62.608857  2.496
 33     1.373 53356.92096378 17.21 195.256641  62.605717  2.496
 33     1.578 53356.92096443 17.36 195.254098  62.602575  2.621
 33     1.897 53356.92096507 16.88 195.251548  62.599435  2.621
 35     1.327 53426.92096932 13.41 195.274334  62.625085  2.393
 35     1.248 53426.92096997 13.71 195.271784  62.621945  2.393
 35     1.476 53426.92097061 13.17 195.269224  62.618805  2.393
 35     1.574 53426.92097126 13.18 195.266674  62.615665  2.393
 35     1.704 53426.92097190 12.86 195.264124  62.612515  2.393
 35     1.732 53426.92097255 12.70 195.261584  62.609375  2.393
 35     1.761 53426.92097319 12.48 195.259034  62.606235  2.393
 35     1.967 53426.92097384 12.33 195.256480  62.603095  3.357
 35     1.907 53426.92097448 12.15 195.253940  62.599955  3.357
 37     2.694 53496.92105945 29.65 195.269893  62.624147 35.108
 37     2.507 53496.92106010 25.77 195.267343  62.621007 35.108
 37     2.394 53496.92106074 23.07 195.264793  62.617867 35.108
 37     1.673 53496.92106138 25.05 195.262243  62.614727 35.108
 37     1.502 53496.92106203 27.73 195.259693  62.611577 35.108
 37     1.589 53496.92106267 29.40 195.257143  62.608437 35.108
 37     1.538 53496.92106332 30.11 195.254593  62.605297 35.108
 37     1.786 53496.92106396 29.78 195.252038  62.602159 37.684
 37     2.460 53496.92106461 29.54 195.249498  62.599019 37.684
 38     2.973 53531.92103729 29.90 195.281679  62.630910 25.913
 38     2.740 53531.92103793 23.98 195.279129  62.627770 25.913
 38     2.567 53531.92103858 22.40 195.276579  62.624630 25.913
 38     2.417 53531.92103922 21.36 195.274029  62.621490 25.913
 38     1.363 53531.92103986 25.60 195.271469  62.618350 25.913
 38     1.629 53531.92104051 23.99 195.268919  62.615210 25.913
 38     1.557 53531.92104115 27.01 195.266369  62.612060 25.913
 38     1.723 53531.92104180 31.74 195.263819  62.608920 25.913
 38     1.565 53531.92104244 33.36 195.261269  62.605780 25.913
 38     2.353 53531.92104309 23.06 195.258728  62.602640 42.112
 38     2.546 53531.92104373 24.17 195.256178  62.599500 42.112
 39     2.512 53566.92106275 27.02 195.261911  62.621037 35.815
 39     0.565 53566.92106339 25.98 195.259351  62.617897 35.815
 39     0.827 53566.92106404 26.90 195.256801  62.614757 35.815
 39     1.246 53566.92106468 30.97 195.254251  62.611607 35.815
 39     0.967 53566.92106533 31.04 195.251711  62.608467 35.815
 39     1.035 53566.92106597 29.47 195.249161  62.605327 35.815
 39     1.119 53566.92106661 32.10 195.246606  62.602187 35.954
 39     1.253 53566.92106726 31.90 195.244066  62.599047 35.954
 39     2.490 53566.92106790 30.66 195.241516  62.595907 35.954
 40     0.819 53601.92100692 32.94 195.265351  62.621260 35.613
 40     0.672 53601.92100756 36.33 195.262801  62.618120 35.613
 40     0.876 53601.92100821 38.49 195.260251  62.614980 35.613
 40     0.895 53601.92100885 41.55 195.257701  62.611830 35.613
 40     1.136 53601.92100950 44.93 195.255151  62.608690 35.613
 40     1.093 53601.92101014 47.97 195.252601  62.605550 35.613
 40     1.078 53601.92101079 48.60 195.250058  62.602408 44.436
 40     1.000 53601.92101143 42.94 195.247508  62.599268 44.436
 40     0.996 53601.92101208 34.78 195.244958  62.596128 44.436
 41     2.046 53636.92100491 26.17 195.275154  62.617054 22.734
 41     2.091 53636.92100555 30.29 195.272594  62.613914 22.734
 41     2.077 53636.92100620 36.19 195.270044  62.610774 22.734
 41     2.777 53636.92100878 30.86 195.259845  62.598210 43.841
 42     0.956 53671.92102443 43.50 195.272501  62.625293 31.527
 42     1.008 53671.92102507 43.73 195.269951  62.622153 31.527
 42     0.979 53671.92102572 47.80 195.267401  62.619013 31.527
 42     1.091 53671.92102636 46.23 195.264851  62.615873 31.527
 42     0.964 53671.92102701 43.57 195.262301  62.612723 31.527
 42     0.895 53671.92102765 37.19 195.259751  62.609583 31.527
 42     0.923 53671.92102830 34.06 195.257201  62.606443 31.527
 42     0.999 53671.92102894 34.59 195.254647  62.603306 24.583
 42     1.022 53671.92102959 34.05 195.252097  62.600166 24.583
 43     0.489 53706.92095667 20.69 195.272937  62.623753  4.024
 43     0.448 53706.92095731 21.27 195.270377  62.620613  4.024
 43     0.803 53706.92095796 19.81 195.267827  62.617473  4.024
 43     0.948 53706.92095860 20.40 195.265284  62.614335  4.421
 43     0.946 53706.92095925 20.31 195.262734  62.611195  4.421
 43     0.990 53706.92095989 20.86 195.260184  62.608055  4.421
 43     1.020 53706.92096054 22.04 195.257634  62.604915  4.421
 43     1.129 53706.92096118 21.42 195.255084  62.601775  4.421
 43     1.018 53706.92096182 22.66 195.252544  62.598635  4.421
 44     0.785 53741.92087040 21.92 195.255864  62.618524  7.443
 44     1.020 53741.92087105 25.17 195.253324  62.615384  7.443
 44     1.243 53741.92087169 24.66 195.250774  62.612244  7.443
 44     1.212 53741.92087234 27.66 195.248224  62.609104  7.443
 44     1.188 53741.92087298 27.51 195.245674  62.605964  7.443
 44     1.098 53741.92087363 25.34 195.243134  62.602820 11.298
 44     1.294 53741.92087427 25.22 195.240584  62.599680 11.298
 44     1.272 53741.92087492 24.73 195.238044  62.596540 11.298
 46     0.997 53811.92087248 12.67 195.259306  62.619591  3.394
 46     0.724 53811.92087312 12.97 195.256756  62.616451  3.394
 46     0.836 53811.92087377 12.98 195.254206  62.613301  3.394
 46     1.114 53811.92087441 12.78 195.251656  62.610161  3.394
 46     1.239 53811.92087506 13.26 195.249106  62.607021  3.394
 46     1.328 53811.92087570 13.55 195.246556  62.603881  3.394
 46     1.430 53811.92087635 14.25 195.244016  62.600741  3.394
 46     1.596 53811.92087699 14.43 195.241466  62.597601  3.394
 47     1.071 53846.92092261 10.60 195.278045  62.621257  2.739
 47     1.286 53846.92092325 10.75 195.275485  62.618117  2.739
 47     1.285 53846.92092390 11.22 195.272935  62.614977  2.739
 47     1.275 53846.92092454 11.42 195.270385  62.611837  2.739
 47     2.135 53846.92092712 12.13 195.260185  62.599267  2.739
 49     2.512 53916.92100581 23.34 195.264308  62.620513 26.747
 49     2.079 53916.92100645 22.23 195.261758  62.617373 26.747
 49     1.605 53916.92100710 23.45 195.259208  62.614233 26.747
 49     1.532 53916.92100774 23.81 195.256658  62.611093 26.747
 49     1.478 53916.92100839 23.02 195.254108  62.607953 26.747
 49     1.552 53916.92100903 22.51 195.251558  62.604803 26.747
 49     1.840 53916.92100968 28.26 195.249008  62.601663 26.747
 49     1.879 53916.92101032 36.47 195.246458  62.598523 26.747
 50     2.135 53951.92101174 27.36 195.259587  62.619272 34.610
 50     0.682 53951.92101238 29.69 195.257037  62.616132 34.610
 50     0.728 53951.92101303 32.68 195.254487  62.612992 34.610
 50     1.046 53951.92101367 37.28 195.251937  62.609842 34.610
 50     1.017 53951.92101432 41.68 195.249387  62.606702 34.610
 50     1.030 53951.92101496 42.66 195.246837  62.603562 34.610
 50     1.067 53951.92101561 35.76 195.244287  62.600422 34.610
 50     1.069 53951.92101625 34.61 195.241747  62.597282 34.610
 54     0.911 54091.92096489 19.84 195.263247  62.620424  3.710
 54     0.817 54091.92096554 20.22 195.260697  62.617284  3.710
 54     0.831 54091.92096618 21.08 195.258147  62.614144  3.710
 54     1.017 54091.92096683 20.09 195.255597  62.611004  3.710
 54     0.992 54091.92096747 20.89 195.253057  62.607854  3.710
 54     1.120 54091.92096812 20.04 195.250507  62.604714  3.710
 54     1.218 54091.92096876 20.53 195.247957  62.601574  3.710
 54     1.252 54091.92096941 19.61 195.245407  62.598434  3.710
 56     0.587 54161.92093247 18.35 195.271539  62.623631  7.721
 56     0.824 54161.92093312 19.34 195.268989  62.620491  7.721
 56     1.238 54161.92093376 20.14 195.266429  62.617351  7.721
 56     1.439 54161.92093441 20.93 195.263879  62.614211  7.721
 56     1.540 54161.92093505 24.62 195.261329  62.611071  7.721
 56     1.624 54161.92093570 25.17 195.258779  62.607931  7.721
 56     1.664 54161.92093634 23.88 195.256229  62.604791  7.721
 56     1.621 54161.92093699 25.69 195.253689  62.601651  7.721
 56     1.565 54161.92093763 24.15 195.251139  62.598501  7.721
 58     2.315 54231.92094492 29.75 195.279311  62.624941 22.521
 58     1.955 54231.92094557 28.21 195.276761  62.621801 22.521
 58     1.411 54231.92094621 29.77 195.274201  62.618661 22.521
 58     1.484 54231.92094686 35.30 195.271651  62.615521 22.521
 58     1.392 54231.92094750 39.37 195.269101  62.612381 22.521
 58     1.493 54231.92094815 34.74 195.266551  62.609241 22.521
 58     2.693 54231.92095008 28.40 195.258901  62.599821 22.521
 59     2.740 54266.92096175 28.32 195.282008  62.630531 25.420
 59     2.179 54266.92096240 27.00 195.279458  62.627391 25.420
 59     1.856 54266.92096304 25.83 195.276908  62.624251 25.420
 59     1.044 54266.92096368 25.14 195.274358  62.621111 25.420
 59     1.131 54266.92096433 27.88 195.271798  62.617971 25.420
 59     1.172 54266.92096497 32.69 195.269248  62.614831 25.420
 59     1.082 54266.92096562 39.11 195.266698  62.611691 25.420
 59     1.222 54266.92096626 41.40 195.264148  62.608551 25.420
 59     1.190 54266.92096691 42.91 195.261598  62.605411 25.420
 59     1.107 54266.92096755 44.17 195.259048  62.602271 25.420
 59     1.044 54266.92096820 38.99 195.256508  62.599121 25.420
 60     2.689 54301.92096660 27.60 195.280427  62.629286 23.894
 60     2.388 54301.92096725 23.78 195.277877  62.626146 23.894
 60     1.626 54301.92096789 23.92 195.275327  62.623006 23.894
 60     1.031 54301.92096854 23.74 195.272777  62.619866 23.894
 60     1.052 54301.92096918 26.29 195.270217  62.616726 23.894
 60     1.043 54301.92096983 28.60 195.267667  62.613586 23.894
 60     1.135 54301.92097047 32.13 195.265117  62.610446 23.894
 60     1.278 54301.92097176 42.08 195.260017  62.604166 23.894
 60     1.174 54301.92097241 36.06 195.257477  62.601026 23.894
 60     1.186 54301.92097305 41.94 195.254927  62.597876 23.894
 61     0.709 54336.92095512 26.46 195.269771  62.622622 35.180
 61     0.729 54336.92095577 29.34 195.267221  62.619482 35.180
 61     0.798 54336.92095641 32.70 195.264661  62.616342 35.180
 61     0.876 54336.92095706 35.61 195.262121  62.613202 35.180
 61     1.091 54336.92095770 41.90 195.259561  62.610062 35.180
 61     1.060 54336.92095835 50.80 195.257021  62.606922 35.180
 61     1.036 54336.92095899 45.99 195.254471  62.603772 35.180
 61     1.025 54336.92095964 41.01 195.251921  62.600632 35.180
 61     0.957 54336.92096028 40.56 195.249371  62.597492 35.180
 63     0.880 54406.92089962 50.46 195.272990  62.625352 23.295
 63     0.711 54406.92090026 54.56 195.270440  62.622212 23.295
 63     0.849 54406.92090091 49.73 195.267890  62.619072 23.295
 63     0.719 54406.92090155 50.41 195.265330  62.615932 23.295
 63     0.618 54406.92090220 35.19 195.262780  62.612792 23.295
 63     0.617 54406.92090284 29.36 195.260240  62.609652 23.295
 63     0.534 54406.92090348 27.97 195.257690  62.606512 23.295
 63     0.629 54406.92090413 25.79 195.255140  62.603372 23.295
 63     0.379 54406.92090477 25.66 195.252590  62.600232 23.295
 65     0.737 54476.92088718 18.52 195.280549  62.628145  3.169
 65     0.520 54476.92088782 19.24 195.277999  62.625005  3.169
 65     0.503 54476.92088847 18.87 195.275449  62.621865  3.169
 65     0.482 54476.92088911 19.74 195.272899  62.618725  3.169
 65     0.829 54476.92088976 18.41 195.270339  62.615585  3.169
 65     1.109 54476.92089040 18.22 195.267789  62.612445  3.169
 65     1.272 54476.92089105 17.86 195.265239  62.609305  3.169
 65     1.433 54476.92089234 17.63 195.260149  62.603025  3.169
 65     1.515 54476.92089298 17.76 195.257599  62.599885  3.169
 67     0.689 54546.92090209 10.36 195.272185  62.624574  2.479
 67     0.877 54546.92090274 10.37 195.269635  62.621434  2.479
 67     0.996 54546.92090338 10.26 195.267085  62.618294  2.479
 67     1.367 54546.92090403  9.46 195.264535  62.615154  2.479
 67     1.491 54546.92090467  9.28 195.261985  62.612014  2.479
 67     1.662 54546.92090532  9.34 195.259435  62.608874  2.479
 67     1.620 54546.92090596  9.55 195.256885  62.605724  2.479
 67     1.645 54546.92090661  9.24 195.254335  62.602584  2.479
 67     1.730 54546.92090725  8.86 195.251785  62.599444  2.479
 68     1.034 54581.92087047 12.61 195.279223  62.624361  5.332
 68     1.058 54581.92087111 12.19 195.276673  62.621221  5.332
 68     1.060 54581.92087176 13.26 195.274123  62.618081  5.332
 68     1.350 54581.92087240 12.37 195.271573  62.614941  5.332
 68     1.663 54581.92087305 12.32 195.269023  62.611801  5.332
 68     2.235 54581.92087562 13.13 195.258823  62.599231  5.332
 69     1.359 54616.92089059 40.06 195.281642  62.629896 38.732
 69     2.556 54616.92089124 27.92 195.279092  62.626756 38.732
 69     2.463 54616.92089188 24.77 195.276532  62.623616 38.732
 69     1.680 54616.92089253 24.86 195.273987  62.620473 34.153
 69     1.444 54616.92089317 28.12 195.271437  62.617333 34.153
 69     1.458 54616.92089382 31.26 195.268877  62.614193 34.153
 69     1.435 54616.92089446 37.28 195.266327  62.611053 34.153
 69     1.293 54616.92089575 45.86 195.261237  62.604763 34.153
 69     1.251 54616.92089640 37.81 195.258687  62.601623 34.153
 69     2.569 54616.92089704 28.28 195.256137  62.598483 34.153
 70     2.520 54651.92090424 24.96 195.275520  62.625327 25.345
 70     1.195 54651.92090489 25.52 195.272970  62.622187 25.345
 70     1.044 54651.92090553 28.22 195.270420  62.619047 25.345
 70     1.114 54651.92090618 33.07 195.267870  62.615907 25.345
 70     1.053 54651.92090682 37.72 195.265310  62.612767 25.345
 70     1.275 54651.92090747 44.39 195.262770  62.609627 25.345
 70     1.307 54651.92090811 46.25 195.260220  62.606487 25.345
 70     1.266 54651.92090876 42.19 195.257670  62.603337 25.345
 70     1.114 54651.92090940 36.63 195.255120  62.600197 25.345
 71     1.055 54686.92089625 29.88 195.268113  62.622280 30.803
 71     1.290 54686.92089689 36.90 195.265563  62.619140 30.803
 71     1.147 54686.92089754 34.73 195.263013  62.616000 30.803
 71     1.119 54686.92089818 32.53 195.260463  62.612860 30.803
 71     1.284 54686.92089883 41.55 195.257913  62.609710 30.803
 71     1.297 54686.92089947 51.72 195.255363  62.606570 30.803
 71     1.302 54686.92090012 50.51 195.252813  62.603430 30.803
 71     1.172 54686.92090076 42.09 195.250273  62.600290 30.803
 71     1.271 54686.92090141 47.61 195.247723  62.597150 30.803
 73     0.672 54756.92087099 43.56 195.273928  62.624524 24.678
 73     0.697 54756.92087163 46.54 195.271378  62.621384 24.678
 73     0.756 54756.92087228 46.28 195.268828  62.618244 24.678
 73     0.669 54756.92087292 43.62 195.266278  62.615104 24.678
 73     0.699 54756.92087357 42.17 195.263728  62.611964 24.678
 73     0.734 54756.92087421 36.13 195.261178  62.608824 24.678
 73     1.069 54756.92087486 32.01 195.258628  62.605674 24.678
 73     1.244 54756.92087550 31.60 195.256078  62.602544 24.678
 73     1.560 54756.92087614 30.12 195.253528  62.599394 24.678
 75     0.979 54826.92086777 19.39 195.279930  62.625775  6.445
 75     0.700 54826.92086842 18.85 195.277370  62.622635  6.445
 75     0.335 54826.92086906 17.14 195.274820  62.619495  6.445
 75     0.213 54826.92086970 17.98 195.272270  62.616355  6.445
 75     0.837 54826.92087035 15.83 195.269720  62.613215  6.445
 75     1.292 54826.92087099 14.85 195.267170  62.610075  6.445
 75     1.640 54826.92087293 17.93 195.259520  62.600645  6.445
 77     2.140 54896.92086933  9.08 195.269101  62.622292  2.057
 77     2.098 54896.92086997  9.13 195.266551  62.619152  2.057
 77     2.068 54896.92087061  8.72 195.264001  62.616012  2.057
 77     1.958 54896.92087126  9.10 195.261451  62.612872  2.057
 77     1.988 54896.92087190  9.60 195.258901  62.609732  2.057
 77     2.002 54896.92087255  8.98 195.256351  62.606582  2.057
 77     1.975 54896.92087319  9.10 195.253801  62.603442  2.057
 77     1.975 54896.92087384  8.96 195.251251  62.600302  2.057
 77     2.397 54896.92087448  8.70 195.248710  62.597163  2.025
 78     2.056 54931.92083568  9.32 195.274867  62.615454  1.981
 78     2.100 54931.92083632  9.13 195.272317  62.612314  1.981
 79     2.544 54966.92086855 32.24 195.278325  62.627422 31.173
 79     1.546 54966.92086920 32.15 195.275765  62.624282 31.173
 79     1.582 54966.92086984 30.86 195.273215  62.621142 31.173
 79     1.513 54966.92087049 30.35 195.270665  62.618002 31.173
 79     1.496 54966.92087113 35.09 195.268115  62.614862 31.173
 79     1.481 54966.92087177 47.38 195.265565  62.611722 31.173
 79     1.360 54966.92087242 35.21 195.263015  62.608582 31.173
 79     1.354 54966.92087306 32.45 195.260465  62.605442 31.173
 79     1.464 54966.92087371 33.14 195.257915  62.602292 31.173
 79     1.528 54966.92087435 40.96 195.255365  62.599152 31.173
 80     1.568 55001.92088950 51.02 195.272808  62.623875 41.149
 80     1.473 55001.92089014 48.53 195.270258  62.620735 41.149
 80     1.395 55001.92089079 49.80 195.267708  62.617595 41.149
 80     1.533 55001.92089143 47.20 195.265158  62.614455 41.149
 80     1.465 55001.92089208 44.39 195.262608  62.611315 41.149
 80     1.377 55001.92089272 44.24 195.260058  62.608175 41.149
 80     1.403 55001.92089337 43.41 195.257508  62.605035 41.149
 80     1.346 55001.92089401 38.15 195.254958  62.601885 41.149
 80     2.329 55001.92089466 28.37 195.252408  62.598745 41.149
 81     2.498 55036.92087483 23.82 195.279720  62.627290 24.885
 81     1.911 55036.92087548 26.25 195.277170  62.624150 24.885
 81     0.751 55036.92087612 28.67 195.274620  62.621010 24.885
 81     1.069 55036.92087677 29.99 195.272070  62.617870 24.885
 81     1.175 55036.92087741 33.71 195.269520  62.614730 24.885
 81     1.112 55036.92087806 38.94 195.266970  62.611590 24.885
 81     1.281 55036.92087870 46.46 195.264420  62.608450 24.885
 81     1.140 55036.92087999 39.64 195.259320  62.602160 24.885
 81     1.053 55036.92088064 37.69 195.256770  62.599020 24.885
 82     0.842 55071.92086331 31.39 195.267511  62.623000 31.374
 82     0.834 55071.92086396 29.94 195.264961  62.619860 31.374
 82     0.761 55071.92086460 33.60 195.262411  62.616720 31.374
 82     0.985 55071.92086525 36.19 195.259861  62.613580 31.374
 82     1.141 55071.92086589 40.55 195.257311  62.610440 31.374
 82     1.174 55071.92086654 44.54 195.254771  62.607300 31.374
 82     1.072 55071.92086718 43.71 195.252221  62.604150 31.374
 82     0.959 55071.92086783 44.42 195.249671  62.601010 31.374
 82     0.899 55071.92086847 40.07 195.247121  62.597870 31.374
 84     0.452 55141.92081330 36.73 195.272845  62.625509 14.447
 84     0.340 55141.92081395 38.41 195.270295  62.622369 14.447
 84     0.389 55141.92081459 38.26 195.267745  62.619229 14.447
 84     0.409 55141.92081524 37.32 195.265195  62.616089 14.447
 84     0.361 55141.92081588 37.84 195.262645  62.612949 14.447
 84     0.205 55141.92081653 35.31 195.260095  62.609809 14.447
 84     0.186 55141.92081717 31.58 195.257545  62.606659 14.447
 84    -0.174 55141.92081782 31.57 195.254995  62.603519 14.447
 84     0.908 55141.92081846 29.89 195.252445  62.600379 14.447
 86     1.087 55211.92080750 20.84 195.277358  62.626549  3.405
 86     0.953 55211.92080814 21.38 195.274808  62.623409  3.405
 86     1.259 55211.92080879 20.62 195.272258  62.620269  3.405
 86     1.288 55211.92080943 20.32 195.269708  62.617129  3.405
 86     1.406 55211.92081008 19.89 195.267158  62.613989  3.405
 86     1.519 55211.92081072 19.16 195.264608  62.610849  3.405
 86     1.624 55211.92081137 19.42 195.262058  62.607709  3.405
 86     1.756 55211.92081201 19.46 195.259508  62.604559  3.405
 86     1.782 55211.92081266 18.74 195.256958  62.601419  3.405
 86     2.042 55211.92081330 19.00 195.254408  62.598279  3.405
 88     1.247 55281.92080177 14.64 195.270541  62.624488  2.547
 88     1.385 55281.92080242 14.60 195.267991  62.621348  2.547
 88     1.336 55281.92080306 14.73 195.265441  62.618208  2.547
 88     1.584 55281.92080371 14.32 195.262891  62.615068  2.547
 88     1.650 55281.92080435 14.55 195.260341  62.611928  2.547
 88     1.646 55281.92080500 14.59 195.257791  62.608778  2.547
 88     1.732 55281.92080564 14.28 195.255241  62.605638  2.547
 88     1.765 55281.92080629 14.46 195.252691  62.602498  2.547
 88     1.800 55281.92080693 14.15 195.250151  62.599358  2.547
 89     1.164 55316.92076938  9.88 195.275438  62.625526  2.383
 89     1.216 55316.92077003  9.50 195.272888  62.622386  2.383
 89     1.333 55316.92077067  9.54 195.270338  62.619246  2.383
 89     1.540 55316.92077132  9.45 195.267788  62.616106  2.383
 89     1.716 55316.92077196  8.81 195.265238  62.612966  2.383
 89     1.813 55316.92077261  8.72 195.262688  62.609826  2.383
 89     1.828 55316.92077325  8.31 195.260138  62.606676  2.383
 89     1.900 55316.92077390  8.06 195.257588  62.603536  2.383
 89     1.907 55316.92077454  8.04 195.255038  62.600396  2.383
 90     2.682 55351.92077399 25.62 195.271284  62.623649 33.083
 90     0.783 55351.92077463 27.52 195.268734  62.620509 33.083
 90     0.833 55351.92077528 30.52 195.266184  62.617369 33.083
 90     1.130 55351.92077592 36.45 195.263634  62.614229 33.083
 90     1.242 55351.92077657 40.35 195.261084  62.611089 33.083
 90     1.252 55351.92077721 40.28 195.258534  62.607949 33.083
 90     1.246 55351.92077786 40.71 195.255984  62.604799 33.083
 90     1.092 55351.92077850 39.38 195.253434  62.601659 33.083
 90     1.144 55351.92077915 39.32 195.250894  62.598519 33.083
 92     2.758 55421.92079094 25.32 195.279167  62.628020 26.143
 92     2.383 55421.92079158 23.55 195.276607  62.624880 26.143
 92     0.899 55421.92079223 25.74 195.274057  62.621740 26.143
 92     1.082 55421.92079287 28.28 195.271507  62.618600 26.143
 92     1.124 55421.92079352 30.81 195.268957  62.615460 26.143
 92     1.252 55421.92079416 37.61 195.266407  62.612320 26.143
 92     1.278 55421.92079481 44.88 195.263857  62.609180 26.143
 92     1.160 55421.92079545 51.02 195.261307  62.606040 26.143
 92     1.237 55421.92079610 44.65 195.258757  62.602890 26.143
 92     1.230 55421.92079674 43.47 195.256207  62.599750 26.143
 93     0.128 55456.92076673 27.43 195.266160  62.621597 34.307
 93     0.626 55456.92076737 29.47 195.263610  62.618457 34.307
 93     1.041 55456.92076802 30.71 195.261060  62.615317 34.307
 93     1.194 55456.92076866 32.77 195.258510  62.612177 34.307
 93     1.141 55456.92076931 37.56 195.255970  62.609037 34.307
 93     1.247 55456.92076995 41.64 195.253420  62.605887 34.307
 93     1.240 55456.92077060 42.51 195.250870  62.602747 34.307
 93     1.156 55456.92077124 38.91 195.248320  62.599607 34.307
 93     2.703 55456.92077189 33.83 195.245780  62.596467 34.307
