# NaN NaN NaN ;Mean Elev.(m), Avg Gradient(m/km), RMS Gradient(m/km) - SRTM1     
#   57.220  -4.480   9.987 ;Mean Elev.(m), Avg Gradient(m/km), RMS Gradient(m/km) - ASTER GDEM
#   47.391  -4.290   6.272 ;Mean Elev.(m), Avg Gradient(m/km), RMS Gradient(m/km) - GMTED2010 
  6 204.745043  64.833453    45.491    45.688  3 52439.29646192 19.430
  7 204.750226  64.834197    46.095    46.113  3 52474.29646063 50.282
 10 204.747746  64.834954    44.005    43.933  3 52579.29646247 46.877
 11 204.757955  64.836886    44.123    44.132  4 52614.29642933 35.357
 12 204.750641  64.836286    43.782    43.697  3 52649.29640985 21.008
 13 204.763046  64.838650    43.807    43.804  4 52684.29639090  8.628
 14 204.750010  64.834215    46.081    45.951  3 52719.29644418  3.431
 17 204.745498  64.834365    45.737    45.638  3 52824.29648681 32.516
 18 204.749058  64.834497    46.555    46.555  2 52859.29653292 50.154
 19 204.750969  64.836664    46.689    46.682  3 52894.29656438 31.068
 20 204.761807  64.839035    44.330    44.325  3 52929.29651436 23.703
 21 204.746659  64.833818    42.866    42.889  3 52964.29649932 33.317
 22 204.748756  64.835135    44.121    44.150  3 52999.29653574 22.606
 23 204.760165  64.838873    43.950    44.048  3 53034.29648760  9.146
 24 204.753327  64.833997    44.334    44.452  3 53069.29650328 11.144
 25 204.764241  64.837602    52.612    52.612  2 53104.29648904  2.774
 26 204.750065  64.834211    46.963    46.932  3 53139.29650874 50.291
 27 204.749823  64.835053    47.168    47.194  3 53174.29654707  9.455
 28 204.754489  64.834638    45.654    45.700  3 53209.29656378 49.805
 29 204.758668  64.838550    45.951    46.123  3 53244.29653208 42.360
 30 204.741752  64.832009    43.719    43.710  3 53279.29651088 30.001
 31 204.750461  64.834754    43.659    43.589  3 53314.29653424 37.613
 32 204.759447  64.836910    44.663    44.699  3 53349.29650008 28.505
 33 204.742938  64.833640    44.335    44.372  3 53384.29647443 18.005
 34 204.760357  64.837823    43.819    43.785  3 53419.29648103 16.152
 35 204.743793  64.830906    43.577    43.551  3 53454.29648610 18.464
 36 204.746560  64.832066    43.992    43.971  3 53489.29657151 16.524
 37 204.756540  64.835207    47.518    47.501  3 53524.29655851 26.939
 38 204.750283  64.834912    46.598    46.599  3 53559.29658533 49.852
 39 204.767614  64.838271    46.000    45.989  3 53594.29652315 46.126
 41 204.747704  64.835589    44.619    44.548  3 53664.29653970 50.309
 42 204.759855  64.837122    44.788    44.865  3 53699.29649760 21.307
 43 204.770642  64.838791    45.089    45.057  3 53734.29641989 14.948
 44 204.754678  64.835930    44.707    44.721  4 53769.29640398 11.954
 45 204.764518  64.839106    44.603    44.673  3 53804.29639989 10.466
 46 204.742637  64.832706    45.213    45.165  3 53839.29641936  5.205
 47 204.753041  64.833621    50.612    50.612  2 53874.29646520 40.945
 48 204.746717  64.832634    47.612    47.473  3 53909.29650997 23.614
 49 204.746678  64.835030    46.759    46.162  3 53944.29653287 49.299
 50 204.760906  64.837103    47.275    47.311  3 53979.29648188 49.790
 51 204.741619  64.833459    46.525    46.470  3 54014.29649606 42.438
 52 204.758079  64.836865    44.928    44.797  4 54049.29650136 35.638
 54 204.767753  64.840687    44.422    44.381  3 54119.29642282 15.086
 55 204.754305  64.834125    44.588    44.533  3 54154.29644930 14.127
 56 204.764645  64.839206    44.321    44.391  4 54189.29641813 10.367
 57 204.749748  64.834110    45.157    45.149  3 54224.29646005 39.288
 58 204.753779  64.835795    47.466    47.258  3 54259.29648131 51.371
 59 204.755242  64.834960    46.666    46.650  3 54294.29648428 32.096
 60 204.760922  64.836227    47.055    46.931  3 54329.29647828 50.321
 61 204.766618  64.838232    45.954    45.627  3 54364.29642484 50.296
 62 204.754577  64.835254    44.268    44.164  3 54399.29641895 47.283
 63 204.763308  64.838345    44.188    44.165  3 54434.29637696 30.002
 64 204.750850  64.833512    44.188    44.206  3 54469.29640181 21.240
 65 204.762202  64.837910    43.828    43.821  4 54504.29639175 15.897
 66 204.755468  64.837086    43.319    43.358  3 54539.29641759 15.231
 67 204.763725  64.839170    43.662    43.658  3 54574.29639264  6.865
 68 204.753768  64.836356    46.719    46.693  3 54609.29641028 52.027
 69 204.754727  64.836783    46.838    46.627  3 54644.29641818 48.825
 70 204.754292  64.835914    46.223    46.314  4 54679.29641965 16.666
 71 204.766417  64.839335    47.039    46.930  4 54714.29637163 51.046
 72 204.749882  64.834671    44.302    44.274  3 54749.29638935 21.178
 73 204.759795  64.837630    44.800    44.779  4 54784.29635926 30.051
 74 204.750494  64.834818    44.340    44.346  3 54819.29638186 20.203
 75 204.759609  64.837859    44.165    44.303  3 54854.29635620  7.403
 76 204.752241  64.837038    44.181    44.356  3 54889.29638685  8.372
 77 204.764704  64.839252    44.336    44.318  3 54924.29635586  5.695
 78 204.748225  64.835412    49.431    49.606  3 54959.29638444 51.332
 79 204.753447  64.834735    47.616    47.601  3 54994.29640615 43.137
 80 204.757054  64.835703    46.095    46.115  3 55029.29639619 51.525
 82 204.766326  64.839445    46.581    46.618  3 55099.29633261 33.761
 83 204.751564  64.834244    44.171    44.082  3 55134.29633183 42.566
 84 204.760844  64.839264    44.999    45.023  3 55169.29629681 21.782
 85 204.750737  64.834653    45.147    45.105  3 55204.29632493 20.471
 86 204.761352  64.838678    44.773    44.821  3 55239.29630355 12.001
 87 204.755503  64.837366    44.771    44.776  3 55274.29631915 11.931
 88 204.764452  64.839155    44.361    44.351  4 55309.29628711 28.537
 89 204.755825  64.836206    45.531    45.540  4 55344.29628718 45.090
 90 204.759437  64.837290    46.454    45.852  3 55379.29628187 13.370
 91 204.750813  64.833993    46.819    46.855  3 55414.29630689 12.093
 92 204.759693  64.837829    46.005    46.100  3 55449.29629483 41.777
 93 204.767775  64.841591    43.903    43.893  3 55484.29622130 50.290
