# NaN NaN NaN ;Mean Elev.(m), Avg Gradient(m/km), RMS Gradient(m/km) - SRTM1     
#    6.344   0.201   8.303 ;Mean Elev.(m), Avg Gradient(m/km), RMS Gradient(m/km) - ASTER GDEM
#   11.555  -1.331   7.625 ;Mean Elev.(m), Avg Gradient(m/km), RMS Gradient(m/km) - GMTED2010 
  6 198.162759  61.574441    11.406    11.403  4 52441.32174257 50.546
  7 198.165173  61.577316     9.816     9.724  5 52476.32173962 42.269
  8 198.179703  61.583211     9.074     9.099  5 52511.32169130 51.120
  9 198.163840  61.575257    10.124    10.013  5 52546.32171337 26.238
 10 198.168905  61.575930     7.460     7.450  5 52581.32173352 46.910
 11 198.172976  61.581553     7.651     7.853  5 52616.32170466 32.239
 12 198.170766  61.579078     8.314     8.170  6 52651.32168096 15.450
 13 198.176832  61.583482     8.638     8.591  5 52686.32167288 22.701
 14 198.168366  61.577588     8.650     8.871  6 52721.32172137 19.731
 15 198.166172  61.577209     7.488     7.675  5 52756.32174461 32.016
 16 198.162275  61.573451    10.355    10.353  4 52791.32169401 49.036
 17 198.166169  61.575931    10.687    10.775  5 52826.32176334 25.858
 18 198.168014  61.577415    10.700    10.575  5 52861.32180911 42.203
 19 198.169971  61.579444    11.020    10.984  5 52896.32183963 31.715
 20 198.176163  61.582127     8.325     8.304  6 52931.32178768 28.032
 21 198.165307  61.574983     7.215     6.690  5 52966.32178435 32.494
 22 198.165861  61.576840     7.473     7.054  4 53001.32181445 19.042
 23 198.174726  61.581769     8.573     8.538  5 53036.32176434 11.433
 24 198.170072  61.577068     9.190     8.755  5 53071.32178564 12.274
 25 198.177652  61.582226     7.807     7.612  5 53106.32176543 39.226
 26 198.165883  61.576659    10.607    10.635  5 53141.32179333 48.634
 27 198.168750  61.578884    12.335    12.381  5 53176.32182268 22.398
 28 198.168920  61.579111     9.122     9.040  5 53211.32184179 44.467
 29 198.174446  61.581992     8.597     8.629  5 53246.32181039 32.390
 30 198.161745  61.572122     7.316     7.364  3 53281.32179470 29.835
 31 198.168935  61.577483     6.713     6.741  5 53316.32180609 30.367
 32 198.176066  61.583097     6.764     6.524  5 53351.32177256 22.905
 33 198.161743  61.574953     6.370     6.010  4 53386.32175728 27.574
 34 198.176771  61.580626    10.934    10.952  5 53421.32176104  9.874
 35 198.163308  61.575742     8.305     8.598  4 53456.32176605 27.870
 36 198.162917  61.574776     7.584     7.521  5 53491.32185122 37.213
 37 198.172040  61.580926    12.531    12.785  5 53526.32183444 20.429
 38 198.167735  61.577886    10.825    10.621  5 53561.32186229 22.232
 39 198.179679  61.583202     9.482     9.465  5 53596.32180178 42.364
 40 198.156662  61.571763     9.422     9.371  3 53631.32179470 51.075
 41 198.166248  61.576307     9.591     9.671  4 53666.32181810 25.319
 42 198.176119  61.581206     7.430     7.053  6 53701.32176899 22.346
 43 198.184966  61.585781     8.466     8.633  6 53736.32167981 11.479
 44 198.170985  61.580281    10.476    10.490  5 53771.32168400  8.574
 45 198.178863  61.584576    10.633    10.747  5 53806.32167565  5.405
 47 198.169161  61.577824    10.087    10.134  5 53876.32174250 34.113
 48 198.163676  61.574857    10.669    10.663  5 53911.32179127 22.921
 49 198.165859  61.575825    11.021    11.019  4 53946.32180923 22.220
 50 198.175177  61.581059    12.248    12.521  5 53981.32175475 21.111
 51 198.163361  61.575052     9.151     9.132  4 54016.32177651 27.169
 52 198.175211  61.580714     7.984     6.993  5 54051.32177614 42.104
 53 198.175029  61.579797     8.236     7.539  5 54086.32176804 12.695
 54 198.183563  61.585143     9.869     9.804  6 54121.32169439 16.680
 55 198.170785  61.577069     9.647     9.669  5 54156.32172734 11.431
 56 198.179108  61.584416     8.252     8.328  5 54191.32169228 12.395
 57 198.167997  61.577412     7.961     7.897  5 54226.32173896 36.658
 58 198.169913  61.578237    10.351    10.313  6 54261.32175888 25.315
 59 198.172595  61.578223     9.858     9.738  5 54296.32176297 27.344
 60 198.175522  61.581486    10.618    10.662  6 54331.32175505 21.160
 61 198.179181  61.583428    10.480    10.546  6 54366.32169835 20.846
 62 198.171344  61.580464     7.173     7.239  5 54401.32169711 43.755
 63 198.177441  61.580968     7.164     7.119  5 54436.32165428 41.143
 64 198.167289  61.578419     7.255     6.629  5 54471.32168126 22.265
 65 198.178798  61.581911     9.077     9.912  5 54506.32166706 11.796
 66 198.171688  61.580174    10.809    10.890  5 54541.32169623  7.397
 67 198.178729  61.583364     8.767     9.337  5 54576.32166912 26.269
 68 198.171699  61.579319    12.328    12.359  5 54611.32168784 23.927
 69 198.170339  61.579368    10.433    10.488  5 54646.32169506 35.691
 70 198.171515  61.580901    10.848    10.852  5 54681.32169642 26.892
 71 198.180558  61.583264     9.913     9.912  5 54716.32164591 35.056
 72 198.167120  61.577434     8.659     8.750  5 54751.32166716 26.232
 73 198.176034  61.581965     7.548     7.553  5 54786.32163510 29.517
 74 198.167482  61.577301     7.160     7.079  4 54821.32166079 19.769
 75 198.176989  61.580588    11.215    11.097  5 54856.32163116  7.787
 76 198.171219  61.579136    11.585    11.612  6 54891.32166441 13.496
 77 198.177867  61.584055    11.947    12.008  5 54926.32163038  9.225
 78 198.167842  61.577046     9.764     9.279  5 54961.32166304 34.137
 79 198.169900  61.577979    12.216    12.158  5 54996.32168434 18.999
 80 198.171210  61.579510    10.058    10.096  6 55031.32167420 38.019
 81 198.174379  61.581856     8.494     8.453  5 55066.32166437 27.485
 82 198.178860  61.584539     8.277     8.276  5 55101.32160594 35.825
 83 198.168353  61.578308     5.926     6.035  5 55136.32160942 32.135
 84 198.177326  61.582493     6.233     6.152  5 55171.32157253 36.586
 85 198.168171  61.576969     7.344     7.183  5 55206.32160296 20.766
 86 198.178322  61.581752     8.805     8.746  5 55241.32157786 15.028
 87 198.172712  61.580440     9.180     9.207  5 55276.32159738 17.845
 88 198.177687  61.583621     9.766    10.375  5 55311.32156307 23.528
 89 198.172428  61.580314     9.853     9.868  5 55346.32156688 47.996
 90 198.175263  61.579784     9.145     9.162  5 55381.32155892 30.796
 91 198.168363  61.576035    10.756    10.790  5 55416.32158556 36.188
 92 198.176350  61.582184    10.371    10.318  6 55451.32157028 43.054
 93 198.181260  61.585634     7.164     7.165  5 55486.32149426 26.974
