# NaN NaN NaN ;Mean Elev.(m), Avg Gradient(m/km), RMS Gradient(m/km) - SRTM1     
#   25.082   5.735  26.405 ;Mean Elev.(m), Avg Gradient(m/km), RMS Gradient(m/km) - ASTER GDEM
#   45.236   5.136  22.353 ;Mean Elev.(m), Avg Gradient(m/km), RMS Gradient(m/km) - GMTED2010 
 14 203.532540  64.659193    40.468    40.468  2 52695.90249775  8.101
 15 203.522231  64.662252    45.908    45.908  2 52730.90252609  5.196
 18 203.529874  64.660983    42.612    42.612  2 52835.90259952 16.798
 21 203.533659  64.660545    41.164    41.164  2 52940.90257016 21.791
 29 203.513426  64.661027    40.717    40.717  2 53220.90265220 32.350
 31 203.521271  64.661065    40.745    40.745  2 53290.90264066 11.463
 37 203.510864  64.661768    43.438    43.530  3 53500.90267422 49.605
 38 203.515114  64.661830   141.055   141.055  2 53535.90266323  2.232
 39 203.508392  64.661685    44.387    44.387  2 53570.90267243 15.356
 42 203.513816  64.662831    71.060    71.060  2 53675.90263928  8.811
 46 203.501840  64.661398    39.904    40.083  3 53815.90247971  5.450
 48 203.527387  64.661693    43.867    43.867  2 53885.90255525 17.606
 51 203.505175  64.661295    46.283    46.283  2 53990.90254195 15.066
 57 203.525347  64.660392    38.419    38.419  2 54200.90252413 28.534
 68 203.520015  64.660309    39.211    39.211  2 54585.90249253 15.050
 70 203.515136  64.661577    43.134    41.847  3 54655.90252197 20.407
 80 203.512927  64.660270    43.496    43.496  2 55005.90250481 24.064
 83 203.525011  64.661764   107.803   107.803  2 55110.90242478 12.386
 90 203.515268  64.662370    44.378    44.378  2 55355.90238968 17.772
