# NaN NaN NaN ;Mean Elev.(m), Avg Gradient(m/km), RMS Gradient(m/km) - SRTM1     
#   68.366   0.110  30.560 ;Mean Elev.(m), Avg Gradient(m/km), RMS Gradient(m/km) - ASTER GDEM
#   35.848  -0.419  29.989 ;Mean Elev.(m), Avg Gradient(m/km), RMS Gradient(m/km) - GMTED2010 
  7    36.758 52461.30241291 18.65 202.625090  64.810342 15.524
  7    36.689 52461.30241355 19.60 202.622150  64.813452 15.524
  7    36.784 52461.30241420 21.78 202.619210  64.816562 15.524
  8    36.860 52496.30241375 38.14 202.629680  64.810459 22.400
  8    36.823 52496.30241439 36.11 202.626740  64.813569 22.400
  8    36.824 52496.30241504 39.57 202.623810  64.816679 22.400
  8    36.827 52496.30241568 41.64 202.620870  64.819789 22.400
  9    36.857 52531.30239917 50.38 202.608451  64.804366 23.513
  9    36.812 52531.30239981 54.18 202.605511  64.807466 23.513
 10    34.204 52566.30242070 46.70 202.621577  64.808314 22.146
 10    34.261 52566.30242135 46.80 202.618637  64.811424 22.146
 11    33.484 52601.30243456 23.49 202.624099  64.808526  9.652
 11    33.473 52601.30243520 23.90 202.621169  64.811636  9.652
 11    33.505 52601.30243585 25.57 202.618229  64.814746  9.652
 12    34.500 52636.30239795 51.00 202.611951  64.806274 11.104
 12    34.292 52636.30239859 31.86 202.609010  64.809384  7.229
 13    34.016 52671.30240403 24.38 202.622677  64.809641  6.079
 13    34.033 52671.30240467 23.05 202.619737  64.812751  6.079
 13    35.190 52671.30240532 22.33 202.616797  64.815861  6.079
 14    37.040 52706.30240026  8.97 202.618493  64.805987  6.498
 14    37.261 52706.30240090  8.56 202.615553  64.809097  6.498
 14    36.356 52706.30240155 12.16 202.612613  64.812207  6.498
 15    37.953 52741.30243392  8.22 202.622434  64.810110  4.917
 15    36.747 52741.30243457 10.39 202.619494  64.813220  4.917
 15    33.043 52741.30243521 12.74 202.616554  64.816330  4.917
 16    36.759 52776.30237874 48.31 202.634634  64.815376 23.945
 16    36.835 52776.30237938 48.68 202.631694  64.818484 37.143
 17    37.762 52811.30245433 45.11 202.612247  64.804060 15.354
 17    37.987 52811.30245497 48.11 202.609310  64.807172 18.864
 17    37.879 52811.30245561 51.48 202.606370  64.810272 18.864
 18    37.162 52846.30250999 15.46 202.612852  64.806502 15.610
 18    37.165 52846.30251064 19.11 202.609907  64.809612 19.135
 19    37.037 52881.30254675 47.92 202.621287  64.806281 20.978
 19    37.028 52881.30254740 52.37 202.618357  64.809391 20.978
 19    37.079 52881.30254804 50.32 202.615418  64.812505 22.737
 20    34.994 52916.30250498 51.93 202.630061  64.813406 20.882
 20    34.916 52916.30250563 49.46 202.627124  64.816513 31.360
 20    34.987 52916.30250627 45.33 202.624184  64.819623 31.360
 21    33.159 52951.30246459 48.06 202.614971  64.805734 16.672
 21    32.984 52951.30246523 53.32 202.612038  64.808842 19.962
 21    33.005 52951.30246588 34.89 202.609098  64.811952 19.962
 22    36.976 52986.30248403 15.64 202.625693  64.810317  5.476
 22    36.031 52986.30248468 17.14 202.622753  64.813427  5.476
 22    33.164 52986.30248532 19.14 202.619813  64.816537  5.476
 23    37.382 53021.30247385 10.78 202.629846  64.811533  4.377
 23    37.250 53021.30247450 10.39 202.626906  64.814643  4.377
 23    38.294 53021.30247514 10.95 202.623966  64.817753  4.377
 24    36.892 53056.30246314 10.14 202.621198  64.809084  5.157
 24    35.987 53056.30246379 11.02 202.618258  64.812194  5.157
 25    36.621 53091.30250117 11.27 202.623196  64.811066  5.071
 25    36.709 53091.30250182 11.39 202.620256  64.814176  5.071
 25    32.614 53091.30250246 17.79 202.617326  64.817286  5.071
 26    39.990 53126.30247102 36.57 202.618500  64.805756 27.059
 26    34.668 53126.30247167 40.52 202.615560  64.808866 27.059
 26    34.537 53126.30247231 36.82 202.612620  64.811976 27.059
 27    39.709 53161.30253307 41.35 202.618168  64.804520 23.528
 27    39.573 53161.30253371 48.27 202.615228  64.807630 23.528
 27    39.581 53161.30253436 49.54 202.612288  64.810740 23.528
 28    36.609 53196.30253145 45.31 202.625085  64.807953 14.323
 28    36.828 53196.30253210 50.26 202.622143  64.811058 25.299
 28    36.838 53196.30253274 43.98 202.619203  64.814168 25.299
 29    36.274 53231.30251493 47.83 202.629316  64.811699 23.957
 29    36.279 53231.30251557 51.53 202.626376  64.814809 23.957
 29    36.232 53231.30251622 48.51 202.623436  64.817919 23.957
 30    34.382 53266.30248513 50.90 202.632612  64.814506 25.606
 30    34.393 53266.30248578 45.98 202.629672  64.817616 25.606
 31    33.438 53301.30253460 52.00 202.609755  64.804059 22.260
 31    33.259 53301.30253525 50.19 202.606815  64.807169 22.260
 31    33.132 53301.30253589 32.37 202.603875  64.810279 22.260
 32    32.782 53336.30250545 28.12 202.625138  64.808144  8.204
 32    32.810 53336.30250609 25.12 202.622198  64.811254  8.204
 32    32.717 53336.30250674 25.14 202.619258  64.814364  8.204
 33    32.913 53371.30244342 19.40 202.633805  64.815104  6.765
 33    32.992 53371.30244406 19.69 202.630865  64.818214  6.765
 34    33.005 53406.30247793 13.63 202.620117  64.806829  4.546
 34    33.066 53406.30247857 12.99 202.617177  64.809939  4.546
 34    32.654 53406.30247921 13.93 202.614237  64.813049  4.546
 35    32.573 53441.30246553 12.74 202.629975  64.815720  4.500
 35    32.524 53441.30246617 12.74 202.627041  64.818827  3.955
 36    32.543 53476.30253160 16.84 202.613795  64.805869  4.106
 36    32.602 53476.30253225 12.51 202.610855  64.808979  4.106
 38    38.341 53546.30256285 49.67 202.622513  64.808146 20.051
 38    38.425 53546.30256349 50.71 202.619573  64.811256 20.051
 38    38.489 53546.30256414 44.34 202.616629  64.814363 23.751
 39    37.240 53581.30253583 22.75 202.627894  64.809249 18.709
 39    37.248 53581.30253647 27.47 202.624954  64.812359 18.709
 39    37.239 53581.30253712 29.72 202.622014  64.815469 18.709
 39    37.211 53581.30253776 30.54 202.619080  64.818574 25.890
 40    35.979 53616.30249178 33.09 202.628433  64.814214 19.656
 40    35.862 53616.30249242 33.13 202.625496  64.817323 35.948
 41    36.470 53651.30250531 45.54 202.617991  64.808554 19.259
 41    36.423 53651.30250595 48.24 202.615051  64.811664 19.259
 42    34.055 53686.30251157 37.07 202.620386  64.807932 14.380
 42    33.924 53686.30251221 30.39 202.617446  64.811042 14.380
 43    34.728 53721.30243877 19.98 202.631157  64.816836  6.432
 43    34.629 53721.30243942 21.21 202.628218  64.819943  4.806
 44    35.114 53756.30236619 16.45 202.622209  64.806210  4.017
 44    33.651 53756.30236684 17.02 202.619269  64.809320  4.017
 44    33.716 53756.30236748 17.04 202.616329  64.812430  4.017
 45    37.713 53791.30239386 10.87 202.627584  64.811611  2.697
 45    37.112 53791.30239450 11.00 202.624644  64.814721  2.697
 45    37.100 53791.30239515 10.80 202.621707  64.817834  3.077
 46    36.612 53826.30235443  9.89 202.614544  64.806642  2.918
 46    37.334 53826.30235507 10.18 202.611604  64.809752  2.918
 47    34.239 53861.30244447 27.92 202.616143  64.805385 19.109
 47    34.351 53861.30244512 31.01 202.613213  64.808495 19.109
 47    34.082 53861.30244576 28.50 202.610273  64.811605 19.109
 48    37.715 53896.30246457 46.62 202.621763  64.806568 26.686
 48    37.845 53896.30246521 49.99 202.618823  64.809678 26.686
 48    37.637 53896.30246586 49.15 202.615884  64.812790 35.500
 49    39.944 53931.30251580 19.68 202.615365  64.807277 20.078
 49    37.877 53931.30251644 20.07 202.612425  64.810387 20.078
 50    36.589 53966.30249194 29.46 202.621727  64.808714 20.276
 50    36.797 53966.30249259 35.71 202.618787  64.811824 20.276
 51    35.941 54001.30245295 24.78 202.609627  64.805952 22.475
 51    36.064 54001.30245359 25.20 202.606687  64.809062 22.475
 52    34.372 54036.30249364 51.23 202.620877  64.808449 25.147
 52    34.392 54036.30249428 52.27 202.617937  64.811559 25.147
 53    33.242 54071.30248806 27.79 202.624106  64.810168  7.902
 53    33.286 54071.30248871 26.96 202.621166  64.813278  7.902
 53    33.098 54071.30248935 26.16 202.618226  64.816388  7.902
 54    33.396 54106.30244055 22.90 202.631851  64.814400  6.403
 54    33.349 54106.30244120 21.67 202.628911  64.817510  6.403
 55    32.828 54141.30242087 22.35 202.618494  64.805634  6.690
 55    32.874 54141.30242152 22.19 202.615564  64.808744  6.690
 55    32.697 54141.30242216 21.44 202.612624  64.811854  6.690
 56    32.708 54176.30242102 15.89 202.629097  64.810268  4.299
 56    32.734 54176.30242167 16.91 202.626167  64.813378  4.299
 56    32.632 54176.30242231 17.14 202.623227  64.816488  4.299
 56    32.551 54176.30242296 16.81 202.620287  64.819588  4.299
 57    32.809 54211.30242795 26.75 202.618004  64.806500 13.457
 57    32.837 54211.30242859 26.40 202.615064  64.809610 13.457
 57    32.614 54211.30242924 24.85 202.612124  64.812720 13.457
 58    35.279 54246.30245803 45.45 202.621091  64.807949 31.496
 58    35.275 54246.30245867 47.77 202.618151  64.811059 31.496
 58    35.243 54246.30245932 38.05 202.615211  64.814169 31.496
 60    37.177 54316.30246713 48.79 202.627122  64.809449 27.097
 60    37.163 54316.30246778 52.25 202.624182  64.812559 27.097
 60    37.128 54316.30246842 43.10 202.621242  64.815669 27.097
 60    37.082 54316.30246907 48.18 202.618302  64.818769 27.097
 61    36.090 54351.30243509 50.53 202.628407  64.813421 27.759
 61    36.217 54351.30243573 44.24 202.625467  64.816531 27.759
 61    36.090 54351.30243637 40.39 202.622527  64.819631 27.759
 62    34.822 54386.30240600 46.02 202.621571  64.807524 22.855
 62    34.704 54386.30240665 50.73 202.618631  64.810624 22.855
 62    34.708 54386.30240729 42.05 202.615691  64.813734 22.855
 63    33.749 54421.30238451 46.25 202.626807  64.811995 16.818
 63    33.686 54421.30238516 48.76 202.623867  64.815095 16.818
 63    33.617 54421.30238580 35.87 202.620927  64.818205 16.818
 64    33.831 54456.30237878 18.10 202.614108  64.806269  6.364
 64    33.621 54456.30237943 20.82 202.611168  64.809379  6.364
 65    37.268 54491.30238595 12.24 202.626366  64.811750  3.177
 65    37.238 54491.30238660 11.47 202.623426  64.814860  3.177
 65    37.513 54491.30238724 11.36 202.620486  64.817970  3.177
 66    65.797 54526.30239151  0.55 202.620990  64.806914  3.219
 66    38.818 54526.30239216  6.58 202.618050  64.810014  3.219
 66    38.117 54526.30239280  9.14 202.615110  64.813124  3.219
 67    32.748 54561.30239438 24.24 202.628674  64.811401 15.339
 67    32.855 54561.30239502 27.02 202.625744  64.814509 11.658
 67    32.947 54561.30239567 25.26 202.622804  64.817619 11.658
 68    34.888 54596.30238775 36.00 202.622794  64.808462 29.468
 68    34.994 54596.30238840 39.27 202.619854  64.811572 29.468
 68    34.902 54596.30238904 36.32 202.616914  64.814682 29.468
 69    37.428 54631.30240148 36.74 202.621543  64.809080 27.828
 69    37.470 54631.30240212 41.66 202.618603  64.812190 27.828
 70    37.675 54666.30240732 39.35 202.622723  64.807344 14.599
 70    37.608 54666.30240797 40.94 202.619786  64.810449 19.262
 70    37.693 54666.30240861 39.13 202.616846  64.813559 19.262
 71    37.511 54701.30237699 37.57 202.629158  64.814730 16.615
 71    37.512 54701.30237764 39.87 202.626218  64.817838 30.778
 72    35.801 54736.30236726 50.53 202.615516  64.807104 29.064
 72    35.852 54736.30236791 53.16 202.612576  64.810204 29.064
 73    33.724 54771.30235695 48.14 202.626001  64.811702 16.713
 73    33.676 54771.30235760 43.66 202.623061  64.814806 10.252
 73    33.575 54771.30235824 32.09 202.620121  64.817916 10.252
 74    34.613 54806.30236079 26.79 202.615072  64.806262 10.108
 74    34.591 54806.30236144 24.10 202.612132  64.809362 10.108
 75    36.850 54841.30235254 14.94 202.624256  64.809454  4.567
 75    36.390 54841.30235318 15.43 202.621313  64.812569  4.109
 75    35.414 54841.30235383 15.44 202.618373  64.815669  4.109
 76    38.099 54876.30236230  7.66 202.618457  64.808067  2.572
 76    37.519 54876.30236295  7.70 202.615517  64.811177  2.572
 77    39.771 54911.30235790  5.76 202.629112  64.811095  2.419
 77    39.221 54911.30235854  6.29 202.626178  64.814201  2.243
 77    38.874 54911.30235919  6.12 202.623238  64.817311  2.243
 78    32.850 54946.30235473 19.25 202.618287  64.805515 15.836
 78    32.964 54946.30235537 22.94 202.615347  64.808615 15.836
 78    32.949 54946.30235602 17.99 202.612407  64.811725 15.836
 79    38.895 54981.30238109 44.29 202.622829  64.807936 32.705
 79    38.809 54981.30238173 48.79 202.619899  64.811046 32.705
 79    38.768 54981.30238237 45.01 202.616959  64.814156 32.705
 80    37.874 55016.30238226 34.06 202.622771  64.809344 22.324
 80    38.058 55016.30238290 41.10 202.619827  64.812448 29.835
 80    37.976 55016.30238355 44.55 202.616887  64.815558 29.835
 81    36.039 55051.30237677 48.06 202.625853  64.808419 16.116
 81    36.090 55051.30237741 51.72 202.622915  64.811526 20.625
 81    36.032 55051.30237806 43.75 202.619975  64.814636 20.625
 81    35.906 55051.30237870 42.76 202.617035  64.817746 20.625
 82    36.501 55086.30234254 40.13 202.630641  64.813461 25.675
 82    36.542 55086.30234318 43.11 202.627711  64.816561 25.675
 82    36.355 55086.30234383 49.62 202.624771  64.819671 25.675
 83    34.752 55121.30231039 46.20 202.619772  64.806158 23.327
 83    34.774 55121.30231103 51.48 202.616832  64.809268 23.327
 83    34.646 55121.30231168 46.50 202.613892  64.812378 23.327
 84    33.417 55156.30230222 21.27 202.625992  64.810991  6.650
 84    33.452 55156.30230286 25.97 202.623062  64.814101  6.650
 84    33.376 55156.30230351 26.38 202.620122  64.817211  6.650
 85    36.977 55191.30230008 11.60 202.615600  64.806072  4.112
 85    34.485 55191.30230073 16.33 202.612660  64.809172  4.112
 85    34.087 55191.30230137 17.26 202.609730  64.812282  4.112
 86    36.836 55226.30230247 13.58 202.627108  64.809312  3.542
 86    36.289 55226.30230311 14.21 202.624178  64.812422  3.542
 86    35.586 55226.30230376 13.86 202.621238  64.815532  3.542
 86    35.954 55226.30230440 13.14 202.618298  64.818642  3.542
 87    35.870 55261.30229572 12.51 202.623009  64.807763  3.776
 87    36.118 55261.30229637 12.09 202.620069  64.810873  3.776
 87    35.069 55261.30229701 12.71 202.617129  64.813983  3.776
 88    35.465 55296.30228821 10.77 202.629025  64.812088  3.297
 88    35.392 55296.30228886 10.49 202.626085  64.815198  3.297
 88    35.367 55296.30228950 10.58 202.623145  64.818308  3.297
 89    39.393 55331.30227666 42.06 202.621929  64.808793 23.398
 89    39.348 55331.30227731 45.39 202.618989  64.811903 23.398
 90    36.533 55366.30226952 38.28 202.627481  64.809672 22.207
 90    36.616 55366.30227017 39.13 202.624541  64.812782 22.207
 90    36.709 55366.30227081 37.81 202.621601  64.815892 22.207
 90    36.586 55366.30227146 38.98 202.618661  64.819002 22.207
 91    38.895 55401.30228235 45.25 202.616887  64.806439 28.341
 91    38.595 55401.30228299 47.54 202.613957  64.809549 28.341
 91    38.469 55401.30228364 45.64 202.611017  64.812659 28.341
 92    37.452 55436.30228690 48.20 202.627196  64.809888 20.887
 92    37.484 55436.30228754 50.77 202.624256  64.812998 20.887
 92    37.473 55436.30228819 43.42 202.621316  64.816108 20.887
 92    37.516 55436.30228883 49.82 202.618376  64.819218 20.887
 93    35.194 55471.30223946 36.23 202.630128  64.816232 15.694
 93    35.186 55471.30224011 45.15 202.627192  64.819340 28.786
