# NaN NaN NaN ;Mean Elev.(m), Avg Gradient(m/km), RMS Gradient(m/km) - SRTM1     
#   47.215 -25.158 101.533 ;Mean Elev.(m), Avg Gradient(m/km), RMS Gradient(m/km) - ASTER GDEM
#   41.174 -22.270 100.206 ;Mean Elev.(m), Avg Gradient(m/km), RMS Gradient(m/km) - GMTED2010 
  7    50.707 52466.90053142 26.69 204.323389  64.757327 21.291
  7    46.886 52466.90053206 30.56 204.320469  64.754217 21.291
  7    45.632 52466.90053271 29.40 204.317539  64.751107 21.291
  9    52.088 52536.90050939 13.80 204.338937  64.755500 22.977
  9    51.860 52536.90051003 14.32 204.336007  64.752390 22.977
  9    52.390 52536.90051068 13.83 204.333077  64.749280 22.977
  9    53.674 52536.90051132 18.61 204.330147  64.746180 22.977
 10    42.686 52571.90054575 42.13 204.326501  64.759022 19.384
 10    42.212 52571.90054639 47.57 204.323571  64.755912 19.384
 10    42.386 52571.90054704 37.72 204.320641  64.752802 19.384
 10    42.481 52571.90054768 38.43 204.317721  64.749692 19.384
 11    42.739 52606.90050592 37.18 204.321449  64.758324  8.740
 11    42.165 52606.90050656 29.79 204.318523  64.755211  7.565
 11    41.999 52606.90050721 27.11 204.315593  64.752101  7.565
 11    41.897 52606.90050785 25.94 204.312673  64.748991  7.565
 12    43.478 52641.90050278 25.53 204.331212  64.756680 11.650
 12    46.303 52641.90050343 21.77 204.328282  64.753570 11.650
 12    43.883 52641.90050407 22.22 204.325362  64.750460 11.650
 12    43.894 52641.90050472 20.95 204.322432  64.747350 11.650
 14    47.782 52711.90051975  5.94 204.331242  64.757071  4.700
 14    47.320 52711.90052040  6.59 204.328312  64.753971  4.700
 14    47.375 52711.90052104  6.08 204.325392  64.750861  4.700
 14    48.040 52711.90052169  6.02 204.322462  64.747751  4.700
 15    41.988 52746.90054641 14.38 204.313066  64.762307  8.236
 15    42.433 52746.90054705  9.65 204.310136  64.759197  8.236
 15    41.883 52746.90054769  5.93 204.307206  64.756087  8.236
 15    41.626 52746.90054834  4.61 204.304276  64.752977  8.236
 16    43.973 52781.90048564 21.47 204.336430  64.756002  8.636
 16    44.135 52781.90048629 25.01 204.333493  64.752896 26.384
 16    44.165 52781.90048693 27.88 204.330563  64.749786 26.384
 16    49.551 52781.90048757 28.57 204.327633  64.746676 26.384
 17    44.150 52816.90056535 32.87 204.335017  64.756363 21.747
 17    44.041 52816.90056599 38.91 204.332087  64.753263 21.747
 17    44.072 52816.90056664 28.51 204.329157  64.750153 21.747
 17    43.767 52816.90056728 28.18 204.326227  64.747043 21.747
 18    46.259 52851.90061643 15.87 204.331407  64.755344 15.798
 18    46.862 52851.90061707 16.78 204.328487  64.752234 15.798
 18    46.974 52851.90061772 17.76 204.325557  64.749124 15.798
 21    41.667 52956.90057106 39.24 204.338638  64.754815 16.482
 21    41.494 52956.90057171 33.70 204.335708  64.751715 16.482
 21    41.918 52956.90057235 31.14 204.332778  64.748605 16.482
 22    42.025 52991.90059091 18.98 204.332541  64.757007  7.686
 22    42.653 52991.90059155 18.05 204.329621  64.753897  7.686
 22    42.808 52991.90059220 15.98 204.326691  64.750787  7.686
 22    42.798 52991.90059284 19.81 204.323761  64.747677  7.686
 23    42.199 53026.90055668 12.49 204.322987  64.758399  4.977
 23    41.979 53026.90055733 12.71 204.320057  64.755289  4.977
 23    42.032 53026.90055797 12.17 204.317137  64.752179  4.977
 23    42.366 53026.90055862 11.42 204.314207  64.749069  4.977
 24    41.250 53061.90056620 12.45 204.332799  64.755094  5.920
 24    40.206 53061.90056684 13.29 204.329869  64.751984  5.920
 24    40.957 53061.90056749 11.78 204.326949  64.748874  5.920
 25    42.157 53096.90059055  9.53 204.311102  64.760356  3.098
 25    42.526 53096.90059119  8.14 204.308182  64.757246  3.098
 25    42.655 53096.90059184  7.12 204.305252  64.754136  3.098
 25    42.399 53096.90059248  7.67 204.302322  64.751026  3.098
 26    43.477 53131.90056326 47.53 204.339308  64.757251 29.586
 26    43.482 53131.90056390 52.37 204.336378  64.754141 29.586
 26    43.513 53131.90056455 38.31 204.333448  64.751031 29.586
 26    43.416 53131.90056519 45.51 204.330518  64.747921 29.586
 28    45.592 53201.90064131 34.00 204.325262  64.757059 18.835
 28    45.600 53201.90064196 40.63 204.322332  64.753949 18.835
 28    45.112 53201.90064260 27.25 204.319402  64.750839 18.835
 29    45.683 53236.90061054 34.89 204.324289  64.757250 19.153
 29    47.800 53236.90061118 36.80 204.321359  64.754140 19.153
 29    46.618 53236.90061183 24.07 204.318429  64.751030 19.153
 30    42.729 53271.90056736 21.76 204.344751  64.756561 13.238
 30    43.426 53271.90056801 21.41 204.341821  64.753451 13.238
 30    43.551 53271.90056865 21.21 204.338891  64.750341 13.238
 30    43.699 53271.90056930 20.08 204.335961  64.747241 13.238
 31    44.211 53306.90063203 38.36 204.326220  64.758693 14.747
 31    48.057 53306.90063267 37.02 204.323290  64.755583 14.747
 31    42.704 53306.90063332 28.11 204.320360  64.752473 14.747
 31    43.753 53306.90063396 25.84 204.317430  64.749373 14.747
 32    42.314 53341.90059960 21.00 204.319241  64.758505  6.411
 32    42.337 53341.90060024 19.44 204.316321  64.755395  6.411
 32    42.565 53341.90060089 19.35 204.313391  64.752285  6.411
 33    42.508 53376.90053322 19.82 204.314698  64.759078  8.881
 33    42.325 53376.90053386 16.42 204.311778  64.755958  8.881
 33    45.334 53376.90053451 16.32 204.308848  64.752848  8.881
 34    41.558 53411.90057477 13.87 204.329654  64.757651  5.310
 34    40.693 53411.90057542 13.54 204.326724  64.754541  5.310
 34    42.047 53411.90057606 12.07 204.323794  64.751431  5.310
 34    42.467 53411.90057671 10.80 204.320874  64.748321  5.310
 35    41.260 53446.90055829 21.57 204.342723  64.757230 11.514
 35    40.930 53446.90055893 18.83 204.339793  64.754120 11.514
 35    41.423 53446.90055958 15.16 204.336863  64.751010 11.514
 35    41.135 53446.90056022 15.53 204.333933  64.747910 11.514
 36    42.260 53481.90064387  8.69 204.325809  64.758551  3.690
 36    41.980 53481.90064451  8.59 204.322879  64.755451  3.690
 36    41.983 53481.90064516  6.46 204.319959  64.752341  3.690
 36    41.712 53481.90064580  6.36 204.317029  64.749231  3.690
 37    48.515 53516.90064647 18.00 204.323171  64.757229 28.430
 37    49.185 53516.90064712 18.42 204.320241  64.754119 28.430
 38    45.476 53551.90066678 21.84 204.318796  64.760113 28.268
 38    45.260 53551.90066743 21.03 204.315866  64.757003 28.268
 38    46.461 53551.90066807 20.65 204.312936  64.753893 28.268
 38    47.026 53551.90066872 21.09 204.310016  64.750783 28.268
 39    44.004 53586.90062127 19.72 204.324343  64.759849 19.261
 39    44.023 53586.90062192 18.70 204.321413  64.756739 19.261
 39    43.824 53586.90062256 19.71 204.318483  64.753629 19.261
 39    43.659 53586.90062321 19.88 204.315563  64.750519 19.261
 40    43.762 53621.90058680 21.65 204.332268  64.755158 18.031
 40    43.617 53621.90058744 25.56 204.329338  64.752048 18.031
 40    43.426 53621.90058809 26.61 204.326408  64.748938 18.031
 41    45.750 53656.90061455 43.03 204.330680  64.757439 19.718
 41    48.896 53656.90061520 39.38 204.327750  64.754339 19.718
 41    45.164 53656.90061584 28.52 204.324830  64.751229 19.718
 41    44.133 53656.90061649 30.80 204.321900  64.748119 19.718
 42    42.538 53691.90060097 22.08 204.319766  64.759090  6.923
 42    42.415 53691.90060162 22.04 204.316836  64.755980  6.923
 42    42.293 53691.90060226 23.03 204.313906  64.752870  6.923
 42    42.321 53691.90060291 23.78 204.310986  64.749760  6.923
 43    42.929 53726.90052436 18.49 204.315202  64.760854  4.859
 43    43.074 53726.90052501 18.14 204.312272  64.757744  4.859
 43    43.009 53726.90052565 17.13 204.309352  64.754634  4.859
 43    42.955 53726.90052630 16.37 204.306422  64.751524  4.859
 44    42.009 53761.90047717 20.32 204.341981  64.755880  6.334
 44    41.948 53761.90047781 19.74 204.339051  64.752780  6.334
 44    42.513 53761.90047846 17.11 204.336131  64.749670  6.334
 44    42.479 53761.90047910 15.62 204.333201  64.746560  6.334
 45    42.256 53796.90049010 11.89 204.321127  64.759360  3.484
 45    42.580 53796.90049074 11.22 204.318197  64.756250  3.484
 45    42.072 53796.90049139 12.09 204.315277  64.753140  3.484
 45    42.002 53796.90049203 11.07 204.312347  64.750030  3.484
 47    43.766 53866.90054870 38.84 204.327691  64.755561 14.347
 47    43.275 53866.90054935 35.33 204.324758  64.752452 22.396
 47    43.314 53866.90054999 39.25 204.321828  64.749342 22.396
 48    45.420 53901.90057779 15.58 204.325937  64.758521  4.855
 48    44.839 53901.90057844 15.35 204.323007  64.755410 16.164
 48    48.098 53901.90057908 17.21 204.320077  64.752300 16.164
 48    49.180 53901.90057972 15.06 204.317157  64.749190 16.164
 49    45.205 53936.90061735 19.95 204.313414  64.755175 16.982
 49    44.869 53936.90061799 19.95 204.310484  64.752065 16.982
 50    46.648 53971.90058166 41.41 204.316284  64.760536 14.109
 50    46.667 53971.90058230 46.23 204.313354  64.757426 14.109
 50    46.689 53971.90058295 44.23 204.310433  64.754311 16.339
 50    46.095 53971.90058359 44.59 204.307503  64.751201 16.339
 52    43.882 54041.90059181 42.55 204.334659  64.755627 19.191
 52    51.083 54041.90059246 32.45 204.331729  64.752507 19.191
 52    48.124 54041.90059310 27.21 204.328809  64.749407 19.191
 53    43.250 54076.90058580 23.13 204.321129  64.759250  5.178
 53    43.308 54076.90058645 26.50 204.318198  64.756138  8.878
 53    43.312 54076.90058709 29.05 204.315268  64.753028  8.878
 53    43.485 54076.90058773 30.20 204.312348  64.749918  8.878
 54    43.015 54111.90052608 13.87 204.310754  64.760870  3.782
 54    42.896 54111.90052672 13.79 204.307824  64.757760  3.782
 54    42.953 54111.90052736 13.94 204.304907  64.754651  3.765
 54    42.710 54111.90052801 13.33 204.301977  64.751541  3.765
 55    41.652 54146.90052769 17.23 204.330928  64.757456  6.216
 55    42.004 54146.90052834 16.47 204.327999  64.754348  3.853
 55    42.265 54146.90052898 14.04 204.325079  64.751238  3.853
 55    42.352 54146.90052963 13.51 204.322149  64.748128  3.853
 56    42.661 54181.90051389 10.76 204.312280  64.759326  3.711
 56    42.773 54181.90051453 10.11 204.309360  64.756206  3.711
 56    42.786 54181.90051518  9.81 204.306430  64.753096  3.711
 56    42.633 54181.90051582 10.26 204.303510  64.749986  3.711
 57    47.381 54216.90053633 23.39 204.329235  64.756203 15.793
 57    47.575 54216.90053697 23.81 204.326305  64.753083 15.793
 57    48.215 54216.90053762 24.83 204.323375  64.749983 15.793
 59    45.109 54286.90056745 16.71 204.324938  64.758487 13.232
 59    45.151 54286.90056809 18.81 204.322018  64.755377 13.232
 59    45.255 54286.90056874 17.94 204.319088  64.752267 13.232
 60    46.603 54321.90056582 39.41 204.320775  64.752289 21.674
 60    44.793 54321.90056646 50.45 204.317845  64.749179 21.674
 61    44.329 54356.90052416 25.58 204.314666  64.759352 24.846
 61    44.350 54356.90052480 29.70 204.311746  64.756242 24.846
 61    44.912 54356.90052545 27.08 204.308816  64.753132 24.846
 61    44.341 54356.90052609 33.18 204.305896  64.750022 24.846
 62    44.176 54391.90050497 35.07 204.328328  64.759109 20.590
 62    43.606 54391.90050561 41.31 204.325408  64.755999 20.590
 62    43.521 54391.90050626 32.68 204.322478  64.752889 20.590
 62    43.580 54391.90050690 30.39 204.319548  64.749779 20.590
 63    42.950 54426.90047429 17.44 204.321438  64.758672  6.387
 63    42.974 54426.90047494 17.33 204.318518  64.755562  6.387
 63    43.106 54426.90047558 19.53 204.315588  64.752452  6.387
 63    42.736 54426.90047623 20.56 204.312658  64.749332  6.387
 64    42.967 54461.90048281 14.55 204.331262  64.756029  5.054
 64    43.220 54461.90048345 16.40 204.328332  64.752919  5.054
 64    43.100 54461.90048409 16.90 204.325402  64.749809  5.054
 65    42.904 54496.90048158 12.32 204.322887  64.760089  2.937
 65    43.177 54496.90048223 11.51 204.319957  64.756979  2.937
 65    43.503 54496.90048287 11.04 204.317027  64.753869  2.937
 65    45.424 54496.90048352 10.32 204.314097  64.750759  2.937
 66    42.841 54531.90049590 10.92 204.330034  64.756556  4.559
 66    43.186 54531.90049654 10.37 204.327104  64.753446  4.559
 66    42.976 54531.90049718 11.76 204.324174  64.750336  4.559
 67    46.534 54566.90048711  4.12 204.314220  64.759157  5.001
 67    48.602 54566.90048776  4.07 204.311300  64.756047  5.001
 67    48.412 54566.90048840  4.27 204.308370  64.752937  5.001
 67    48.870 54566.90048905  4.53 204.305440  64.749827  5.001
 69    51.815 54636.90050236 19.32 204.325051  64.759830 17.414
 69    48.659 54636.90050300 13.03 204.322131  64.756720 17.414
 69    46.017 54636.90050365 14.19 204.319201  64.753610 17.414
 69    48.738 54636.90050429 13.99 204.316271  64.750500 17.414
 70    45.981 54671.90050595 24.29 204.323107  64.759530 20.414
 70    46.518 54671.90050660 26.47 204.320177  64.756420 20.414
 70    46.594 54671.90050724 29.35 204.317257  64.753310 20.414
 70    46.923 54671.90050789 41.82 204.314327  64.750200 20.414
 71    45.404 54706.90046586 23.37 204.321240  64.760266 23.094
 71    45.990 54706.90046650 29.87 204.318310  64.757156 23.094
 71    46.201 54706.90046715 34.57 204.315390  64.754046 23.094
 71    45.941 54706.90046779 32.41 204.312460  64.750936 23.094
 72    45.354 54741.90047120 37.74 204.327806  64.755816 22.959
 72    45.012 54741.90047184 30.05 204.324876  64.752706 22.959
 72    44.608 54741.90047249 38.79 204.321946  64.749596 22.959
 73    43.791 54776.90044786 35.96 204.320936  64.757135 10.732
 73    43.666 54776.90044850 27.94 204.318006  64.754025 10.732
 73    42.974 54776.90044914 25.37 204.315086  64.750915 10.732
 74    42.150 54811.90046438 16.51 204.333471  64.756518  5.875
 74    42.257 54811.90046502 15.42 204.330541  64.753408  5.875
 74    42.174 54811.90046567 14.64 204.327611  64.750298  5.875
 74    42.146 54811.90046631 13.79 204.324681  64.747188  5.875
 75    46.018 54846.90044775  5.79 204.319163  64.758543  6.869
 75    45.190 54846.90044839  8.59 204.316233  64.755433  6.869
 75    45.356 54846.90044904 10.02 204.313303  64.752323  6.869
 76    41.637 54881.90046767  9.82 204.328069  64.757709  3.541
 76    41.597 54881.90046832 10.13 204.325139  64.754589  3.541
 76    43.283 54881.90046896  8.82 204.322209  64.751479  3.541
 76    43.893 54881.90046961  8.01 204.319289  64.748369  3.541
 77    43.285 54916.90045048  6.11 204.314192  64.761418  2.897
 77    47.525 54916.90045113  6.37 204.311262  64.758308  2.897
 77    47.789 54916.90045177  5.49 204.308332  64.755198  2.897
 77    48.717 54916.90045241  4.70 204.305412  64.752088  2.897
 78    44.740 54951.90046081 24.06 204.328395  64.759021 17.693
 78    44.027 54951.90046146 29.44 204.325465  64.755911 17.693
 78    45.474 54951.90046210 25.10 204.322545  64.752801 17.693
 78    44.107 54951.90046275 28.26 204.319615  64.749691 17.693
 80    46.718 55021.90047936 14.48 204.319807  64.753323 20.416
 80   113.734 55021.90048000 12.67 204.316887  64.750213 20.416
 82    43.079 55091.90043205 25.55 204.313293  64.757449 19.783
 82    43.294 55091.90043270 28.04 204.310363  64.754339 19.783
 82    43.345 55091.90043334 26.85 204.307443  64.751229 19.783
 84    42.831 55161.90039301 19.61 204.320687  64.759061  7.379
 84    43.060 55161.90039366 21.59 204.317757  64.755951  7.379
 84    42.935 55161.90039430 21.09 204.314827  64.752841  7.379
 84    42.759 55161.90039494 22.70 204.311907  64.749731  7.379
 86    42.830 55231.90039641 12.04 204.317232  64.760927  5.177
 86    43.061 55231.90039706 11.01 204.314302  64.757817  5.177
 86    42.715 55231.90039770 10.91 204.311372  64.754707  5.177
 86    42.701 55231.90039835 11.23 204.308452  64.751597  5.177
 87    42.372 55266.90040010 13.30 204.327805  64.758020  6.212
 87    43.245 55266.90040138 11.24 204.321945  64.751800  6.212
 87    42.620 55266.90040203 16.08 204.319025  64.748690  6.212
 88    42.861 55301.90037735  9.55 204.315866  64.759163  7.673
 88    42.677 55301.90037799 10.15 204.312936  64.756053  7.673
 88    41.721 55301.90037864 19.01 204.310006  64.752943  7.673
 88    41.832 55301.90037928 22.76 204.307086  64.749833  7.673
 89    48.375 55336.90037494 35.18 204.322471  64.757397 31.153
 89    49.493 55336.90037559 29.63 204.319541  64.754287 31.153
 89    50.769 55336.90037623 27.02 204.316611  64.751177 31.153
 90    45.149 55371.90036462 31.49 204.325000  64.758934 29.812
 90    45.019 55371.90036526 36.19 204.322070  64.755824 29.812
 90    46.178 55371.90036591 33.67 204.319150  64.752714 29.812
 90    45.770 55371.90036655 26.39 204.316220  64.749604 29.812
 91    44.803 55406.90038432 49.40 204.331528  64.757971 29.537
 91    44.807 55406.90038496 50.51 204.328598  64.754861 29.537
 91    44.820 55406.90038561 37.02 204.325668  64.751751 29.537
 91    44.962 55406.90038625 48.83 204.322738  64.748641 29.537
 92    46.013 55441.90038396 35.44 204.322085  64.757668 17.033
 92    46.395 55441.90038460 34.58 204.319155  64.754558 17.033
 93    42.556 55476.90032574 49.48 204.314019  64.758758 27.215
 93    42.352 55476.90032638 52.94 204.311089  64.755648 27.215
 93    42.558 55476.90032703 36.31 204.308169  64.752538 27.215
