# NaN NaN NaN ;Mean Elev.(m), Avg Gradient(m/km), RMS Gradient(m/km) - SRTM1     
#    7.317  -0.194   1.664 ;Mean Elev.(m), Avg Gradient(m/km), RMS Gradient(m/km) - ASTER GDEM
#    0.218   0.046   0.762 ;Mean Elev.(m), Avg Gradient(m/km), RMS Gradient(m/km) - GMTED2010 
  8     1.974 52498.32790999 24.55 195.224064  62.594733 44.569
  8     1.466 52498.32791064 21.18 195.221514  62.597873 44.569
  8     0.454 52498.32791128 22.75 195.218974  62.601013 44.569
  8     0.926 52498.32791193 23.06 195.216424  62.604153 44.569
  8     1.052 52498.32791257 33.03 195.213878  62.607293 32.911
 10   317.809 52568.32792340 35.53 195.215634  62.591739 21.124
 10   317.592 52568.32792404 29.65 195.213084  62.594879 21.124
 10   317.280 52568.32792469 29.18 195.210534  62.598019 21.124
 10   317.403 52568.32792533 27.80 195.207984  62.601159 21.124
 10   317.963 52568.32792598 27.56 195.205434  62.604299 21.124
 11     1.549 52603.32791691 27.64 195.221780  62.592313  9.473
 11     1.377 52603.32791755 29.21 195.219240  62.595463  9.473
 11     1.244 52603.32791820 30.93 195.216690  62.598603  9.473
 11     1.194 52603.32791884 31.41 195.214150  62.601743  9.473
 11     1.288 52603.32791949 32.61 195.211600  62.604883  9.473
 11     1.497 52603.32792013 36.01 195.209050  62.608023  9.473
 12     0.322 52638.32789178 23.94 195.207387  62.590364  3.584
 12     0.335 52638.32789242 23.67 195.204837  62.593504  3.584
 12     0.302 52638.32789307 25.11 195.202287  62.596644  3.584
 12     0.364 52638.32789371 24.52 195.199737  62.599784  3.584
 12     0.454 52638.32789436 23.81 195.197187  62.602924  3.584
 13     1.192 52673.32789126 19.17 195.221045  62.592984  3.447
 13     1.060 52673.32789190 20.11 195.218495  62.596124  3.447
 13     0.888 52673.32789255 20.80 195.215945  62.599274  3.447
 13     0.906 52673.32789319 20.91 195.213405  62.602414  3.447
 13     1.120 52673.32789383 19.84 195.210855  62.605554  3.447
 13     1.406 52673.32789448 19.56 195.208305  62.608694  3.447
 14     0.360 52708.32790005 18.00 195.212252  62.590632  5.944
 14     0.171 52708.32790070 18.06 195.209702  62.593772  5.944
 14     0.429 52708.32790134 19.17 195.207152  62.596912  5.944
 14     0.996 52708.32790199 19.46 195.204603  62.600049  8.021
 14     1.147 52708.32790263 21.37 195.202063  62.603189  8.021
 15     1.166 52743.32793019 41.79 195.217148  62.591686 25.154
 15     1.172 52743.32793083 43.44 195.214598  62.594826 25.154
 15     1.107 52743.32793148 43.05 195.212058  62.597966 25.154
 15     1.227 52743.32793212 43.22 195.209506  62.601106 36.736
 15     1.164 52743.32793277 41.40 195.206956  62.604246 36.736
 17     1.031 52813.32795036 29.39 195.205467  62.589954 35.139
 17     1.407 52813.32795101 36.12 195.202917  62.593094 35.139
 17     1.402 52813.32795165 41.19 195.200367  62.596234 35.139
 17     1.462 52813.32795230 42.10 195.197827  62.599374 35.139
 17     1.504 52813.32795294 43.25 195.195270  62.602519 37.234
 18     2.433 52848.32800404 21.99 195.209372  62.590685 34.052
 18     1.816 52848.32800468 19.44 195.206822  62.593825 34.052
 18     1.061 52848.32800533 20.71 195.204272  62.596965 34.052
 18     1.071 52848.32800597 24.83 195.201722  62.600105 34.052
 18     1.309 52848.32800662 26.28 195.199172  62.603245 34.052
 19     2.305 52883.32804021 26.03 195.215194  62.592550 36.383
 19     1.759 52883.32804086 16.65 195.212654  62.595690 36.383
 19     0.859 52883.32804150 21.41 195.210104  62.598830 36.383
 19     0.907 52883.32804215 21.83 195.207554  62.601970 36.383
 19     1.140 52883.32804279 22.18 195.205004  62.605110 36.383
 20     2.613 52918.32799647 34.78 195.226855  62.592377 38.672
 20     2.427 52918.32799712 24.95 195.224305  62.595517 38.672
 20     1.563 52918.32799776 24.62 195.221765  62.598657 38.672
 20     0.604 52918.32799841 29.56 195.219215  62.601797 38.672
 20     0.722 52918.32799905 30.43 195.216665  62.604937 38.672
 20     0.875 52918.32799969 34.38 195.214125  62.608077 38.672
 21     2.648 52953.32795884 25.64 195.212667  62.590329 37.572
 21     2.283 52953.32795949 21.94 195.210117  62.593469 37.572
 21     1.302 52953.32796013 22.48 195.207577  62.596613 11.422
 21     1.053 52953.32796078 23.61 195.205027  62.599753 11.422
 21     1.280 52953.32796142 25.69 195.202477  62.602893 11.422
 22     1.123 52988.32796886 27.76 195.224515  62.593446  5.894
 22     1.101 52988.32796951 31.19 195.221965  62.596586  5.894
 22     0.948 52988.32797015 28.01 195.219425  62.599726  5.894
 22     0.743 52988.32797080 27.12 195.216875  62.602866  5.894
 22     0.743 52988.32797144 26.29 195.214325  62.606006  5.894
 22     1.106 52988.32797208 24.29 195.211774  62.609152  3.938
 23     1.252 53023.32795658 17.13 195.228041  62.594518  2.924
 23     1.132 53023.32795723 16.80 195.225491  62.597658  2.924
 23     0.917 53023.32795787 17.76 195.222941  62.600798  2.924
 23     0.784 53023.32795852 17.07 195.220401  62.603938  2.924
 23     0.796 53023.32795916 16.65 195.217851  62.607078  2.924
 24     1.151 53058.32795082 15.96 195.221734  62.592097  3.488
 24     1.110 53058.32795147 16.68 195.219184  62.595237  3.488
 24     0.981 53058.32795211 19.17 195.216634  62.598377  3.488
 24     0.845 53058.32795276 19.15 195.214094  62.601517  3.488
 24     1.057 53058.32795340 17.91 195.211544  62.604657  3.488
 24     1.161 53058.32795405 16.79 195.208994  62.607807  3.488
 25     1.188 53093.32798858 11.54 195.221126  62.591352  2.192
 25     1.198 53093.32798923 12.18 195.218586  62.594492  2.192
 25     0.905 53093.32798987 12.43 195.216036  62.597632  2.192
 25     0.872 53093.32799052 12.75 195.213496  62.600772  2.192
 25     1.046 53093.32799116 12.97 195.210946  62.603922  2.192
 25     1.372 53093.32799181 12.08 195.208396  62.607062  2.192
 26     0.916 53128.32796024 50.29 195.214952  62.591672 39.688
 26     0.768 53128.32796088 47.26 195.212402  62.594812 39.688
 26     0.874 53128.32796153 35.36 195.209852  62.597952 39.688
 26     0.769 53128.32796217 33.96 195.207302  62.601092 39.688
 26     0.774 53128.32796282 35.41 195.204762  62.604232 39.688
 28     2.426 53198.32802654 26.49 195.217909  62.592064 38.979
 28     1.973 53198.32802718 20.31 195.215359  62.595214 38.979
 28     0.949 53198.32802783 20.23 195.212809  62.598354 38.979
 28     0.890 53198.32802847 21.26 195.210259  62.601494 38.979
 28     1.060 53198.32802912 20.88 195.207709  62.604634 38.979
 29     2.433 53233.32800051 26.22 195.228063  62.595093 36.269
 29     1.861 53233.32800115 21.32 195.225513  62.598233 36.269
 29     0.599 53233.32800180 20.40 195.222973  62.601373 36.269
 29     0.771 53233.32800244 21.33 195.220423  62.604523 36.269
 29     2.573 53233.32800309 19.42 195.217873  62.607663 36.269
 30     2.673 53268.32796783 34.21 195.232659  62.593155 39.589
 30     2.388 53268.32796848 23.60 195.230119  62.596295 39.589
 30     1.396 53268.32796912 20.58 195.227569  62.599435 39.589
 30     0.775 53268.32796977 22.80 195.225029  62.602575 39.589
 30     1.178 53268.32797041 22.39 195.222479  62.605715 39.589
 31     1.976 53303.32802585 21.90 195.204391  62.589725 29.196
 31     0.138 53303.32802649 24.20 195.201841  62.592865 29.196
 31     0.477 53303.32802714 26.92 195.199301  62.596005 29.196
 31     0.789 53303.32802778 28.06 195.196751  62.599145 29.196
 31     0.578 53303.32802843 32.78 195.194201  62.602285 29.196
 32     1.792 53338.32799528 24.98 195.221239  62.592481  7.666
 32     1.012 53338.32799592 25.94 195.218699  62.595621  7.666
 32     0.891 53338.32799657 25.73 195.216149  62.598761  7.666
 32     0.909 53338.32799721 25.35 195.213599  62.601911  7.666
 32     0.953 53338.32799786 25.20 195.211049  62.605051  7.666
 32     1.083 53338.32799850 26.42 195.208509  62.608191  7.666
 33     2.170 53373.32792896 38.12 195.231381  62.595563 18.970
 33     2.205 53373.32792960 37.80 195.228841  62.598703 18.970
 33     2.144 53373.32793025 34.34 195.226291  62.601853 18.970
 33     2.065 53373.32793089 32.46 195.223741  62.604993 18.970
 33     2.120 53373.32793154 32.68 195.221201  62.608133 18.970
 34     1.058 53408.32796848 13.90 195.216900  62.591248  2.708
 34     0.948 53408.32796913 13.87 195.214350  62.594388  2.708
 34     0.780 53408.32796977 14.41 195.211800  62.597528  2.708
 34     0.905 53408.32797041 14.49 195.209260  62.600668  2.708
 34     1.209 53408.32797106 14.59 195.206710  62.603808  2.708
 34     1.453 53408.32797170 14.49 195.204160  62.606948  2.708
 35     1.818 53443.32795305 10.05 195.230674  62.594188  2.873
 35     1.583 53443.32795369 10.65 195.228134  62.597328  2.873
 35     1.235 53443.32795434 13.38 195.225584  62.600468  2.873
 35     1.275 53443.32795498 12.71 195.223044  62.603608  2.873
 35     1.355 53443.32795563 11.52 195.220494  62.606758  2.873
 37     1.468 53513.32803774 41.77 195.217170  62.592395 37.525
 37     1.403 53513.32803838 33.26 195.214630  62.595535 37.525
 37     1.155 53513.32803903 29.30 195.212080  62.598675 37.525
 37     0.862 53513.32803967 26.24 195.209530  62.601825 37.525
 37     2.022 53513.32804032 22.99 195.206980  62.604965 37.525
 38     2.445 53548.32805578 29.07 195.217331  62.591889 33.469
 38     2.236 53548.32805642 17.50 195.214781  62.595029 33.469
 38     1.257 53548.32805707 17.59 195.212231  62.598179 33.469
 38     0.818 53548.32805771 22.26 195.209691  62.601319 33.469
 38     1.789 53548.32805836 19.93 195.207141  62.604459 33.469
 39     2.350 53583.32802219 27.93 195.222991  62.593318 36.911
 39     2.002 53583.32802283 19.50 195.220441  62.596458 36.911
 39     0.826 53583.32802348 18.56 195.217901  62.599598 36.911
 39     1.198 53583.32802412 18.76 195.215351  62.602738 36.911
 39     1.943 53583.32802477 20.98 195.212801  62.605888 36.911
 39     2.618 53583.32802541 22.93 195.210251  62.609028 36.911
 40     2.746 53618.32797801 35.25 195.229463  62.592275 36.142
 40     2.385 53618.32797865 26.78 195.226923  62.595415 36.142
 40     1.366 53618.32797929 25.73 195.224373  62.598565 36.142
 40     0.611 53618.32797994 25.33 195.221833  62.601705 36.142
 40     0.920 53618.32798058 29.43 195.219283  62.604845 36.142
 40     0.887 53618.32798123 36.51 195.216733  62.607985 36.142
 41     2.700 53653.32799973 29.34 195.214381  62.590437 32.703
 41     2.438 53653.32800038 22.93 195.211831  62.593577 32.703
 41     1.473 53653.32800102 23.59 195.209291  62.596717 32.703
 41     1.311 53653.32800166 24.06 195.206741  62.599857 32.703
 41     1.265 53653.32800231 26.08 195.204191  62.602997 32.703
 42     0.551 53688.32799949 42.28 195.215888  62.592881 19.140
 42     0.508 53688.32800013 41.78 195.213338  62.596021 19.140
 42     0.296 53688.32800078 35.13 195.210798  62.599161 19.140
 42     0.374 53688.32800142 32.46 195.208248  62.602301 19.140
 42     0.599 53688.32800207 39.96 195.205698  62.605451 19.140
 43     1.129 53723.32792435 22.50 195.232299  62.594752  5.990
 43     1.042 53723.32792499 23.28 195.229759  62.597892  5.990
 43     0.853 53723.32792564 25.14 195.227209  62.601032  5.990
 43     0.653 53723.32792628 25.56 195.224659  62.604182  5.990
 43     1.205 53723.32792693 26.06 195.222119  62.607322  5.990
 44    -0.131 53758.32786136 17.08 195.217852  62.590111  6.515
 44     0.169 53758.32786201 17.04 195.215302  62.593251  6.515
 44     0.368 53758.32786265 17.05 195.212752  62.596391  6.515
 44     0.641 53758.32786330 19.46 195.210212  62.599531  6.515
 44     0.952 53758.32786394 19.72 195.207662  62.602671  6.515
 44     1.235 53758.32786459 20.23 195.205112  62.605811  6.515
 45     1.324 53793.32788359 16.22 195.226294  62.592917  4.235
 45     1.256 53793.32788423 17.50 195.223754  62.596057  4.235
 45     1.071 53793.32788488 18.54 195.221204  62.599197  4.235
 45     0.952 53793.32788552 19.15 195.218654  62.602347  4.235
 45     1.136 53793.32788617 18.01 195.216104  62.605487  4.235
 45     1.415 53793.32788681 17.10 195.213564  62.608627  4.235
 46     1.206 53828.32785385 11.53 195.211563  62.590002  3.316
 46     1.116 53828.32785449 11.63 195.209013  62.593142  3.316
 46     1.016 53828.32785514 10.70 195.206463  62.596282  3.316
 46     0.870 53828.32785578 11.18 195.203913  62.599422  3.316
 46     1.022 53828.32785643 11.23 195.201363  62.602562  3.316
 47     1.284 53863.32793752 26.33 195.210197  62.590750 21.648
 47     1.149 53863.32793817 23.44 195.207647  62.593890 21.648
 47     0.897 53863.32793881 22.84 195.205097  62.597030 21.648
 47     1.002 53863.32793946 21.56 195.202547  62.600170 21.648
 47     1.351 53863.32794010 26.03 195.199997  62.603310 21.648
 48     2.667 53898.32796083 30.94 195.216974  62.590478 31.477
 48     2.308 53898.32796147 24.22 195.214434  62.593618 31.477
 48     1.555 53898.32796212 22.90 195.211884  62.596758 31.477
 48     1.180 53898.32796276 25.22 195.209334  62.599908 31.477
 48     1.440 53898.32796341 28.64 195.206784  62.603048 31.477
 48     1.897 53898.32796405 29.21 195.204244  62.606188 31.477
 49     2.320 53933.32800741 22.68 195.210115  62.591257 31.805
 49     1.631 53933.32800806 21.47 195.207575  62.594397 31.805
 49     1.008 53933.32800870 21.82 195.205025  62.597537 31.805
 49     1.403 53933.32800935 20.55 195.202475  62.600687 31.805
 49     1.534 53933.32800999 21.66 195.199925  62.603827 31.805
 50     2.272 53968.32797979 25.82 195.216901  62.592820 30.545
 50     2.163 53968.32798044 20.33 195.214351  62.595960 30.545
 50     0.940 53968.32798108 16.53 195.211801  62.599100 30.545
 50     1.090 53968.32798173 16.98 195.209261  62.602240 30.545
 50     2.278 53968.32798237 17.23 195.206711  62.605390 30.545
 51     1.029 54003.32794868 43.30 195.208729  62.589202 30.096
 51     1.059 54003.32794932 31.15 195.206179  62.592342 30.096
 51     0.852 54003.32794997 23.55 195.203629  62.595482 30.096
 51     0.806 54003.32795061 23.35 195.201079  62.598622 30.096
 51     1.222 54003.32795126 24.16 195.198529  62.601762 30.096
 52     2.701 54038.32798380 33.73 195.218240  62.590103 28.264
 52     2.337 54038.32798445 26.02 195.215700  62.593243 28.264
 52     1.786 54038.32798509 22.70 195.213150  62.596383 28.264
 52     1.234 54038.32798574 21.28 195.210600  62.599523 28.264
 52     1.719 54038.32798638 21.25 195.208050  62.602663 28.264
 52     2.472 54038.32798703 23.83 195.205500  62.605803 28.264
 53     0.300 54073.32797828 26.80 195.222487  62.591301  5.319
 53     0.443 54073.32797893 27.53 195.219947  62.594441  5.319
 53     0.448 54073.32797957 29.78 195.217397  62.597581  5.319
 53     0.579 54073.32798021 29.21 195.214847  62.600721  5.319
 53     0.475 54073.32798086 29.01 195.212297  62.603861  5.319
 53     0.450 54073.32798150 28.63 195.209757  62.607001  5.319
 54     1.216 54108.32792628 17.03 195.230338  62.594694  2.829
 54     1.150 54108.32792692 17.34 195.227788  62.597834  2.829
 54     1.016 54108.32792757 18.09 195.225248  62.600974  2.829
 54     0.888 54108.32792821 18.29 195.222698  62.604114  2.829
 54     0.762 54108.32792886 18.04 195.220148  62.607264  2.829
 55     0.953 54143.32791459 21.05 195.213754  62.589842  6.985
 55     0.851 54143.32791524 22.12 195.211204  62.592982  6.985
 55     0.677 54143.32791588 22.48 195.208654  62.596122  6.985
 55     0.591 54143.32791653 24.72 195.206104  62.599262  6.985
 55     0.736 54143.32791717 24.88 195.203554  62.602402  6.985
 55     1.504 54143.32791782 25.11 195.201014  62.605542  6.985
 56     1.232 54178.32790965 22.51 195.225971  62.593652  7.542
 56     1.276 54178.32791029 23.86 195.223431  62.596792  7.542
 56     1.081 54178.32791094 25.27 195.220881  62.599932  7.542
 56     0.874 54178.32791158 26.61 195.218331  62.603082  7.542
 56     0.695 54178.32791223 27.16 195.215791  62.606222  7.542
 57     1.021 54213.32792251 26.72 195.212622  62.591982 21.870
 57     0.898 54213.32792315 29.25 195.210072  62.595122 21.870
 57     0.824 54213.32792380 31.48 195.207522  62.598262 21.870
 57     1.047 54213.32792444 33.49 195.204982  62.601402 21.870
 57     1.304 54213.32792509 36.03 195.202432  62.604542 21.870
 58     2.738 54248.32795086 27.57 195.216081  62.591248 30.550
 58     2.181 54248.32795150 25.88 195.213531  62.594388 30.550
 58     0.172 54248.32795214 28.57 195.210981  62.597528 30.550
 58     0.526 54248.32795279 33.69 195.208431  62.600668 30.550
 58     0.683 54248.32795343 34.57 195.205891  62.603808 30.550
 60     2.307 54318.32795739 26.40 195.221573  62.593361 33.237
 60     1.750 54318.32795804 23.90 195.219023  62.596501 33.237
 60     1.120 54318.32795868 20.08 195.216483  62.599641 33.237
 60     0.860 54318.32795933 21.84 195.213933  62.602781 33.237
 60     1.974 54318.32795997 20.63 195.211383  62.605931 33.237
 60     2.622 54318.32796062 22.67 195.208833  62.609071 33.237
 61     2.278 54353.32792222 24.99 195.226492  62.594569 36.780
 61     1.801 54353.32792286 21.25 195.223952  62.597709 36.780
 61     0.841 54353.32792350 19.88 195.221402  62.600849 36.780
 61     1.596 54353.32792415 18.59 195.218852  62.603999 36.780
 61     2.602 54353.32792479 20.51 195.216312  62.607139 36.780
 62     2.543 54388.32789681 28.76 195.219371  62.590493 28.130
 62     2.136 54388.32789746 23.02 195.216821  62.593633 28.130
 62     1.389 54388.32789810 21.88 195.214281  62.596773 28.130
 62     0.779 54388.32789875 22.24 195.211731  62.599913 28.130
 62     0.782 54388.32789939 22.54 195.209181  62.603063 28.130
 62     2.300 54388.32790004 21.07 195.206631  62.606203 28.130
 63     0.493 54423.32787163 27.18 195.223914  62.592576  9.406
 63     0.824 54423.32787228 29.35 195.221374  62.595716  9.406
 63     1.033 54423.32787292 33.86 195.218824  62.598856  9.406
 63     1.044 54423.32787357 38.01 195.216274  62.601996  9.406
 63     0.936 54423.32787421 32.33 195.213734  62.605146  9.406
 63     0.748 54423.32787486 28.21 195.211184  62.608286  9.406
 64     1.005 54458.32787186 18.55 195.210794  62.591853  3.024
 64     0.893 54458.32787250 19.03 195.208244  62.594993  3.024
 64     0.933 54458.32787314 19.51 195.205704  62.598133  3.024
 64     0.973 54458.32787379 19.14 195.203154  62.601283  3.024
 64     1.156 54458.32787443 18.94 195.200604  62.604423  3.024
 65     1.198 54493.32787532 13.41 195.224471  62.593025  2.718
 65     1.146 54493.32787596 13.88 195.221931  62.596165  2.718
 65     0.991 54493.32787661 14.51 195.219381  62.599315  2.718
 65     0.877 54493.32787725 15.37 195.216831  62.602455  2.718
 65     1.009 54493.32787790 14.23 195.214291  62.605595  2.718
 65     1.176 54493.32787854 13.81 195.211741  62.608735  2.718
 66     0.729 54528.32788419 10.40 195.216967  62.590548  2.410
 66     0.651 54528.32788483 10.52 195.214417  62.593688  2.410
 66     0.624 54528.32788548 10.90 195.211877  62.596828  2.410
 66     0.861 54528.32788612  9.77 195.209326  62.599964  2.579
 66     1.030 54528.32788677 10.48 195.206776  62.603104  2.579
 66     1.323 54528.32788741 10.25 195.204226  62.606254  2.579
 67     2.051 54563.32788300  6.14 195.226563  62.593870  1.890
 67     1.498 54563.32788365  6.53 195.224023  62.597010  1.890
 67     1.463 54563.32788429  6.56 195.221473  62.600150  1.890
 67     1.244 54563.32788494  6.83 195.218933  62.603300  1.890
 67     1.269 54563.32788558  6.45 195.216383  62.606440  1.890
 68     1.064 54598.32788031 48.46 195.217778  62.592269 38.734
 68     1.164 54598.32788096 41.56 195.215238  62.595409 38.734
 68     0.990 54598.32788160 35.28 195.212688  62.598549 38.734
 68     0.916 54598.32788224 35.15 195.210141  62.601690 29.146
 68     1.262 54598.32788289 35.30 195.207591  62.604830 29.146
 69     2.619 54633.32789319 26.50 195.216978  62.592331 39.433
 69     2.166 54633.32789384 21.77 195.214428  62.595471 39.433
 69     1.365 54633.32789448 19.93 195.211878  62.598611 39.433
 69     1.611 54633.32789513 20.33 195.209333  62.601750 21.600
 69     2.209 54633.32789577 21.51 195.206783  62.604890 21.600
 70     2.321 54668.32789865 22.20 195.217950  62.593464 40.124
 70     2.082 54668.32789929 20.32 195.215400  62.596604 40.124
 70     1.130 54668.32789994 19.54 195.212850  62.599744 40.124
 70     1.789 54668.32790058 19.68 195.210307  62.602883 21.334
 70     2.513 54668.32790123 19.36 195.207757  62.606023 21.334
 71     2.416 54703.32786355 31.19 195.227828  62.593065 39.879
 71     2.112 54703.32786420 24.17 195.225278  62.596205 39.879
 71     1.317 54703.32786484 22.75 195.222728  62.599345 39.879
 71     1.510 54703.32786549 19.51 195.220188  62.602485 39.879
 71     2.238 54703.32786613 19.16 195.217638  62.605625 39.879
 71     2.706 54703.32786678 27.05 195.215093  62.608766 40.347
 72     2.377 54738.32785985 26.36 195.213135  62.590892 37.999
 72    -0.845 54738.32786050 27.23 195.210595  62.594032 37.999
 72     0.096 54738.32786114 26.21 195.208045  62.597172 37.999
 72     0.550 54738.32786178 30.88 195.205495  62.600312 37.999
 72     0.761 54738.32786243 37.46 195.202947  62.603449 35.858
 73     1.419 54773.32784463 26.67 195.223730  62.593980  7.162
 73     1.142 54773.32784528 28.14 195.221190  62.597120  7.162
 73     1.084 54773.32784592 27.91 195.218640  62.600260  7.162
 73     1.165 54773.32784657 27.92 195.216090  62.603400  7.162
 73     1.189 54773.32784721 25.54 195.213546  62.606538  5.380
 74     1.210 54808.32785320 17.86 195.210989  62.589703  2.787
 74     0.370 54808.32785384 17.83 195.208439  62.592843  2.787
 74     0.415 54808.32785449 18.79 195.205889  62.595983  2.787
 74     0.510 54808.32785513 18.70 195.203350  62.599128  2.614
 74     0.846 54808.32785578 17.42 195.200800  62.602268  2.614
 75     0.976 54843.32784205 16.29 195.222251  62.592506  3.003
 75     0.909 54843.32784270 16.47 195.219701  62.595646  3.003
 75     0.763 54843.32784334 17.65 195.217161  62.598786  3.003
 75     0.899 54843.32784399 17.59 195.214611  62.601926  3.003
 75     1.228 54843.32784463 17.27 195.212065  62.605066  3.877
 75     1.493 54843.32784528 15.48 195.209515  62.608206  3.877
 76     1.051 54878.32785616  9.41 195.214247  62.591938  1.863
 76     0.774 54878.32785681  9.69 195.211697  62.595078  1.863
 76     0.885 54878.32785745  9.64 195.209156  62.598215  1.890
 76     0.945 54878.32785810  9.66 195.206606  62.601365  1.890
 76     1.345 54878.32785874  9.45 195.204056  62.604495  1.890
 77     1.881 54913.32784629  9.28 195.225533  62.592819  1.747
 77     1.628 54913.32784693  9.87 195.222983  62.595959  1.747
 77     1.536 54913.32784758  9.74 195.220433  62.599099  1.747
 77     1.289 54913.32784822 10.38 195.217893  62.602239  1.747
 77     1.407 54913.32784887 10.09 195.215342  62.605379  1.720
 77     1.551 54913.32784951  9.81 195.212792  62.608519  1.720
 78     1.115 54948.32784862 15.82 195.214398  62.590744 31.665
 78     0.845 54948.32784926 18.15 195.211848  62.593884 31.665
 78     0.825 54948.32784991 23.36 195.209298  62.597024 31.665
 78     1.419 54948.32785055 28.39 195.206748  62.600164 31.665
 78     1.800 54948.32785120 32.24 195.204198  62.603314 31.665
 79     2.657 54983.32787396 29.65 195.217053  62.591347 38.346
 79     2.328 54983.32787461 25.49 195.214513  62.594487 38.346
 79     1.426 54983.32787525 24.26 195.211963  62.597627 38.346
 79     1.483 54983.32787589 25.69 195.209419  62.600768 35.367
 79     1.966 54983.32787654 28.99 195.206869  62.603908 35.367
 79     2.284 54983.32787718 28.53 195.204319  62.607048 35.367
 80     2.459 55018.32787158 28.28 195.220035  62.592089 41.416
 80     2.259 55018.32787222 23.45 195.217485  62.595229 41.416
 80     0.941 55018.32787287 22.20 195.214945  62.598369 41.416
 80     0.917 55018.32787351 22.61 195.212395  62.601509 41.416
 80     1.123 55018.32787415 24.06 195.209845  62.604647 31.913
 80     2.528 55018.32787480 24.39 195.207295  62.607787 31.913
 81     2.703 55053.32786732 29.57 195.222722  62.592107 39.310
 81     1.831 55053.32786796 25.58 195.220172  62.595247 39.310
 81     0.877 55053.32786861 24.76 195.217632  62.598387 39.310
 81     0.584 55053.32786925 26.58 195.215082  62.601527 39.310
 81     0.992 55053.32786990 29.07 195.212536  62.604667 25.625
 81     1.117 55053.32787054 35.84 195.209986  62.607807 25.625
 82     2.499 55088.32782923 30.93 195.227650  62.592911 37.721
 82     2.277 55088.32782987 23.78 195.225100  62.596051 37.721
 82     1.373 55088.32783052 21.47 195.222560  62.599191 37.721
 82     1.349 55088.32783116 18.14 195.220010  62.602331 37.721
 82     2.385 55088.32783181 17.30 195.217460  62.605471 37.721
 82     2.776 55088.32783245 25.64 195.214920  62.608613 38.627
 83     2.663 55123.32780313 26.56 195.216755  62.590478 35.085
 83     2.108 55123.32780378 25.41 195.214215  62.593618 35.085
 83     0.057 55123.32780442 26.20 195.211665  62.596758 35.085
 83     0.523 55123.32780506 31.02 195.209115  62.599895 42.769
 83     0.759 55123.32780571 32.12 195.206565  62.603045 42.769
 83     0.931 55123.32780635 35.25 195.204015  62.606175 42.769
 84     0.600 55158.32779018 21.57 195.222327  62.593840  5.123
 84     0.611 55158.32779083 23.76 195.219787  62.596980  5.123
 84     0.902 55158.32779147 27.00 195.217237  62.600120  5.123
 84     0.829 55158.32779212 29.85 195.214687  62.603260  5.123
 84     0.956 55158.32779276 31.84 195.212145  62.606399  5.634
 85     0.953 55193.32779310 27.18 195.211656  62.589651  6.699
 85     0.954 55193.32779374 29.02 195.209106  62.592791  6.699
 85     0.878 55193.32779439 28.13 195.206566  62.595931  6.699
 85     0.925 55193.32779503 28.51 195.204008  62.599068  8.368
 85     0.997 55193.32779568 27.34 195.201458  62.602218  8.368
 86     1.296 55228.32779162 20.37 195.224421  62.592940  3.205
 86     1.262 55228.32779226 20.72 195.221881  62.596080  3.205
 86     1.182 55228.32779290 21.94 195.219331  62.599220  3.205
 86     1.059 55228.32779355 23.03 195.216781  62.602360  3.205
 86     1.055 55228.32779419 21.56 195.214234  62.605500  3.999
 86     1.107 55228.32779484 21.59 195.211694  62.608640  3.999
 87     1.367 55263.32778887 15.15 195.216966  62.593254  2.102
 87     1.173 55263.32778952 15.36 195.214416  62.596394  2.102
 87     1.006 55263.32779016 17.00 195.211876  62.599531  2.320
 87     0.967 55263.32779081 16.06 195.209326  62.602671  2.320
 87     1.157 55263.32779145 16.32 195.206776  62.605811  2.320
 88     1.380 55298.32777522  8.95 195.227663  62.592079  1.887
 88     1.389 55298.32777586  9.03 195.225113  62.595219  1.887
 88     1.357 55298.32777651  9.33 195.222573  62.598359  1.887
 88     1.364 55298.32777715  9.52 195.220023  62.601499  1.887
 88     1.235 55298.32777780 10.05 195.217473  62.604639  1.887
 88     1.166 55298.32777844  9.98 195.214932  62.607781  4.612
 89     1.600 55333.32776721 45.16 195.220193  62.591306 43.256
 89     1.564 55333.32776785 46.30 195.217643  62.594446 43.256
 89     1.645 55333.32776850 43.53 195.215103  62.597586 43.256
 89     1.297 55333.32776914 32.54 195.212553  62.600726 43.256
 89     1.423 55333.32776979 29.88 195.210006  62.603867 34.113
 89     1.667 55333.32777043 40.01 195.207456  62.607007 34.113
 90     2.470 55368.32775915 27.79 195.221255  62.593721 38.317
 90     2.009 55368.32775980 24.30 195.218705  62.596861 38.317
 90     1.360 55368.32776044 21.00 195.216165  62.600001 38.317
 90     1.894 55368.32776109 18.99 195.213615  62.603141 38.317
 90     2.517 55368.32776173 20.69 195.211065  62.606280 33.219
 91     2.481 55403.32777466 24.47 195.213717  62.591148 40.163
 91     1.700 55403.32777530 24.70 195.211167  62.594288 40.163
 91     0.487 55403.32777595 23.71 195.208627  62.597428 40.163
 91     0.443 55403.32777659 28.60 195.206070  62.600565 40.517
 91     0.813 55403.32777724 31.13 195.203520  62.603715 40.517
 92     1.404 55438.32777704 44.42 195.223912  62.592863 44.498
 92     1.849 55438.32777769 27.22 195.221362  62.596003 44.498
 92     1.094 55438.32777833 25.99 195.218822  62.599143 44.498
 92     1.328 55438.32777897 33.48 195.216272  62.602283 44.498
 92     1.393 55438.32777962 42.89 195.213727  62.605424 33.096
 92     1.242 55438.32778026 37.83 195.211177  62.608564 33.096
 93     2.463 55473.32772507 27.02 195.228786  62.594470 35.439
 93     2.217 55473.32772571 21.35 195.226236  62.597610 35.439
 93     1.539 55473.32772636 20.01 195.223696  62.600750 35.439
 93     2.269 55473.32772700 17.25 195.221146  62.603890 35.439
 93     2.672 55473.32772765 20.22 195.218596  62.607030 35.439
