-197745.139    94.493     0.00    2.66
-197373.998    94.494     0.00    2.39
-197002.785    94.817     0.87    1.85
-196631.501    94.806    -0.03    1.37
-196260.145    94.247    -1.51    1.40
-195888.719    93.552    -1.87    1.46
-195517.220    92.906    -1.74    1.25
-195145.651    92.656    -0.67    1.19
-194774.009    92.529    -0.34    1.21
-194402.297    92.548     0.05    1.17
-194030.512    92.417    -0.35    1.02
-193658.656    91.984    -1.16    1.09
-193286.728    90.893    -2.93    2.40
-192914.729    89.522    -3.69    3.02
-192542.657    88.282    -3.33    2.99
-192170.514    87.563    -1.93    2.84
-191798.299    87.400    -0.44    2.36
-191426.012    87.347    -0.14    2.47
-191053.653    87.073    -0.74    2.59
-190681.222    86.631    -1.19    2.68
-190308.720    86.554    -0.21    2.54
-189936.145    86.256    -0.80    2.30
-189563.498    86.073    -0.49    2.02
-189190.778    85.625    -1.20    1.84
-188817.987    85.299    -0.87    1.62
-188445.123    85.006    -0.79    1.48
-188072.187    84.615    -1.05    1.36
-187699.179    84.376    -0.64    1.35
-187326.099    84.088    -0.77    1.29
-186952.946    84.020    -0.18    1.20
-186579.720    83.847    -0.46    0.97
-186206.422    83.331    -1.38    1.18
-185833.052    82.533    -2.14    1.64
-185459.609    81.756    -2.08    1.74
-185086.093    80.917    -2.25    1.78
-184712.505    79.870    -2.80    2.00
-184338.844    79.251    -1.66    1.93
-183965.110    78.927    -0.87    1.84
-183591.303    78.753    -0.47    1.60
-183217.424    78.525    -0.61    1.32
-182843.472    78.184    -0.91    1.23
-182469.447    78.006    -0.48    1.07
-182095.349    77.870    -0.36    0.86
-181721.178    77.438    -1.15    0.77
-181346.933    77.117    -0.86    0.62
-180972.616    76.668    -1.20    0.69
-180598.226    76.231    -1.17    0.61
-180223.763    75.802    -1.15    0.67
-179849.226    75.284    -1.38    1.01
-179474.616    74.791    -1.32    1.23
-179099.933    74.231    -1.50    1.48
-178725.176    73.813    -1.11    1.64
-178350.346    73.341    -1.26    1.68
-177975.443    72.756    -1.56    1.67
-177600.466    72.335    -1.12    1.59
-177225.416    71.609    -1.94    1.66
-176850.292    71.180    -1.14    1.52
-176475.095    70.654    -1.40    1.44
-176099.823    70.259    -1.05    1.32
-175724.479    69.993    -0.71    1.09
-175349.060    69.661    -0.89    0.79
-174973.568    69.359    -0.81    0.60
-174598.002    69.192    -0.44    0.47
-174222.362    68.688    -1.34    0.57
-173846.648    68.324    -0.97    0.52
-173470.861    67.813    -1.36    0.64
-173094.999    67.394    -1.12    0.52
-172719.063    66.904    -1.30    0.66
-172343.053    66.394    -1.36    0.55
-171966.969    65.870    -1.39    0.72
-171590.811    65.347    -1.39    0.59
-171214.579    64.870    -1.27    0.62
-170838.273    64.442    -1.14    0.52
-170461.892    63.892    -1.46    0.83
-170085.437    63.085    -2.14    1.13
-169708.907    62.461    -1.66    1.26
-169332.303    62.311    -0.40    2.57
-168955.625    66.551    11.25   13.22
-168578.872    70.244     9.80   17.52
-168202.045    69.419    -2.19   15.11
-167825.143    65.740    -9.76    8.46
-167448.166    62.654    -8.18    2.03
-167071.115    61.377    -3.39    1.32
-166693.989    60.375    -2.65    1.09
-166316.788    59.493    -2.34    0.91
-165939.512    58.745    -1.98    0.82
-165562.162    58.109    -1.69    0.64
-165184.737    57.584    -1.39    0.62
-164807.236    57.224    -0.95    0.48
-164429.661    56.771    -1.20    0.61
-164052.011    56.335    -1.15    0.65
-163674.285    55.904    -1.14    0.80
-163296.485    55.144    -2.01    1.07
-162918.609    54.274    -2.30    1.42
-162540.658    53.394    -2.33    1.43
-162162.632    52.700    -1.84    1.11
-161784.531    52.161    -1.42    0.63
-161406.354    52.006    -0.41    0.39
-161028.102    51.893    -0.30    0.32
-160649.774    51.825    -0.18    0.18
-160271.371    51.859     0.09    0.00
-159892.893    51.859     0.00    0.00
-159514.338    51.859     0.00    0.00
-159135.709    51.859     0.00    0.00
-158757.003    51.859     0.00    0.00
-158378.222    51.859     0.00    0.00
-157999.365    51.859     0.00    0.00
-157620.433    51.859     0.00    0.00
-157241.424    51.491    -0.97    0.81
-156862.340    50.766    -1.91    1.42
-156483.179    50.106    -1.74    1.33
-156103.943    49.675    -1.14    1.21
-155724.631    49.448    -0.60    1.34
-155345.242    49.767     0.84    1.28
-154965.778    49.548    -0.58    1.48
-154586.237    49.506    -0.11    1.50
-154206.621    49.287    -0.58    1.45
-153826.927    49.216    -0.19    1.44
-153447.158    49.711     1.30    1.43
-153067.312    49.785     0.20    1.46
-152687.390    50.398     1.61    1.05
-152307.392    50.798     1.05    0.36
-151927.317    51.109     0.82    0.44
-151547.165    51.410     0.79    0.68
-151166.937    52.325     2.41    1.68
-150786.633    54.146     4.79    3.02
-150406.251    57.470     8.74    4.87
-150025.793    63.188    15.03    8.60
-149645.259    75.016    31.08   21.30
-149272.773    96.790    58.45   36.71
-148906.806   114.581    48.61   42.36
-148540.770   133.164    50.76   39.41
-148174.663   145.229    32.95   38.40
-147808.486   158.702    36.79   36.88
-147442.239   174.040    41.88   40.09
-147075.921   192.442    50.23   37.64
-146709.534   205.672    36.10   38.35
-146343.075   211.836    16.82   37.56
-145976.547   215.092     8.88   34.07
-145609.948   219.109    10.96   37.50
-145243.278   215.836    -8.92   46.08
-144876.538   211.461   -11.93   46.38
-144509.727   223.972    34.10   45.98
-144142.846   253.859    81.45   63.68
-143775.894   302.173   131.65   75.08
-143408.871   337.639    96.62   55.28
-143041.777   349.275    31.70   44.73
-142674.613   334.668   -39.78   57.50
-142307.378   326.824   -21.36   51.36
-141940.072   342.611    42.98   46.74
-141572.695   365.324    61.82   42.02
-141205.247   372.623    19.86   41.35
-140837.729   376.938    11.74   40.47
-140470.139   387.688    29.24   41.35
-140102.478   412.050    66.25   42.42
-139734.746   443.456    85.40   39.53
-139366.942   460.117    45.29   32.57
-138999.068   458.918    -3.26   38.10
-138631.122   427.331   -85.84   63.23
-138263.105   374.501  -143.54   78.85
-137895.017   316.425  -157.76   68.81
-137526.858   281.600   -94.58   41.85
-137158.627   289.281    20.86   44.95
-136790.324   330.140   110.93   58.92
-136421.950   385.392   149.97   64.43
-136053.505   421.097    96.90   54.59
-135684.988   432.892    32.00   41.39
-135316.399   410.904   -59.65   55.09
-134947.739   355.995  -148.93   59.86
-134579.007   317.781  -103.63   47.15
-134210.203   306.734   -29.95   41.28
-133841.327   320.309    36.80   51.81
-133472.380   353.707    90.51   57.37
-133103.361   394.492   110.51   50.32
-132734.270   434.172   107.50   42.39
-132365.106   470.510    98.42   44.67
-131995.871   488.377    48.38   57.56
-131626.564   498.241    26.71   75.28
-131257.185   489.517   -23.61   79.10
-130887.734   463.703   -69.87   73.13
-130518.211   436.997   -72.27   57.13
-130148.615   403.690   -90.11   59.83
-129778.947   363.847  -107.77   68.23
-129409.207   318.925  -121.48   67.76
-129039.395   287.393   -85.26   56.18
-128669.510   266.514   -56.44   58.11
-128299.552   254.436   -32.64   62.20
-127929.523   251.790    -7.15   58.11
-127559.421   244.969   -18.43   51.87
-127189.246   228.640   -44.11   45.56
-126818.999   213.573   -40.69   45.20
-126448.679   188.219   -68.46   40.52
-126078.286   162.402   -69.70   36.00
-125707.821   141.394   -56.70   25.02
-125337.283   128.270   -35.42   15.87
-124966.672   119.517   -23.61    5.56
-124595.988   116.303    -8.67    2.27
-124225.232   113.835    -6.66    3.09
-123854.403   110.915    -7.87    4.37
-123483.500   109.824    -2.94    6.99
-123112.525   119.067    24.91   24.01
-122741.476   138.387    52.06   38.29
-122370.355   170.314    86.02   44.69
-121999.160   208.040   101.63   46.98
-121627.892   250.370   114.00   63.63
-121256.551   307.993   155.16   79.28
-120885.137   387.927   215.19   88.96
-120513.649   461.679   198.51   94.17
-120142.089   535.364   198.30   68.97
-119770.454   560.155    66.70   45.06
-119398.746   554.479   -15.27   56.98
-119026.965   530.111   -65.54   64.91
-118655.110   505.312   -66.68   46.96
-118283.182   480.331   -67.16   51.34
-117911.180   441.940  -103.19   67.24
-117539.105   396.652  -121.71   65.78
-117166.955   369.103   -74.02   46.42
-116794.732   388.337    51.67   66.37
-116422.436   433.371   120.95   75.89
-116050.065   485.570   140.17   74.21
-115677.620   528.799   116.06   66.44
-115305.102   560.548    85.22   46.42
-114932.510   567.082    17.54   40.09
-114559.843   548.432   -50.04   57.30
-114187.103   514.126   -92.03   64.44
-113814.289   467.348  -125.46   59.50
-113441.400   433.583   -90.54   51.63
-113068.437   406.103   -73.67   44.72
-112695.400   385.905   -54.14   41.03
-112322.289   377.100   -23.59   44.51
-111949.103   365.659   -30.66   50.17
-111575.844   346.203   -52.12   53.82
-111202.509   315.246   -82.91   50.01
-110829.101   290.492   -66.29   32.36
-110455.617   283.014   -20.02   17.95
-110082.060   289.154    16.43   19.10
-109708.427   301.848    33.97   22.48
-109334.720   318.484    44.51   25.90
-108960.939   336.159    47.28   31.65
-108587.083   362.348    70.05   38.39
-108213.152   393.492    83.28   43.06
-107839.146   427.160    90.01   39.25
-107465.065   450.225    61.65   26.56
-107090.910   460.370    27.11   17.13
-106716.679   458.736    -4.36   20.96
-106342.374   460.643     5.09   25.91
-105967.993   471.573    29.19   30.81
-105593.538   485.801    37.99   28.85
-105219.007   495.166    25.00   20.21
-104844.402   495.521     0.95   19.57
-104469.721   485.192   -27.57   28.49
-104094.964   463.235   -58.59   33.32
-103720.133   438.499   -65.99   30.79
-103345.226   415.870   -60.35   22.42
-102970.244   401.803   -37.51   12.71
-102595.186   396.300   -14.67    5.95
-102220.053   401.717    14.44   12.87
-101844.845   416.231    38.68   23.12
-101469.561   441.320    66.85   34.74
-101094.201   475.173    90.18   39.15
-100718.766   506.144    82.49   35.98
-100343.255   525.254    50.89   19.67
 -99967.668   520.141   -13.61   25.56
 -99592.005   498.126   -58.60   35.67
 -99216.267   467.087   -82.60   39.77
 -98840.453   437.603   -78.45   32.53
 -98464.563   416.485   -56.18   28.86
 -98088.597   397.430   -50.68   27.72
 -97712.554   381.771   -41.64   21.92
 -97336.436   373.282   -22.57   13.96
 -96960.242   373.783     1.33   12.81
 -96583.972   383.763    26.52   19.06
 -96207.625   404.241    54.41   30.31
 -95831.202   433.776    78.46   36.70
 -95454.703   472.465   102.75   44.73
 -95078.128   516.412   116.69   51.36
 -94701.476   559.036   113.16   46.99
 -94324.747   576.013    45.06   35.76
 -93947.943   551.199   -65.85   58.90
 -93571.061   502.776  -128.47   66.53
 -93194.104   450.203  -139.46   52.91
 -92817.069   421.196   -76.93   26.82
 -92439.958   426.034    12.83   34.40
 -92062.771   452.813    70.99   46.96
 -91685.506   474.034    56.25   36.84
 -91308.165   475.353     3.49   36.64
 -90930.747   455.663   -52.17   43.62
 -90553.252   425.128   -80.88   34.72
 -90175.680   404.694   -54.12   26.11
 -89798.031   396.692   -21.19   20.57
 -89420.305   400.672    10.54   29.22
 -89042.502   402.488     4.81   40.11
 -88664.622   392.947   -25.25   47.64
 -88286.665   373.302   -51.97   48.25
 -87908.630   352.359   -55.40   31.40
 -87530.518   343.341   -23.85   13.55
 -87152.329   352.958    25.43   20.80
 -86774.063   366.456    35.68   21.37
 -86395.719   379.364    34.11   20.79
 -86017.298   395.154    41.72   24.86
 -85638.799   417.138    58.08   32.26
 -85260.223   451.245    90.09   37.81
 -84881.569   487.304    95.22   42.86
 -84502.838   534.791   125.38   49.85
 -84124.029   584.309   130.71   59.19
 -83745.142   630.414   121.68   52.56
 -83366.177   646.703    42.98   45.55
 -82987.135   622.625   -63.52   67.49
 -82608.014   579.286  -114.31   78.18
 -82228.816   513.750  -172.82   72.35
 -81849.540   461.123  -138.75   56.33
 -81470.186   410.448  -133.58   49.05
 -81090.753   370.709  -104.72   42.15
 -80711.243   341.320   -77.43   28.83
 -80331.655   334.393   -18.25   23.63
 -79951.988   342.892    22.38   33.25
 -79572.243   353.731    28.54   33.72
 -79192.420   351.514    -5.84   36.24
 -78812.518   338.836   -33.37   34.71
 -78432.538   319.614   -50.58   27.64
 -78052.479   303.612   -42.10   23.42
 -77672.342   296.543   -18.59   18.91
 -77292.127   297.045     1.32   18.08
 -76911.833   307.947    28.67   25.31
 -76531.460   329.553    56.80   32.63
 -76151.009   357.127    72.47   35.22
 -75770.479   382.800    67.46   31.50
 -75389.870   396.793    36.76   21.21
 -75009.182   388.600   -21.52   33.38
 -74631.978   361.446   -71.99   46.38
 -74266.232   330.962   -83.34   39.64
 -73900.414   305.293   -70.16   36.49
 -73534.525   293.870   -31.22   42.81
 -73168.563   282.119   -32.11   47.89
 -72802.530   266.070   -43.85   46.59
 -72436.424   248.125   -49.01   38.17
 -72070.247   237.674   -28.54   24.89
 -71703.997   238.027     0.96   20.51
 -71337.675   252.385    39.19   23.80
 -70971.281   273.881    58.67   19.75
 -70604.815   289.092    41.50   19.96
 -70238.276   305.023    43.46   23.42
 -69871.666   327.087    60.18   36.68
 -69504.983   348.754    59.09   40.65
 -69138.227   364.188    42.08   38.85
 -68771.399   362.688    -4.09   40.44
 -68404.499   343.659   -51.86   47.58
 -68037.526   310.159   -91.28   51.94
 -67670.481   273.067  -101.05   53.43
 -67303.363   237.456   -97.00   46.60
 -66936.172   206.645   -83.91   32.66
 -66568.908   192.074   -39.67   17.98
 -66201.572   189.940    -5.81   13.01
 -65834.164   201.891    32.53   20.37
 -65466.682   219.929    49.08   24.62
 -65099.127   242.739    62.06   31.20
 -64731.500   269.825    73.67   42.59
 -64363.800   297.628    75.61   47.78
 -63996.026   318.780    57.51   49.19
 -63628.180   341.375    61.42   48.20
 -63260.260   360.045    50.74   47.58
 -62892.268   390.078    81.61   59.42
 -62524.202   435.914   124.52   66.09
 -62156.063   483.200   128.44   52.23
 -61787.851   503.739    55.78   35.31
 -61419.565   498.091   -15.33   42.86
 -61051.207   468.054   -81.54   52.33
 -60682.775   433.645   -93.39   49.86
 -60314.269   408.708   -67.67   36.28
 -59945.690   397.966   -29.14   30.89
 -59577.037   399.603     4.44   36.99
 -59208.311   401.278     4.54   39.19
 -58839.512   393.848   -20.15   37.61
 -58470.638   377.611   -44.01   35.37
 -58101.691   355.040   -61.17   29.31
 -57732.670   335.609   -52.66   22.67
 -57363.576   321.824   -37.35   16.15
 -56994.408   312.959   -24.01   13.17
 -56625.165   306.173   -18.38   12.13
 -56255.849   296.511   -26.16   15.07
 -55886.459   285.295   -30.36   14.77
 -55516.995   279.056   -16.89   13.61
 -55147.457   274.688   -11.82   11.07
 -54777.845   275.098     1.11   10.21
 -54408.159   278.586     9.44    9.42
 -54038.399   284.609    16.29   11.94
 -53668.564   293.625    24.38   18.92
 -53298.655   316.364    61.47   33.99
 -52928.672   340.573    65.43   37.44
 -52558.614   357.159    44.82   30.40
 -52188.482   365.166    21.63   24.62
 -51818.276   370.645    14.80   25.53
 -51447.995   385.043    38.88   35.81
 -51077.640   414.800    80.34   38.71
 -50707.210   432.641    48.16   30.59
 -50336.706   435.963     8.97   26.64
 -49966.126   425.310   -28.75   24.79
 -49595.473   419.059   -16.87   20.62
 -49224.744   429.011    26.84   26.91
 -48853.941   433.804    12.93   26.04
 -48483.062   414.979   -50.75   44.17
 -48112.109   377.848  -100.09   59.02
 -47741.081   323.603  -146.20   63.30
 -47369.978   272.794  -136.91   57.43
 -46998.800   228.387  -119.63   42.55
 -46627.547   218.272   -27.24   35.99
 -46256.219   243.609    68.23   63.79
 -45884.816   286.141   114.51   74.49
 -45513.337   344.643   157.48   56.86
 -45141.783   375.880    84.07   31.93
 -44770.154   386.173    27.69   28.58
 -44398.450   369.413   -45.09   46.73
 -44026.670   334.126   -94.91   63.81
 -43654.815   289.413  -120.24   65.99
 -43282.884   259.684   -79.93   42.53
 -42910.878   269.163    25.48   47.95
 -42538.797   307.086   101.92   50.66
 -42166.639   340.149    88.84   48.91
 -41794.406   346.393    16.77   59.55
 -41422.098   321.138   -67.83   75.47
 -41049.713   291.086   -80.70   70.67
 -40677.253   264.511   -71.35   46.50
 -40304.717   252.925   -31.10   18.48
 -39932.105   263.804    29.20   22.12
 -39559.417   270.881    18.99   24.60
 -39186.653   279.955    24.34   26.84
 -38813.814   284.155    11.26   27.59
 -38440.898   295.375    30.08   26.50
 -38067.906   309.043    36.64   25.59
 -37694.838   326.408    46.54   27.09
 -37321.693   342.018    41.83   32.71
 -36948.473   359.628    47.18   31.42
 -36575.176   372.880    35.50   28.18
 -36201.803   378.479    15.00   25.51
 -35828.353   371.696   -18.16   30.11
 -35454.827   361.766   -26.58   40.62
 -35081.224   344.119   -47.23   42.55
 -34707.545   320.324   -63.68   38.47
 -34333.790   295.511   -66.39   34.36
 -33959.958   273.510   -58.85   30.32
 -33586.049   258.246   -40.82   20.91
 -33212.063   248.597   -25.80   18.07
 -32838.001   243.444   -13.78   20.12
 -32463.862   241.236    -5.90   21.64
 -32089.646   236.304   -13.18   19.68
 -31715.353   232.870    -9.18   17.44
 -31340.983   233.706     2.23   16.08
 -30966.536   236.375     7.13   16.56
 -30592.012   241.719    14.27   14.53
 -30217.411   245.298     9.55   12.60
 -29842.733   247.869     6.86   10.31
 -29467.978   248.727     2.29    9.14
 -29093.145   248.630    -0.26    6.86
 -28718.235   248.793     0.43    5.88
 -28343.248   248.369    -1.13    5.73
 -27968.184   247.674    -1.85    7.32
 -27593.042   247.020    -1.74   10.48
 -27217.822   247.663     1.71    9.87
 -26842.525   245.450    -5.90    9.96
 -26467.151   239.043   -17.07   14.93
 -26091.699   228.117   -29.10   16.48
 -25716.169   220.749   -19.62   14.36
 -25340.562   214.439   -16.80   14.73
 -24964.876   211.023    -9.09   15.71
 -24589.114   201.149   -26.28   23.29
 -24213.273   185.163   -42.53   33.17
 -23837.354   173.450   -31.16   31.93
 -23461.357   168.265   -13.79   30.26
 -23085.283   176.674    22.36   33.61
 -22709.130   193.913    45.83   27.49
 -22332.899   202.467    22.74   13.02
 -21956.590   197.622   -12.88   16.69
 -21580.203   180.725   -44.89   24.15
 -21203.738   165.098   -41.51   22.43
 -20827.194   157.970   -18.93   19.48
 -20450.572   156.630    -3.56   20.38
 -20073.872   161.848    13.85   21.03
 -19697.093   167.369    14.66   13.76
 -19320.236   169.103     4.60   12.43
 -18943.300   169.353     0.66   11.23
 -18566.286   166.914    -6.47   10.77
 -18189.193   166.074    -2.23   10.31
 -17812.022   163.151    -7.75   10.04
 -17434.771   165.497     6.22   12.36
 -17057.442   169.563    10.78   12.41
 -16680.034   168.880    -1.81   12.64
 -16302.548   163.544   -14.14   12.96
 -15924.982   157.902   -14.94   12.66
 -15547.337   151.870   -15.97   11.67
 -15169.614   152.192     0.85   10.83
 -14791.811   151.614    -1.53   11.45
 -14413.929   144.652   -18.42   14.03
 -14035.968   135.133   -25.18   15.57
 -13657.928   131.174   -10.47   13.62
 -13279.809   133.125     5.16   15.94
 -12901.610   138.359    13.84   16.62
 -12523.332   143.125    12.60   14.70
 -12144.975   143.008    -0.31   14.59
 -11766.538   140.177    -7.48   13.01
 -11388.022   138.622    -4.11   13.12
 -11009.426   134.892    -9.85   17.49
 -10630.750   126.554   -22.02   19.97
 -10251.995   115.456   -29.30   19.35
  -9873.160   103.181   -32.40   20.05
  -9494.245    86.697   -43.50   22.32
  -9115.251    68.326   -48.47   23.97
  -8736.177    46.274   -58.17   23.46
  -8357.023    30.956   -40.40   18.84
  -7977.788    18.429   -33.03    9.34
  -7598.474    13.433   -13.17    2.38
  -7219.080    12.174    -3.32    1.04
  -6839.606    11.593    -1.53    1.05
  -6460.052    10.969    -1.64    1.12
  -6080.417    10.127    -2.22    1.48
  -5700.702     8.903    -3.22    1.99
  -5320.907     7.321    -4.17    2.08
  -4941.031     5.630    -4.45    1.54
  -4561.076     4.665    -2.54    1.15
  -4181.039     4.054    -1.61    0.89
  -3800.922     3.795    -0.68    0.81
  -3420.725     3.652    -0.38    0.76
  -3040.447     3.500    -0.40    0.75
  -2660.088     3.063    -1.15    0.79
  -2279.649     2.576    -1.28    0.72
  -1899.129     2.071    -1.33    0.51
  -1518.528     1.659    -1.08    0.50
  -1137.846     1.090    -1.49    0.78
   -757.084     0.492    -1.57    0.73
   -376.240     0.178    -0.82    0.47
      4.685     0.143    -0.09    0.45
    371.580     0.181     0.10    0.47
    737.172     0.293     0.31    0.50
   1102.837     0.369     0.21    0.50
   1468.576     0.380     0.03    0.50
   1834.388     0.576     0.54    0.60
   2200.274     0.923     0.95    0.64
   2566.234     1.268     0.94    0.58
   2932.268     1.553     0.78    0.46
   3298.376     1.722     0.46    0.35
   3664.558     1.774     0.14    0.28
   4030.813     1.804     0.08    0.23
   4397.143     1.837     0.09    0.15
   4763.546     1.815    -0.06    0.21
   5130.024     1.720    -0.26    0.35
   5496.576     1.697    -0.06    0.37
   5863.202     1.581    -0.32    0.45
   6229.902     1.484    -0.27    0.49
   6596.676     1.398    -0.23    0.50
   6963.525     1.343    -0.15    0.54
   7330.448     1.540     0.54    0.59
   7697.446     1.688     0.40    0.58
   8064.517     1.708     0.05    0.53
   8431.664     1.699    -0.02    0.42
   8798.885     1.720     0.06    0.35
   9166.180     1.848     0.35    0.24
   9533.550     2.061     0.58    0.40
   9900.995     2.292     0.63    0.52
  10268.515     2.786     1.34    0.71
  10636.109     3.281     1.35    0.58
  11003.778     3.669     1.06    0.55
  11371.522     4.056     1.05    0.50
  11739.341     4.316     0.71    0.50
  12107.235     4.603     0.78    0.48
  12475.203     5.008     1.10    0.41
  12843.247     5.274     0.72    0.52
  13211.366     5.681     1.11    0.70
  13579.560     6.210     1.44    0.76
  13947.829     6.756     1.48    0.73
  14316.173     7.217     1.25    0.77
  14684.593     7.606     1.06    1.10
  15053.088     7.848     0.66    1.51
  15421.658     8.321     1.28    2.02
  15790.304     8.125    -0.53    2.38
  16159.025     7.720    -1.10    2.58
  16527.822     6.947    -2.10    2.29
  16896.694     7.090     0.39    2.02
  17265.641     8.170     2.93    2.78
  17634.665    10.269     5.69    2.93
  18003.764    11.825     4.22    1.95
  18372.938    12.316     1.33    0.88
  18742.189    11.974    -0.93    1.25
  19111.515    11.039    -2.53    1.77
  19480.917    10.430    -1.65    1.67
  19850.395     9.611    -2.22    1.67
  20219.949     9.181    -1.16    1.55
  20589.579     9.011    -0.46    1.33
  20959.285     9.156     0.39    1.20
  21329.067     9.450     0.79    1.07
  21698.925     9.795     0.93    0.98
  22068.860    10.114     0.86    0.93
  22438.870    10.337     0.60    0.85
  22808.957    10.521     0.50    0.64
  23179.120    10.593     0.19    0.47
  23549.360    10.468    -0.34    0.49
  23919.676    10.252    -0.58    0.63
  24290.069    10.133    -0.32    0.73
  24660.538    10.017    -0.32    0.83
  25031.083    10.052     0.10    0.85
  25401.705    10.359     0.83    0.92
  25772.404    10.783     1.15    0.94
  26143.179    11.450     1.80    0.91
  26514.032    11.998     1.48    0.79
  26884.961    12.630     1.70    0.97
  27255.966    13.550     2.48    1.44
  27627.049    14.760     3.26    1.89
  27998.209    16.348     4.28    2.30
  28369.446    18.303     5.27    2.65
  28740.759    20.890     6.97    3.06
  29112.150    23.836     7.93    3.42
  29483.618    27.375     9.53    4.81
  29855.163    32.408    13.55    6.93
  30226.785    39.103    18.02    8.61
  30598.485    45.603    17.49    8.88
  30970.261    54.593    24.18   10.38
  31342.116    62.167    20.37   11.18
  31714.047    71.178    24.23   11.97
  32086.056    77.986    18.30   12.19
  32458.143    86.429    22.69   13.80
  32830.307    93.231    18.28   15.96
  33202.549   103.936    28.76   15.71
  33574.868   111.515    20.36   16.65
  33947.265   118.279    18.16   16.99
  34319.740   122.482    11.28   17.54
  34692.292   127.222    12.72   17.92
  35064.923   132.411    13.92   18.32
  35437.631   138.281    15.75   18.33
  35810.417   148.227    26.68   13.99
  36183.282   156.402    21.93   10.99
  36556.224   163.153    18.10   10.13
  36929.244   169.989    18.33    9.17
  37302.343   177.322    19.65   10.07
  37675.519   183.571    16.75    9.50
  38048.774   190.181    17.71    7.32
  38422.107   194.322    11.09    6.20
  38795.519   198.454    11.07    6.00
  39169.009   202.018     9.54    8.38
  39542.577   208.465    17.26   10.02
  39916.224   213.406    13.22    9.98
  40289.949   218.310    13.12    8.68
  40663.753   221.629     8.88    8.02
  41037.636   223.034     3.76    7.56
  41411.597   224.156     3.00    5.90
  41785.637   224.162     0.01    4.36
  42159.755   225.921     4.70    4.97
  42533.953   229.181     8.71    6.94
  42908.229   235.374    16.55    8.59
  43282.584   241.281    15.78    8.01
  43657.018   246.557    14.09   10.66
  44031.531   251.915    14.31   13.66
  44406.124   260.327    22.46   18.65
  44780.795   267.100    18.08   20.36
  45155.546   275.098    21.34   20.23
  45530.375   281.947    18.27   18.04
  45905.284   286.248    11.47   16.42
  46280.273   291.224    13.27   17.21
  46655.340   302.195    29.25   19.70
  47030.487   315.619    35.78   17.71
  47405.714   330.591    39.90   17.49
  47781.020   342.635    32.09   14.31
  48156.406   353.571    29.13   12.04
  48531.871   361.135    20.15   12.47
  48907.416   372.082    29.15   16.13
  49283.040   380.754    23.09   16.69
  49658.745   387.585    18.18   14.10
  50034.529   388.259     1.79   20.45
  50410.393   377.476   -28.69   36.41
  50786.337   356.259   -56.44   50.24
  51162.360   334.603   -57.59   50.56
  51538.464   319.412   -40.39   40.47
  51914.648   311.859   -20.08   30.73
  52290.912   326.322    38.44   41.63
  52667.257   343.870    46.63   40.25
  53043.681   340.785    -8.19   46.63
  53420.186   314.407   -70.06   64.74
  53796.771   266.932  -126.07   66.01
  54173.436   230.054   -97.91   46.73
  54550.182   234.785    12.56   50.79
  54927.008   281.083   122.87   79.03
  55303.915   332.932   137.57   73.84
  55680.902   379.734   124.15   35.88
  56057.970   404.795    66.47   29.62
  56435.119   425.286    54.33   37.90
  56812.348   453.567    74.97   35.71
  57189.658   473.641    53.21   18.32
  57567.049   470.410    -8.56   22.33
  57944.521   459.325   -29.37   26.48
  58322.074   453.900   -14.37   26.32
  58699.708   459.700    15.36   28.65
  59077.422   461.454     4.65   24.27
  59455.218   444.847   -43.96   40.93
  59833.095   409.242   -94.23   51.05
  60211.053   381.392   -73.69   33.48
  60589.093   383.065     4.43   33.19
  60967.213   404.413    56.46   38.66
  61345.415   425.818    56.60   29.57
  61723.699   434.670    23.40   22.16
  62102.064   426.286   -22.16   29.86
  62480.510   404.347   -57.97   35.88
  62859.038   378.933   -67.14   33.79
  63237.647   356.226   -59.98   28.94
  63616.339   337.469   -49.53   25.19
  63995.111   322.036   -40.75   21.58
  64373.966   305.704   -43.11   25.72
  64752.902   281.283   -64.45   36.45
  65131.921   242.104  -103.37   53.99
  65511.021   201.359  -107.48   46.30
  65890.203   184.364   -44.82   32.17
  66269.467   193.347    23.69   41.70
  66648.813   231.401   100.32   54.05
  67028.242   275.222   115.50   39.14
  67407.752   308.650    88.09   33.07
  67787.345   334.536    68.20   33.78
  68167.020   354.525    52.65   40.28
  68546.777   371.456    44.59   38.32
  68926.617   384.446    34.20   33.45
  69306.539   399.792    40.39   25.18
  69686.544   409.625    25.88   19.40
  70066.631   414.665    13.26   23.07
  70446.801   409.380   -13.90   35.28
  70827.053   404.092   -13.91   43.64
  71207.388   389.932   -37.23   49.74
  71587.806   380.652   -24.39   48.94
  71968.307   374.714   -15.61   41.67
  72348.891   374.166    -1.44   34.14
  72729.557   391.974    46.78   36.12
  73110.307   421.947    78.72   48.17
  73491.139   465.484   114.33   63.09
  73872.055   524.522   155.00   72.00
  74253.053   577.406   138.81   72.41
  74634.135   623.901   122.01   53.13
  75006.116   654.395    81.98   40.36
  75371.476   677.804    64.07   34.73
  75736.911   708.109    82.93   44.95
  76102.422   745.967   103.58   55.31
  76468.007   787.806   114.45   57.25
  76833.669   808.690    57.12   59.96
  77199.406   795.901   -34.97   91.34
  77565.218   750.663  -123.67  119.71
  77931.106   676.562  -202.53  104.83
  78297.070   645.252   -85.56   70.39
  78663.109   649.364    11.23   59.15
  79029.225   707.106   157.72   87.09
  79395.416   773.659   181.75   85.85
  79761.682   819.096   124.06   58.76
  80128.025   824.859    15.73   51.73
  80494.444   816.418   -23.04   56.64
  80860.938   818.504     5.69   66.01
  81227.509   836.033    47.82   77.90
  81594.156   860.175    65.85   68.27
  81960.879   887.056    73.31   74.79
  82327.678   893.632    17.93   71.92
  82694.553   875.406   -49.68   77.37
  83061.505   842.588   -89.44   84.93
  83428.532   817.625   -68.02   71.89
  83795.637   836.289    50.84   87.08
  84162.817   902.307   179.81  110.26
  84530.074   972.286   190.56   89.86
  84897.408   983.745    31.20   78.92
  85264.818   949.611   -92.91   94.67
  85632.305   871.532  -212.48   99.60
  85999.868   793.385  -212.62   85.62
  86367.508   728.720  -175.90   70.57
  86735.225   689.338  -107.11   54.90
  87103.019   654.963   -93.47   38.04
  87470.889   628.265   -72.58   42.37
  87838.836   592.336   -97.65   54.36
  88206.861   535.976  -153.15   71.23
  88574.962   474.256  -167.68   64.87
  88943.140   439.189   -95.25   45.52
  89311.396   450.493    30.70   65.01
  89679.728   507.446   154.63   95.76
  90048.138   564.261   154.23   84.99
  90416.625   596.135    86.51   51.63
  90785.189   602.879    18.30   50.02
  91153.830   613.646    29.21   64.92
  91522.549   643.144    80.01   84.41
  91891.345   678.225    95.13   92.97
  92260.219   712.271    92.30   82.77
  92629.170   723.380    30.11   81.15
  92998.199   705.661   -48.02   95.88
  93367.305   692.625   -35.32   93.87
  93736.489   677.484   -41.01   81.83
  94105.751   675.025    -6.66   74.53
  94475.090   687.633    34.14   81.13
  94844.508   717.129    79.85   98.64
  95214.003   743.504    71.38  104.63
  95583.576   747.273    10.20   99.28
  95953.227   773.474    70.89  105.32
  96322.956   821.106   128.84  110.16
  96692.763   863.978   115.94  101.72
  97062.648   918.065   146.24  110.89
  97432.611   969.614   139.35  112.66
  97802.652  1028.359   158.76   99.46
  98172.772  1069.652   111.58   88.99
  98542.970  1104.997    95.48   72.00
  98913.246  1105.085     0.24   61.14
  99283.601  1090.571   -39.19   73.03
  99654.034  1056.778   -91.23   85.11
 100024.546  1001.659  -148.78   71.01
 100395.136   999.384    -6.14   90.27
 100765.805  1014.504    40.79  117.53
 101136.552  1043.971    79.49  112.13
 101507.378  1063.401    52.40   85.56
 101878.283  1040.683   -61.25   71.08
 102249.266  1006.399   -92.42   78.51
 102620.329   955.571  -136.99   87.97
 102991.470   915.744  -107.32   80.61
 103362.690   879.119   -98.67   78.96
 103733.989   849.421   -79.99   90.15
 104105.368   815.837   -90.44   89.72
 104476.825   778.890   -99.47   78.05
 104848.361   768.915   -26.85   83.75
 105219.977   775.766    18.44  106.01
 105591.672   781.859    16.39  109.89
 105963.446   775.595   -16.85   94.17
 106335.299   749.374   -70.52   78.01
 106707.232   697.629  -139.13   59.36
 107079.245   649.943  -128.20   63.55
 107451.336   591.140  -158.05   70.26
 107823.508   548.369  -114.93   57.29
 108195.759   535.217   -35.34   47.35
 108568.089   559.261    64.58   72.50
 108940.499   616.869   154.70   91.08
 109312.989   675.900   158.49   89.70
 109685.559   710.935    94.04   71.80
 110058.208   697.583   -35.83   70.97
 110430.938   646.414  -137.29   85.64
 110803.747   601.189  -121.32   71.94
 111176.637   587.228   -37.44   60.48
 111549.606   611.685    65.58   69.25
 111922.656   625.065    35.87   55.56
 112295.785   619.129   -15.91   63.95
 112668.995   607.848   -30.23   72.99
 113042.285   598.962   -23.81   83.95
 113415.656   608.601    25.82   88.00
 113789.106   602.417   -16.56   83.50
 114162.638   552.209  -134.42  101.61
 114536.249   471.966  -214.79  112.23
 114909.941   423.283  -130.29   86.39
 115283.714   416.167   -19.04   74.74
 115657.567   460.788   119.36   88.06
 116031.501   526.033   174.50   63.45
 116405.516   581.147   147.37   62.45
 116779.611   634.592   142.88   70.78
 117153.787   694.158   159.20   73.65
 117528.044   736.385   112.84   58.09
 117902.382   746.598    27.28   49.90
 118276.801   740.390   -16.58   62.01
 118651.301   715.461   -66.57   77.76
 119025.882   685.406   -80.24   81.42
 119400.544   643.240  -112.55   74.14
 119775.287   621.774   -57.29   61.56
 120150.112   616.754   -13.39   61.17
 120525.018   615.379    -3.67   65.79
 120900.005   597.038   -48.92   67.23
 121275.073   566.632   -81.07   69.28
 121650.223   523.951  -113.78   50.75
 122025.455   499.532   -65.08   25.40
 122400.768   506.837    19.47   43.29
 122776.162   562.114   147.26  107.80
 123151.639   665.635   275.73  171.30
 123527.196   781.343   308.12  184.96
 123902.836   858.641   205.79  132.80
 124278.558   829.522   -77.51  140.06
 124654.361   751.503  -207.62  159.17
 125030.246   639.275  -298.59  170.04
 125406.213   526.359  -300.36  156.84
 125782.262   438.020  -234.93  127.51
 126158.394   367.511  -187.48   59.16
 126534.607   348.185   -51.37   23.16
 126910.903   356.402    21.84   33.87
 127287.280   419.767   168.37  101.63
 127663.740   508.252   235.07  134.37
 128040.283   606.910   262.03  124.41
 128416.908   665.395   155.30   90.59
 128793.615   672.583    19.08  102.23
 129170.405   633.006  -105.05  113.13
 129547.277   590.951  -111.60   89.88
 129924.232   568.332   -60.01   52.20
 130301.269   570.941     6.92   42.02
 130678.389   579.318    22.21   40.37
 131055.592   601.671    59.27   41.84
 131432.878   640.077   101.81   61.28
 131810.247   698.111   153.80   76.83
 132187.698   733.415    93.54   60.62
 132565.233   746.311    34.16   50.38
 132942.850   738.609   -20.40   54.15
 133320.551   730.786   -20.71   51.96
 133698.335   740.240    25.03   47.01
 134076.202   742.338     5.55   38.75
 134454.152   717.338   -66.15   52.97
 134832.186   672.138  -119.58   65.39
 135210.303   623.481  -128.69   58.79
 135588.503   578.415  -119.17   41.92
 135966.787   546.557   -84.23   36.64
 136345.154   519.723   -70.93   25.82
 136723.605   507.162   -33.20   20.60
 137102.139   510.149     7.89   25.47
 137480.757   523.757    35.94   34.47
 137859.459   538.337    38.51   38.24
 138238.245   548.093    25.76   40.66
 138617.114   569.633    56.86   58.89
 138996.068   619.042   130.40   85.02
 139375.105   679.609   159.81   84.55
 139754.227   732.919   140.63   79.88
 140133.432   801.130   179.90   98.93
 140512.722   867.542   175.11  102.36
 140892.095   894.496    71.05   87.83
 141271.553   889.013   -14.45   88.23
 141651.096   834.283  -144.22  103.47
 142030.722   780.778  -140.95   93.33
 142410.433   735.098  -120.31   79.07
 142790.229   720.518   -38.39   65.74
 143170.109   743.751    61.16   84.27
 143550.073   829.838   226.59  128.39
 143930.122   947.609   309.91  126.68
 144310.256  1065.549   310.29  146.10
 144690.475  1137.793   190.03  105.89
 145070.778  1109.573   -74.21  125.14
 145451.166  1020.109  -235.22  161.89
 145831.639   902.639  -308.78  146.73
 146212.197   817.250  -224.40  111.45
 146592.840   753.675  -167.04  102.60
 146973.568   674.359  -208.35  118.81
 147354.382   585.828  -232.50  121.78
 147735.280   517.326  -179.86   70.86
 148116.264   520.343     7.92   64.40
 148497.333   566.098   120.08   90.34
 148878.487   651.900   225.13  111.88
 149259.727   737.163   223.67  110.60
 149637.224   829.573   244.82  136.27
 150002.349   922.446   254.38  137.96
 150367.550  1023.267   276.10  149.11
 150732.829  1087.192   175.02  134.17
 151098.184  1138.787   141.23  116.08
 151463.617  1155.879    46.78  117.92
 151829.128  1131.429   -66.90  126.33
 152194.715  1082.267  -134.49  126.59
 152560.380  1032.489  -136.14  104.62
 152926.123  1020.065   -33.97  111.77
 153291.943  1036.109    43.86  134.23
 153657.840  1079.879   119.64  125.30
 154023.815  1104.093    66.17  108.56
 154389.868  1089.213   -40.66   97.92
 154755.998  1050.010  -107.08   99.69
 155122.206   977.206  -198.83  120.64
 155488.492   876.169  -275.87  137.46
 155854.855   767.756  -295.95  122.93
 156221.297   650.020  -321.33  134.64
 156587.816   551.046  -270.07  137.52
 156954.414   455.962  -259.40  104.41
 157321.089   410.769  -123.26   66.99
 157687.842   400.054   -29.22   67.17
 158054.674   441.579   113.21  103.33
 158421.584   491.571   136.27  116.25
 158788.572   540.940   134.54  133.10
 159155.638   554.753    37.64  143.15
 159522.783   528.606   -71.23  155.30
 159890.005   459.131  -189.21  142.88
 160257.307   379.859  -215.85  112.57
 160624.687   323.614  -153.11   74.03
 160992.145   290.728   -89.50   35.61
 161359.682   280.450   -27.97    9.90
 161727.297   286.254    15.79   12.15
 162094.991   301.042    40.22   24.46
 162462.764   327.479    71.89   49.95
 162830.616   372.343   121.98   76.33
 163198.546   436.758   175.09  103.08
 163566.556   526.454   243.76  120.14
 163934.644   627.329   274.08  133.28
 164302.811   714.020   235.49  111.50
 164671.057   765.789   140.60   91.71
 165039.383   772.467    18.13   91.86
 165407.787   713.777  -159.33  121.20
 165776.271   629.919  -227.60  126.43
 166144.833   574.240  -151.09   91.49
 166513.476   568.093   -16.68   82.99
 166882.197   580.934    34.83   89.06
 167250.998   628.389   128.69   82.91
 167619.878   669.364   111.09   78.67
 167988.837   660.777   -23.28   71.46
 168357.877   633.137   -74.91   83.05
 168726.995   593.172  -108.28   88.23
 169096.194   562.338   -83.52   89.50
 169465.472   540.552   -59.00   89.57
 169834.830   564.057    63.64   84.54
 170204.267   607.476   117.54   96.81
 170573.784   671.899   174.36  122.14
 170943.382   744.924   197.60   89.24
 171313.059   788.099   116.80   57.00
 171682.816   805.671    47.53   53.12
 172052.653   793.192   -33.75   67.39
 172422.571   762.032   -84.24   77.01
 172792.568   715.195  -126.60   85.33
 173162.646   713.309    -5.10   92.94
 173532.803   697.827   -41.83   93.91
 173903.042   668.099   -80.31   97.85
 174273.360   637.093   -83.74  102.83
 174643.759   597.919  -105.77   82.10
 175014.238   583.353   -39.32   67.45
 175384.798   606.313    61.97   80.90
 175755.438   647.327   110.67   84.70
 176126.159   681.737    92.83   88.75
 176496.961   717.961    97.70   87.33
 176867.843   773.940   150.95   98.85
 177238.807   829.455   149.67  112.78
 177609.850   909.943   216.95  126.75
 177980.975  1009.424   268.09  126.22
 178352.181  1104.077   255.02  102.80
 178723.468  1153.303   132.60   91.92
 179094.835  1166.448    35.40   84.01
 179466.284  1146.899   -52.64  101.51
 179837.814  1087.953  -158.68  126.98
 180209.425   996.589  -245.89  126.24
 180581.117   901.787  -255.08  105.53
 180952.891   816.042  -230.67   84.07
 181324.746   783.185   -88.37   60.38
 181696.682   787.195    10.78   65.40
 182068.700   797.189    26.87   72.20
 182440.799   801.140    10.62   89.73
 182812.980   772.249   -77.64  102.58
 183185.242   703.061  -185.88  106.55
 183557.586   636.969  -177.52  113.80
 183930.012   600.504   -97.92   92.07
 184302.519   601.394     2.39   96.88
 184675.109   650.172   130.93  140.74
 185047.780   738.369   236.69  145.35
 185420.533   806.111   181.76  121.28
 185793.368   852.726   125.04  103.38
 186166.285   873.589    55.95   77.03
 186539.284   886.036    33.37   72.35
 186912.366   879.789   -16.75   78.35
 187285.529   860.250   -52.37   71.74
 187658.775   844.152   -43.14   53.01
 188032.103   818.890   -67.67   62.56
 188405.513   779.939  -104.32   88.45
 188779.006   722.297  -154.35   90.65
 189152.581   696.646   -68.67   72.46
 189526.239   726.140    78.94   94.54
 189899.979   778.289   139.55   84.41
 190273.802   818.165   106.68   56.65
 190647.708   839.359    56.69   55.24
 191021.696   865.225    69.17   65.16
 191395.767   881.869    44.50   67.58
 191769.921   891.947    26.94   74.34
 192144.158   875.417   -44.18   87.36
 192518.478   816.512  -157.38  102.29
 192892.881   745.087  -190.80  133.92
 193267.367   646.997  -261.97  141.31
 193641.936   552.543  -252.20   87.94
 194016.588   514.707  -101.00   41.85
 194391.323   525.446    28.66   61.80
 194766.142   562.621    99.19   76.30
 195141.043   618.155   148.15   77.48
 195516.029   684.798   177.75   86.58
 195891.097   754.629   186.21  104.21
 196266.250   821.189   177.44   92.64
 196641.485   862.727   110.71   76.45
 197016.805   884.379    57.70   67.63
 197392.208   893.195    23.49   56.87
 197767.695   907.817    38.95   53.27
 198143.265   911.899    10.87   63.77
 198518.919   908.732    -8.43   73.59
 198894.658   878.542   -80.36   87.13
 199270.480   823.500  -146.48   98.59
 199646.386   786.769   -97.73   80.96
 200022.376   779.385   -19.64   77.34
 200398.450   833.205   143.13  119.38
 200774.609   926.206   247.27  128.14
 201150.851  1033.354   284.82  152.45
 201527.178  1127.085   249.10  158.20
 201903.589  1233.433   282.57  162.16
 202280.085  1272.111   102.75  142.98
 202656.665  1249.333   -60.49  144.03
 203033.329  1193.838  -147.35  163.60
 203410.078  1096.219  -259.15  127.42
 203786.912  1046.779  -131.22   95.06
 204163.830  1033.323   -35.71   78.85
 204540.833  1020.626   -33.68   77.36
 204917.921   986.899   -89.45   87.27
 205295.094   944.249  -113.09  107.92
 205672.351   889.024  -146.41   99.85
 206049.694   848.389  -107.70  104.57
 206427.121   803.296  -119.49  120.65
 206804.634   758.482  -118.72  127.11
 207182.231   695.164  -167.71   89.02
 207559.914   655.255  -105.68   27.24
 207937.682   647.396   -20.81    9.43
 208315.535   660.651    35.08   22.80
 208693.474   685.859    66.71   35.58
 209071.498   729.621   115.78   68.09
 209449.608   785.342   147.39   95.98
 209827.803   828.661   114.56  109.00
 210206.083   857.103    75.20  100.51
 210584.449   893.680    96.68  101.79
 210962.901   934.171   107.01  114.47
 211341.439   985.614   135.92  104.03
 211720.062  1041.776   148.35   80.67
 212098.771  1104.019   164.38  105.38
 212477.566  1148.410   117.21  113.98
 212856.447  1199.555   135.01  116.50
 213235.415  1247.960   127.75  113.71
 213614.468  1294.339   122.37  101.07
 213993.607  1327.063    86.32  109.97
 214372.833  1388.979   163.29  129.06
 214752.144  1464.888   200.15  150.62
 215131.543  1544.219   209.13  140.67
 215511.027  1588.580   116.92  117.37
 215890.598  1615.799    71.72   97.01
 216270.255  1615.027    -2.03  105.79
 216649.999  1602.239   -33.68  134.27
 217029.830  1627.121    65.52  184.74
 217409.747  1629.759     6.94  202.78
 217789.751  1600.889   -75.98  217.42
 218169.842  1485.599  -303.37  245.42
 218550.019  1327.403  -416.17  218.50
 218930.284  1181.716  -383.18  177.27
 219310.635  1077.646  -273.65  160.22
 219691.074   949.979  -335.63  176.85
 220071.599   807.929  -373.35  175.28
 220452.212   670.677  -360.66  136.45
 220832.912   582.259  -232.29   82.67
 221213.699   540.389  -109.97   28.12
 221594.573   556.769    43.01   54.30
 221975.535   633.535   201.54  132.07
 222356.584   735.169   266.76  170.21
 222737.721   840.909   277.48  153.29
 223118.945   927.789   227.93  130.26
 223500.257  1004.961   202.41  132.07
 223881.656  1094.710   235.35  178.85
 224263.143  1206.859   294.02  159.37
 224629.976  1280.643   201.17  106.21
 224994.939  1320.522   109.28   91.53
 225359.981  1280.453  -109.78  102.28
 225725.102  1237.573  -117.46   99.31
 226090.302  1236.939    -1.74   94.00
 226455.581  1231.399   -15.17   93.82
 226820.940  1240.591    25.16  101.00
 227186.377  1248.354    21.25   98.76
 227551.894  1210.082  -104.72  117.06
 227917.490  1164.270  -125.33  110.93
 228283.165  1158.189   -16.63  100.15
 228648.919  1199.149   112.01  141.62
 229014.753  1250.152   139.44  163.00
