# NaN NaN NaN ;Mean Elev.(m), Avg Gradient(m/km), RMS Gradient(m/km) - SRTM1     
#  118.306  -0.921   3.758 ;Mean Elev.(m), Avg Gradient(m/km), RMS Gradient(m/km) - ASTER GDEM
#  101.487  -0.761   0.986 ;Mean Elev.(m), Avg Gradient(m/km), RMS Gradient(m/km) - GMTED2010 
  7   100.878 52470.88225865 35.40 212.305228  66.280727 23.785
  7   100.889 52470.88225929 34.27 212.301968  66.277647 23.785
  8    95.737 52505.88223959 17.01 212.303538  66.280294 16.655
  8    95.830 52505.88224024 15.73 212.300278  66.277214 16.655
  9   100.757 52540.88222115 50.67 212.330316  66.280943 40.500
  9   100.518 52540.88222179 45.35 212.327056  66.277863 40.500
 10    99.408 52575.88226911 47.77 212.307269  66.279972 26.932
 10    99.196 52575.88226976 37.68 212.304009  66.276892 26.932
 11    99.656 52610.88223068 22.23 212.303864  66.281348  8.849
 11    99.628 52610.88223133 22.52 212.300604  66.278268  8.849
 11    99.430 52610.88223197 21.62 212.297344  66.275188  8.849
 12    99.241 52645.88221824 18.28 212.317240  66.281696  4.162
 12    99.289 52645.88221889 17.78 212.313980  66.278606  4.162
 12    99.357 52645.88221953 18.20 212.310720  66.275526  4.162
 13    99.425 52680.88219236 17.03 212.309300  66.279796  2.824
 13    99.386 52680.88219301 16.37 212.306040  66.276706  2.824
 16   101.070 52785.88221265 50.37 212.330288  66.284032 33.591
 16   101.143 52785.88221329 53.04 212.327018  66.280942 33.591
 16   100.867 52785.88221394 49.37 212.323758  66.277862 33.591
 17   101.032 52820.88228709 24.61 212.326322  66.283815 25.201
 17   100.806 52820.88228774 25.42 212.323062  66.280725 25.201
 17   100.844 52820.88228838 29.29 212.319802  66.277645 25.201
 18   100.954 52855.88233495 27.74 212.323903  66.283916 28.707
 18   100.913 52855.88233560 30.91 212.320633  66.280836 28.707
 18   100.907 52855.88233624 33.63 212.317373  66.277746 28.707
 19   101.320 52890.88236834 40.01 212.309947  66.282387 38.429
 19   101.331 52890.88236898 47.92 212.306687  66.279297 38.429
 19   101.240 52890.88236963 47.53 212.303427  66.276217 38.429
 20    99.650 52925.88232200 48.40 212.294453  66.280649 44.384
 20    99.385 52925.88232265 54.45 212.291193  66.277569 44.384
 21    97.799 52960.88228831 37.62 212.332037  66.282823 14.677
 21    97.728 52960.88228895 46.94 212.328777  66.279743 14.677
 21    97.638 52960.88228960 36.79 212.325507  66.276653 14.677
 22    99.488 52995.88232711 20.57 212.311651  66.280056  7.466
 22    99.463 52995.88232775 20.76 212.308391  66.276976  7.466
 23    99.241 53030.88229011 15.76 212.296750  66.281438  4.358
 23    99.247 53030.88229076 13.71 212.293490  66.278358  4.358
 23    99.334 53030.88229140 13.86 212.290240  66.275278  4.358
 24   104.043 53065.88229654 13.25 212.318980  66.281158  4.852
 24    98.960 53065.88229718 13.11 212.315720  66.278078  4.852
 25    99.111 53100.88229916 12.63 212.292751  66.281240  3.355
 25    98.893 53100.88229980 12.55 212.289491  66.278150  3.355
 26   102.124 53135.88229684 49.47 212.325433  66.284040 26.585
 26   101.988 53135.88229748 49.24 212.322163  66.280950 26.585
 26   102.003 53135.88229812 44.00 212.318903  66.277870 26.585
 28   100.559 53205.88236429 49.67 212.308866  66.281274 34.591
 28   100.299 53205.88236493 51.21 212.305606  66.278194 34.591
 29   100.121 53240.88233238 52.13 212.306329  66.280465 39.393
 29    99.947 53240.88233302 53.92 212.303059  66.277385 39.393
 30    99.066 53275.88230055 23.13 212.328999  66.279086 24.692
 30    99.062 53275.88230119 28.49 212.325729  66.276006 24.692
 31    97.857 53310.88234470 43.89 212.309876  66.280284 35.971
 31    97.821 53310.88234534 35.75 212.306616  66.277194 35.971
 32    99.624 53345.88231074 39.84 212.306345  66.280694 16.320
 32    99.192 53345.88231138 22.91 212.303085  66.277604 16.320
 33    98.413 53380.88226555 14.07 212.329842  66.280284  7.063
 33    98.660 53380.88226619 14.01 212.326582  66.277204  7.063
 34    98.143 53415.88228826 13.12 212.315056  66.280296  4.307
 34    98.284 53415.88228890 12.40 212.311796  66.277206  4.307
 36    98.813 53485.88236949 19.18 212.307974  66.281312 26.986
 36    98.538 53485.88237013 24.19 212.304714  66.278232 26.986
 36    98.395 53485.88237078 21.77 212.301454  66.275152 26.986
 37   102.873 53520.88236316 43.38 212.312671  66.282134 34.120
 37   102.703 53520.88236380 47.27 212.309401  66.279054 34.120
 37   102.606 53520.88236445 43.68 212.306141  66.275964 34.120
 38   100.884 53555.88238772 50.85 212.301423  66.280269 40.560
 38   100.849 53555.88238837 48.49 212.298163  66.277179 40.560
 39   104.823 53590.88232806 23.09 212.308599  66.281484 26.285
 39   100.607 53590.88232870 19.87 212.305339  66.278404 26.285
 39   100.576 53590.88232935 22.17 212.302079  66.275314 26.285
 40   100.418 53625.88231165 46.98 212.325307  66.283743 39.087
 40   100.460 53625.88231229 48.32 212.322047  66.280663 39.087
 40   100.319 53625.88231294 44.35 212.318777  66.277583 39.087
 41    99.458 53660.88233869 26.47 212.314033  66.280263 17.931
 41    99.491 53660.88233933 32.21 212.310773  66.277183 17.931
 42    99.137 53695.88230991 19.20 212.303125  66.281060  4.192
 42    99.120 53695.88231055 19.80 212.299865  66.277970  4.192
 42    99.020 53695.88231120 18.81 212.296605  66.274890  4.192
 43    99.653 53730.88223254 18.88 212.300643  66.282151  4.631
 43    99.562 53730.88223319 17.48 212.297383  66.279071  4.631
 43    99.384 53730.88223383 18.56 212.294133  66.275991  4.631
 44    99.617 53765.88220084 17.14 212.329386  66.284891  3.280
 44    98.935 53765.88220149 16.52 212.326126  66.281811  3.280
 44    98.858 53765.88220213 16.53 212.322856  66.278721  3.280
 44    99.204 53765.88220278 15.36 212.319596  66.275641  3.280
 46    99.085 53835.88220889 14.22 212.332189  66.285448  3.383
 46    99.177 53835.88220953 12.93 212.328919  66.282368  3.383
 46    98.708 53835.88221018 12.49 212.325659  66.279288  3.383
 46    98.939 53835.88221082 12.33 212.322389  66.276208  3.383
 47   102.848 53870.88226767 44.57 212.315659  66.281570 31.269
 47   102.678 53870.88226831 44.98 212.312399  66.278480 31.269
 47   102.576 53870.88226896 45.42 212.309139  66.275400 31.269
 48   102.186 53905.88230454 48.83 212.310439  66.280276 33.050
 48   101.956 53905.88230518 47.39 212.307179  66.277196 33.050
 49   100.474 53940.88233568 20.69 212.301396  66.280741 22.801
 49   100.670 53940.88233633 21.72 212.298136  66.277661 22.801
 49   100.765 53940.88233697 23.01 212.294876  66.274581 22.801
 50   101.928 53975.88229263 47.37 212.296163  66.280145 47.071
 50   101.916 53975.88229328 51.81 212.292903  66.277055 47.071
 50   101.804 53975.88229392 49.80 212.289643  66.273975 47.071
 51   100.455 54010.88229117 47.62 212.330741  66.282003 29.173
 51   100.445 54010.88229182 46.30 212.327481  66.278923 29.173
 51   100.307 54010.88229246 46.07 212.324211  66.275843 29.173
 52    98.204 54045.88230636 40.93 212.325675  66.284835 23.629
 52    98.182 54045.88230700 48.99 212.322405  66.281755 23.629
 52    98.183 54045.88230765 44.48 212.319145  66.278665 23.629
 52    97.986 54045.88230829 35.78 212.315885  66.275585 23.629
 53    99.471 54080.88230067 20.76 212.304325  66.281690  6.886
 53    99.442 54080.88230132 21.52 212.301055  66.278610  6.886
 53    99.325 54080.88230196 22.22 212.297805  66.275530  6.886
 54    98.965 54115.88223486 18.02 212.293207  66.280427  5.267
 54    99.116 54115.88223551 16.41 212.289947  66.277337  5.267
 55    98.445 54150.88224977 18.78 212.312635  66.281714  4.082
 55    98.444 54150.88225041 17.99 212.309375  66.278634  4.082
 55    98.326 54150.88225106 17.33 212.306115  66.275554  4.082
 56    97.866 54185.88222637 16.39 212.297272  66.281924  8.195
 56    97.063 54185.88222702 16.14 212.294022  66.278834  8.195
 56    97.765 54185.88222766 14.24 212.290759  66.275749  3.088
 57    99.565 54220.88225912 33.46 212.316927  66.281169 16.933
 57    99.313 54220.88225977 38.10 212.313667  66.278089 16.933
 58   102.618 54255.88228238 40.49 212.311755  66.281990 24.190
 58   102.569 54255.88228302 44.03 212.308485  66.278900 24.190
 58   102.378 54255.88228367 40.57 212.305227  66.275819 29.843
 59   101.820 54290.88228469 49.68 212.311909  66.280403 30.803
 59   101.643 54290.88228534 45.91 212.308649  66.277313 30.803
 60   105.067 54325.88228225 21.58 212.310119  66.281012 33.915
 60   101.540 54325.88228290 24.12 212.306859  66.277922 33.915
 61   101.130 54360.88223464 48.00 212.296175  66.282104 31.471
 61   100.440 54360.88223529 48.25 212.292915  66.279024 31.471
 61   100.347 54360.88223593 52.78 212.289655  66.275947 43.196
 62   100.018 54395.88222199 49.74 212.316072  66.281530 18.547
 62   100.085 54395.88222264 47.41 212.312812  66.278450 18.547
 62    99.741 54395.88222328 35.55 212.309549  66.275362 26.091
 63    99.801 54430.88218513 20.83 212.300810  66.279450 12.194
 63    99.620 54430.88218577 19.07 212.297551  66.276367  8.587
 64    99.113 54465.88220234 19.93 212.320301  66.281196  9.396
 64    99.654 54465.88220298 18.67 212.317041  66.278116  9.396
 65    98.305 54500.88219782 17.12 212.303894  66.279486  5.439
 65    98.560 54500.88219846 16.79 212.300634  66.276406  5.439
 66    98.033 54535.88221761 18.29 212.311858  66.280644  7.354
 66    98.342 54535.88221825 15.27 212.308598  66.277554  7.354
 67    98.093 54570.88219994  9.27 212.300160  66.281512  5.213
 67    98.346 54570.88220058  7.87 212.296900  66.278432  5.213
 67    99.695 54570.88220123  5.68 212.293640  66.275352  5.213
 68   103.083 54605.88221151 36.45 212.312167  66.280213 25.051
 68   102.591 54605.88221216 35.79 212.308907  66.277133 25.051
 69   101.311 54640.88222143 46.40 212.306181  66.279880 30.297
 69   101.010 54640.88222208 49.05 212.302921  66.276790 30.297
 70   104.532 54675.88222310 30.27 212.310172  66.281820 24.778
 70   102.017 54675.88222375 34.23 212.306912  66.278740 24.778
 70   102.112 54675.88222439 37.74 212.303652  66.275660 24.778
 71   102.089 54710.88217931 43.88 212.300749  66.280862 32.568
 71   101.926 54710.88217996 45.24 212.297489  66.277782 32.568
 71   101.722 54710.88218060 42.32 212.294229  66.274702 32.568
 72   100.583 54745.88219086 45.79 212.314031  66.281016 33.816
 72   100.392 54745.88219150 48.71 212.310771  66.277936 33.816
 73    98.534 54780.88216412 41.21 212.308129  66.280905 31.453
 73    98.394 54780.88216476 36.65 212.304869  66.277815 31.453
 74    99.978 54815.88218365 17.49 212.317573  66.281841  6.585
 74   100.034 54815.88218430 19.01 212.314313  66.278761  6.585
 74   100.094 54815.88218494 19.63 212.311053  66.275671  6.585
 75    99.626 54850.88216209 13.84 212.305854  66.281893  4.657
 75    99.699 54850.88216274 13.88 212.302594  66.278813  4.657
 75    99.617 54850.88216338 13.68 212.299334  66.275733  4.657
 76    98.711 54885.88218808 14.26 212.312250  66.280799  5.128
 76    99.079 54885.88218872 12.97 212.308990  66.277719  5.128
 77    99.945 54920.88216374  8.62 212.293219  66.281956  4.157
 77    99.318 54920.88216439  8.47 212.289969  66.278876  4.157
 78    99.871 54955.88218342 35.08 212.314818  66.280274 20.864
 78    99.747 54955.88218406 35.33 212.311558  66.277194 20.864
 79   102.479 54990.88220665 39.35 212.311030  66.282464 30.385
 79   102.495 54990.88220729 40.41 212.307770  66.279384 30.385
 79   102.369 54990.88220794 43.84 212.304510  66.276294 30.385
 80   101.060 55025.88219826 49.64 212.306820  66.280453 35.432
 80   100.780 55025.88219891 50.71 212.303560  66.277373 35.432
 81   100.343 55060.88219164 44.03 212.309673  66.280671 37.104
 81   100.081 55060.88219229 46.89 212.306413  66.277591 37.104
 82   100.469 55095.88214250 19.28 212.294876  66.281695 17.446
 82   100.429 55095.88214315 19.28 212.291626  66.278615 17.446
 83    99.680 55130.88213422 47.06 212.313012  66.280557 26.961
 83    99.541 55130.88213486 43.21 212.309752  66.277467 26.961
 84    99.500 55165.88210423 20.96 212.307299  66.281577  8.238
 84    99.456 55165.88210488 22.64 212.304039  66.278497  8.238
 84    99.437 55165.88210552 21.26 212.300779  66.275417  8.238
 85    99.322 55200.88212567 18.92 212.315364  66.282167  5.421
 85    99.488 55200.88212632 17.45 212.312104  66.279087  5.421
 85    99.494 55200.88212696 17.35 212.308844  66.275997  5.421
 86    98.666 55235.88211068 17.40 212.300687  66.281295  5.178
 86    99.566 55235.88211132 14.99 212.297427  66.278215  5.178
 86    99.196 55235.88211197 16.27 212.294167  66.275125  5.178
 87    99.445 55270.88212061 15.60 212.310076  66.280505  5.356
 87    99.342 55270.88212126 15.13 212.306816  66.277415  5.356
 88    99.946 55305.88209173 29.50 212.298210  66.281977 18.992
 88   100.073 55305.88209237 28.01 212.294950  66.278897 18.992
 88    99.520 55305.88209302 29.65 212.291700  66.275817 18.992
 89   100.952 55340.88209137 48.37 212.311099  66.280270 24.199
 89   100.784 55340.88209202 43.39 212.307839  66.277190 24.199
 90   101.264 55375.88208440 53.02 212.305882  66.280282 34.237
 90   101.023 55375.88208504 51.52 212.302622  66.277192 34.237
 91   104.121 55410.88210620 19.26 212.317355  66.282016 24.919
 91   101.810 55410.88210684 19.96 212.314095  66.278936 24.919
 91   101.924 55410.88210749 23.37 212.310835  66.275846 24.919
 92   100.930 55445.88210002 34.19 212.308128  66.280149 29.688
 92   100.897 55445.88210066 44.06 212.304868  66.277069 29.688
 93    99.326 55480.88203368 46.43 212.294409  66.281763 36.933
 93    99.180 55480.88203433 48.08 212.291149  66.278683 36.933
