-136558.762   136.219     0.00    4.84
-136185.437   140.162    10.56    6.14
-135812.191   141.790     4.36    5.75
-135439.022   142.843     2.82    5.18
-135065.931   141.796    -2.81    5.30
-134692.917   137.946   -10.32    6.82
-134319.982   133.514   -11.89    7.53
-133947.123   129.180   -11.62    6.74
-133574.343   129.130    -0.13    9.06
-133201.639   133.123    10.71   12.62
-132829.014   138.468    14.34   14.98
-132456.465   145.071    17.73   15.36
-132083.994   148.861    10.17   16.10
-131711.601   153.171    11.58   16.10
-131339.284   159.440    16.84   18.20
-130967.045   164.596    13.85   20.53
-130594.883   163.223    -3.69   24.69
-130222.798   158.324   -13.17   30.43
-129850.790   152.095   -16.75   33.24
-129478.859   144.236   -21.13   32.92
-129107.005   143.436    -2.15   33.32
-128735.228   140.173    -8.78   31.74
-128363.528   135.399   -12.85   29.66
-127991.904   125.319   -27.13   28.67
-127620.358   113.406   -32.07   24.48
-127248.888   104.223   -24.72   14.55
-126877.495   100.340   -10.46    2.69
-126506.178   100.754     1.12    2.53
-126134.938   101.907     3.10    2.95
-125763.775   102.691     2.11    2.82
-125392.688   103.319     1.69    2.44
-125021.677   103.989     1.81    2.10
-124650.743   104.598     1.64    1.97
-124279.886   105.808     3.26    1.90
-123909.104   107.182     3.71    1.75
-123538.399   108.754     4.24    1.84
-123167.770   110.014     3.40    1.96
-122797.217   110.955     2.54    1.89
-122426.741   110.731    -0.61    2.29
-122056.340   109.808    -2.49    2.45
-121686.015   109.840     0.09    2.48
-121315.767   110.969     3.05    3.20
-120945.594   112.679     4.62    3.14
-120575.498   114.467     4.83    1.83
-120205.477   115.010     1.47    1.34
-119835.531   115.094     0.23    1.33
-119465.662   114.776    -0.86    1.22
-119095.868   114.335    -1.19    0.94
-118726.150   114.234    -0.28    0.74
-118356.508   115.324     2.95    2.53
-117986.941   118.861     9.57    5.61
-117617.450   123.830    13.45    7.17
-117248.034   130.744    18.72    7.86
-116878.694   137.645    18.69    8.46
-116509.429   146.478    23.92   10.80
-116140.239   154.733    22.36   12.52
-115771.125   162.940    22.24   13.28
-115402.086   168.894    16.14   14.00
-115033.122   171.021     5.77   14.36
-114664.233   169.829    -3.23   12.11
-114295.419   167.841    -5.39   10.36
-113926.681   167.408    -1.18    8.22
-113558.017   169.012     4.35    7.46
-113189.428   174.776    15.64    9.32
-112820.915   182.608    21.25   12.46
-112452.476   193.968    30.84   16.12
-112084.112   204.025    27.31   17.23
-111715.823   213.539    25.83   18.12
-111347.608   220.416    18.68   17.74
-110979.468   223.955     9.61   18.39
-110611.403   227.223     8.88   16.87
-110243.413   229.762     6.90   14.63
-109875.497   233.969    11.43   12.95
-109507.656   240.563    17.93   15.86
-109139.889   248.031    20.31   17.06
-108772.196   254.421    17.38   17.66
-108404.578   267.797    36.39   25.45
-108037.034   285.536    48.27   36.26
-107669.565   308.656    62.92   40.19
-107302.170   324.968    44.40   37.39
-106934.849   340.382    41.97   32.73
-106567.602   341.797     3.85   42.19
-106200.429   345.370     9.73   50.72
-105833.331   348.416     8.30   49.51
-105466.306   358.373    27.13   44.88
-105099.355   369.777    31.08   38.96
-104732.479   377.335    20.60   36.30
-104365.676   380.840     9.56   40.95
-103998.947   371.302   -26.01   43.95
-103632.292   345.621   -70.05   39.52
-103265.710   322.547   -62.95   38.14
-102899.203   299.551   -62.75   27.54
-102532.769   290.324   -25.18   22.00
-102166.408   289.296    -2.81   25.00
-101800.122   295.518    16.99   31.01
-101433.908   306.393    29.70   32.34
-101067.769   319.130    34.79   29.23
-100701.702   327.493    22.84   25.05
-100335.710   332.082    12.54   17.31
 -99969.790   328.606    -9.50   19.20
 -99603.944   313.991   -39.95   26.42
 -99238.171   302.915   -30.28   24.61
 -98872.472   303.066     0.41   29.71
 -98495.277   310.489    19.68   35.56
 -98114.327   321.444    28.76   34.11
 -97733.457   320.656    -2.07   26.49
 -97352.668   309.947   -28.13   20.36
 -96971.960   299.047   -28.63   18.03
 -96591.332   291.737   -19.21   12.82
 -96210.784   290.346    -3.66   10.20
 -95830.317   288.749    -4.20    7.60
 -95449.929   284.141   -12.11    9.20
 -95069.622   274.485   -25.39   12.69
 -94689.395   263.244   -29.57   13.82
 -94309.249   254.291   -23.55    8.40
 -93929.182   251.938    -6.19    4.57
 -93549.195   255.341     8.96    7.87
 -93169.289   263.297    20.94   10.45
 -92789.462   272.775    24.95   10.31
 -92409.715   280.884    21.36    8.40
 -92030.048   287.950    18.61    7.00
 -91650.460   293.485    14.58    5.91
 -91270.952   298.380    12.90    5.21
 -90891.524   300.627     5.92    5.78
 -90512.176   301.932     3.44    8.13
 -90132.907   301.571    -0.95   11.23
 -89753.718   301.478    -0.25   13.36
 -89374.608   301.550     0.19   15.01
 -88995.577   305.541    10.53   17.75
 -88616.626   319.308    36.33   32.44
 -88237.754   353.230    89.54   56.96
 -87858.962   389.829    96.63   60.97
 -87480.248   431.608   110.32   51.60
 -87101.614   458.460    70.92   46.29
 -86723.059   476.166    46.78   41.44
 -86344.583   471.743   -11.69   46.21
 -85966.186   451.808   -52.69   60.93
 -85587.868   420.927   -81.63   63.41
 -85209.629   378.590  -111.94   51.99
 -84831.469   362.130   -43.53   35.43
 -84453.387   365.547     9.04   28.52
 -84075.385   377.098    30.56   30.35
 -83697.461   401.003    63.26   28.78
 -83319.615   418.340    45.89   31.53
 -82941.849   440.547    58.79   46.31
 -82564.161   461.104    54.43   59.29
 -82186.551   500.699   104.86   76.45
 -81809.020   534.390    89.25   81.43
 -81431.568   567.362    87.36   67.29
 -81054.193   572.403    13.36   55.51
 -80676.898   553.468   -50.19   52.21
 -80299.680   524.189   -77.62   34.96
 -79922.541   503.946   -53.68   21.94
 -79545.480   501.171    -7.36   22.12
 -79168.497   501.754     1.55   23.66
 -78791.592   499.239    -6.67   23.42
 -78414.765   488.130   -29.48   25.22
 -78038.016   475.750   -32.86   26.84
 -77661.345   463.647   -32.14   32.21
 -77284.752   451.944   -31.08   38.08
 -76908.237   429.732   -59.00   46.88
 -76531.800   405.459   -64.48   50.79
 -76155.440   368.112   -99.24   48.98
 -75779.158   344.208   -63.53   38.34
 -75402.954   329.467   -39.18   23.70
 -75026.828   330.463     2.65   25.65
 -74650.779   339.049    22.83   29.75
 -74274.807   350.041    29.24   28.56
 -73898.913   370.098    53.36   32.07
 -73523.097   394.685    65.43   40.39
 -73147.357   429.507    92.68   39.88
 -72771.696   456.441    71.70   29.81
 -72396.111   468.012    30.81   21.17
 -72020.604   462.563   -14.51   23.90
 -71645.174   440.238   -59.47   34.60
 -71269.821   408.508   -84.54   41.01
 -70894.545   369.378  -104.27   44.67
 -70519.346   332.379   -98.62   41.29
 -70144.224   298.421   -90.53   34.20
 -69769.179   273.994   -65.13   24.48
 -69394.212   256.958   -45.44   13.97
 -69019.321   248.291   -23.12    6.73
 -68644.506   244.324   -10.58    5.74
 -68269.769   240.453   -10.33    7.22
 -67895.108   235.152   -14.15    8.30
 -67520.524   229.883   -14.07    7.13
 -67146.017   225.308   -12.22    4.91
 -66771.586   222.442    -7.65    4.74
 -66397.231   219.704    -7.32    4.84
 -66022.954   217.264    -6.52    4.68
 -65648.752   213.737    -9.43    5.35
 -65274.627   208.656   -13.58    7.90
 -64900.579   203.458   -13.90    8.50
 -64526.606   198.003   -14.59    7.42
 -64152.710   193.074   -13.18    4.57
 -63778.891   190.036    -8.13    3.41
 -63405.147   189.040    -2.67    3.90
 -63031.479   190.264     3.28    6.39
 -62657.888   194.083    10.22    9.72
 -62284.372   199.525    14.57   11.57
 -61910.933   204.594    13.57   12.73
 -61537.569   208.595    10.72   12.91
 -61164.282   210.687     5.60   13.37
 -60791.070   211.558     2.33   13.51
 -60417.934   212.270     1.91   13.84
 -60044.874   209.330    -7.88   14.42
 -59671.889   207.700    -4.37   14.05
 -59298.981   205.074    -7.04   13.98
 -58926.147   203.485    -4.26   14.29
 -58553.390   202.830    -1.76   14.37
 -58180.708   204.456     4.36   13.84
 -57808.101   207.114     7.13   13.86
 -57435.570   210.399     8.82   13.91
 -57063.114   215.194    12.87   12.59
 -56690.734   219.192    10.74    8.98
 -56318.428   220.853     4.46    5.22
 -55946.199   223.232     6.39    5.54
 -55574.044   226.531     8.87    8.65
 -55201.964   229.601     8.25   10.62
 -54829.960   232.098     6.71   11.99
 -54458.031   235.841    10.06   13.49
 -54086.176   239.807    10.67   13.67
 -53714.397   243.711    10.50   13.85
 -53342.693   248.042    11.65   12.77
 -52971.063   249.166     3.03   11.54
 -52599.509   250.603     3.87    9.28
 -52228.029   253.286     7.22    7.99
 -51856.624   257.408    11.10    9.75
 -51485.293   264.079    17.97   11.98
 -51114.038   269.931    15.76   11.52
 -50742.857   276.362    17.33   11.39
 -50371.750   281.093    12.75   11.77
 -50000.718   287.875    18.28   11.03
 -49629.761   293.285    14.59   11.82
 -49258.878   304.410    30.00   17.37
 -48888.069   318.079    36.87   23.22
 -48517.335   337.324    51.91   24.92
 -48146.675   355.721    49.63   23.60
 -47776.089   373.995    49.31   20.73
 -47405.578   393.340    52.21   22.58
 -47035.141   412.760    52.43   23.84
 -46664.778   435.219    60.64   28.41
 -46294.489   459.546    65.70   29.65
 -45924.274   486.082    71.68   29.93
 -45554.133   508.069    59.40   28.27
 -45184.066   517.025    24.20   33.41
 -44814.073   510.182   -18.50   50.34
 -44444.154   492.362   -48.17   57.20
 -44074.308   482.152   -27.61   50.55
 -43704.537   481.514    -1.72   43.77
 -43334.839   496.082    39.41   44.81
 -42965.215   519.641    63.74   52.55
 -42595.664   539.566    53.92   58.26
 -42226.188   560.364    56.29   57.27
 -41856.784   577.700    46.93   56.94
 -41487.455   599.497    59.02   56.23
 -41118.198   628.243    77.85   68.46
 -40749.015   665.713   101.50   65.96
 -40379.906   702.058    98.47   67.18
 -40010.870   732.140    81.52   60.09
 -39641.907   758.863    72.43   44.90
 -39273.018   770.989    32.87   30.00
 -38904.201   762.588   -22.78   32.52
 -38535.458   739.730   -61.99   40.89
 -38166.788   711.571   -76.38   44.93
 -37798.191   687.119   -66.34   49.23
 -37429.667   666.174   -56.83   55.85
 -37061.216   643.449   -61.68   56.01
 -36692.839   619.947   -63.80   57.48
 -36324.534   604.036   -43.20   51.63
 -35956.301   601.667    -6.43   52.32
 -35588.142   604.720     8.29   50.62
 -35220.056   602.515    -5.99   48.26
 -34852.042   586.577   -43.31   44.55
 -34484.101   560.341   -71.31   43.15
 -34116.233   524.522   -97.37   45.72
 -33748.437   504.742   -53.78   44.05
 -33380.714   489.663   -41.01   42.23
 -33013.063   477.445   -33.23   46.93
 -32645.485   469.452   -21.75   50.78
 -32277.979   467.612    -5.01   52.43
 -31910.546   457.167   -28.43   50.50
 -31543.185   438.145   -51.78   49.88
 -31175.896   427.842   -28.05   46.48
 -30808.680   421.916   -16.14   39.42
 -30441.536   426.363    12.11   40.85
 -30074.464   434.363    21.79   36.23
 -29707.464   446.621    33.40   37.91
 -29340.536   469.279    61.75   41.85
 -28973.681   498.030    78.37   48.06
 -28606.897   538.774   111.09   63.79
 -28240.186   582.071   118.07   73.41
 -27873.546   630.033   130.82   72.74
 -27506.978   680.721   138.28   80.93
 -27140.482   732.179   140.41   81.77
 -26774.058   781.395   134.32   97.50
 -26407.706   821.830   110.37  100.38
 -26041.425   843.308    58.64   95.53
 -25675.217   827.184   -44.03   95.29
 -25309.079   794.167   -90.18   89.42
 -24943.014   753.148  -112.05   87.37
 -24577.020   717.574   -97.20   88.91
 -24211.097   687.308   -82.71   90.53
 -23838.352   650.054   -99.95   82.03
 -23457.561   605.319  -117.48   90.06
 -23076.848   550.591  -143.75   88.44
 -22696.215   507.269  -113.82   74.34
 -22315.659   504.583    -7.06   69.24
 -21935.181   548.753   116.09   87.11
 -21554.782   602.905   142.36   78.31
 -21174.461   633.663    80.88   57.10
 -20794.219   638.808    13.53   53.34
 -20414.054   634.352   -11.72   54.34
 -20033.967   622.192   -31.99   62.22
 -19653.959   604.740   -45.93   66.16
 -19274.028   582.621   -58.22   64.55
 -18894.175   559.614   -60.57   58.37
 -18514.400   535.082   -64.60   67.73
 -18134.703   516.363   -49.30   77.28
 -17755.084   500.352   -42.18   76.17
 -17375.542   480.560   -52.15   73.76
 -16996.078   434.126  -122.37   88.54
 -16616.692   373.920  -158.70   92.41
 -16237.383   299.503  -196.19   98.34
 -15858.152   242.393  -150.60   79.80
 -15478.999   223.731   -49.22   61.03
 -15099.922   223.066    -1.75   65.23
 -14720.923   257.423    90.65   84.31
 -14342.002   293.021    93.95   69.49
 -13963.158   293.577     1.47   56.85
 -13584.391   272.360   -56.02   56.91
 -13205.701   252.302   -52.97   41.96
 -12827.088   252.211    -0.24   42.57
 -12448.553   272.819    54.44   47.33
 -12070.094   306.521    89.05   45.33
 -11691.713   339.560    87.32   51.58
 -11313.408   372.301    86.55   45.31
 -10935.181   389.085    44.38   33.78
 -10557.030   385.301   -10.01   42.18
 -10178.956   361.577   -62.75   55.91
  -9800.959   329.228   -85.58   57.53
  -9423.039   300.533   -75.93   55.23
  -9045.195   277.408   -61.20   42.87
  -8667.428   266.807   -28.06   33.21
  -8289.738   256.144   -28.23   24.20
  -7912.124   240.552   -41.29   31.63
  -7534.587   210.234   -80.30   42.87
  -7157.126   171.552  -102.48   50.74
  -6779.742   126.991  -118.08   50.43
  -6402.434    88.030  -103.26   47.73
  -6025.202    56.980   -82.31   32.04
  -5648.046    47.049   -26.33   19.71
  -5270.967    53.444    16.96   25.30
  -4893.964    70.088    44.15   28.97
  -4517.037    80.864    28.59   20.88
  -4140.186    73.452   -19.67   24.78
  -3763.412    56.658   -44.57   26.87
  -3386.713    41.032   -41.48   17.86
  -3010.090    31.410   -25.55    4.99
  -2633.543    28.841    -6.82    4.36
  -2257.072    25.830    -8.00    5.77
  -1880.677    21.385   -11.81    9.18
  -1504.358    15.722   -15.05   10.95
  -1128.114    10.652   -13.48   10.69
   -751.946     5.467   -13.78    8.40
   -375.854     2.485    -7.93    5.98
      0.163    -0.352    -7.55    2.74
    376.104    -1.381    -2.74    1.26
    751.970    -1.909    -1.40    0.47
   1127.760    -2.137    -0.61    0.21
   1503.475    -2.181    -0.12    0.00
   1879.115    -2.181     0.00    0.00
   2254.679    -2.159     0.06    0.15
   2630.167    -2.159    -0.00    0.15
   3005.581    -2.170    -0.03    0.11
   3380.919    -2.181    -0.03    0.00
   3756.183    -2.181     0.00    0.00
   4131.371    -2.181     0.00    0.00
   4506.484    -1.643     1.44    1.66
   4881.522     1.508     8.40    9.30
   5256.485    15.137    36.35   32.52
   5631.373    28.341    35.22   39.75
   6006.187    40.497    32.43   39.35
   6380.925    42.437     5.18   34.61
   6755.589    42.957     1.39   27.48
   7130.178    40.324    -7.03   21.10
   7504.692    42.278     5.22   15.49
   7879.132    47.785    14.71   13.66
   8253.497    56.784    24.04   10.37
   8627.787    63.430    17.76   10.79
   9002.003    69.807    17.04   10.33
   9376.144    74.972    13.81    7.76
   9750.211    78.637     9.80    6.93
  10124.204    81.621     7.98    6.70
  10498.122    82.922     3.48    6.74
  10871.966    81.544    -3.69    7.65
  11245.736    78.936    -6.98    8.60
  11619.431    72.280   -17.81    8.89
  11993.053    66.295   -16.02    6.93
  12366.600    63.077    -8.61    5.80
  12740.073    61.975    -2.95    6.50
  13113.472    65.358     9.06    9.58
  13486.797    71.283    15.87   10.37
  13860.048    78.470    19.26   10.55
  14233.225    84.188    15.32    8.05
  14606.328    87.852     9.82    7.16
  14979.358    89.985     5.72    5.85
  15352.313    91.159     3.15    6.60
  15725.195    92.947     4.79    8.15
  16098.004    95.208     6.06    9.36
  16470.738    96.910     4.57    9.56
  16843.399    96.940     0.08    9.56
  17215.987    94.830    -5.66    9.44
  17588.501    91.963    -7.70   10.43
  17960.941    91.324    -1.71   10.17
  18333.308    92.380     2.84    9.67
  18705.602    93.148     2.06    8.56
  19077.822    94.296     3.08    7.57
  19449.969    95.444     3.08    7.00
  19822.043    99.500    10.90    7.90
  20194.043   103.966    12.00    9.04
  20565.970   110.671    18.03    8.93
  20937.825   115.216    12.22    8.94
  21309.606   119.244    10.83    7.59
  21681.314   122.998    10.10    8.31
  22052.949   125.830     7.62   10.64
  22424.511   124.885    -2.54   12.32
  22796.000   123.557    -3.57   11.68
  23167.416   123.148    -1.10   10.92
  23538.760   126.232     8.31   12.51
  23910.030   130.786    12.26   11.95
  24281.228   138.747    21.45   13.99
  24652.353   156.630    48.18   25.15
  25023.406   175.140    49.89   27.42
  25394.386   181.111    16.09   25.67
  25765.293   181.123     0.03   26.89
  26136.128   168.100   -35.12   26.05
  26506.890   153.477   -39.44   14.92
  26877.580   148.185   -14.28   12.90
  27248.198   149.819     4.41   19.76
  27618.743   167.125    46.71   45.18
  27989.215   179.141    32.43   58.05
  28359.616   211.596    87.62   69.30
  28729.944   246.335    93.80   77.35
  29100.200   268.296    59.31   70.42
  29470.384   278.796    28.36   56.34
  29840.496   280.600     4.87   54.16
  30210.535   270.751   -26.62   55.36
  30580.503   253.807   -45.80   55.41
  30950.399   251.130    -7.24   50.81
  31320.222   256.749    15.19   43.06
  31689.974   260.616    10.46   33.78
  32059.654   275.416    40.03   34.00
  32429.262   287.796    33.49   33.88
  32798.798   287.879     0.22   42.89
  33168.263   272.852   -40.67   62.10
  33537.656   250.400   -60.78   68.69
  33906.977   217.863   -88.10   62.35
  34276.227   191.014   -72.71   51.05
  34645.405   166.941   -65.21   37.82
  35014.511   150.163   -45.45   27.26
  35383.546   135.560   -39.57   16.04
  35752.510   129.273   -17.04   11.90
  36121.402   128.262    -2.74   17.06
  36490.223   128.841     1.57   20.58
  36858.972   125.727    -8.45   23.26
  37227.650   117.583   -22.09   23.67
  37596.257   106.493   -30.08   16.76
  37964.793   100.740   -15.61   10.52
  38333.257    97.733    -8.16    4.65
  38701.651    99.910     5.91    5.87
  39069.973   101.867     5.32    5.79
  39438.224   102.875     2.74    5.07
  39806.405   102.726    -0.41    4.25
  40174.514   101.482    -3.38    3.86
  40542.552    99.841    -4.46    2.81
  40910.520    99.819    -0.06    3.90
  41278.417   100.370     1.50    5.37
  41646.243   102.784     6.56    6.83
  42013.998   105.043     6.14    6.31
  42381.682   106.416     3.73    4.71
  42749.296   105.515    -2.45    4.47
  43116.839   103.830    -4.58    4.30
  43484.312   102.544    -3.50    3.78
  43851.714   102.128    -1.13    4.35
  44219.045   102.715     1.60    4.77
  44586.306   103.057     0.93    4.90
  44953.497   103.111     0.15    4.72
  45320.617   102.865    -0.67    4.64
  45687.667   102.583    -0.77    4.40
  46054.646   101.728    -2.33    3.80
  46421.556   102.410     1.86    5.69
  46788.395   102.729     0.87    7.18
  47155.163   103.330     1.64    7.67
  47521.862   104.160     2.26    6.79
  47888.491   108.342    11.41    9.73
  48255.049   117.819    25.85   17.87
  48621.538   129.033    30.60   25.88
  48987.956   135.274    17.03   30.38
  49354.305   139.003    10.18   34.78
  49720.583   144.452    14.88   40.30
  50086.792   154.692    27.96   52.50
  50452.931   171.493    45.88   62.35
  50821.572   175.696    11.40   63.09
  51202.205   170.106   -14.69   58.76
  51582.763   151.535   -48.80   47.63
  51963.244   140.864   -28.04   34.10
  52343.649   142.970     5.54   30.42
  52723.977   164.682    57.09   39.76
  53104.229   190.416    67.67   40.89
  53484.406   212.897    59.13   37.70
  53864.506   227.430    38.23   29.31
  54244.530   233.898    17.02   24.14
  54624.478   230.409    -9.18   26.33
  55004.350   225.035   -14.15   25.77
  55384.146   223.282    -4.61   30.21
  55763.867   219.008   -11.26   36.51
  56143.511   213.501   -14.50   44.91
  56523.080   194.452   -50.18   56.11
  56902.573   164.167   -79.80   59.03
  57281.991   137.751   -69.62   49.64
  57661.332   115.370   -59.00   26.94
  58040.599   115.273    -0.26   27.64
  58419.789   132.260    44.80   41.46
  58798.904   154.773    59.38   50.68
  59177.944   184.512    78.45   60.80
  59556.908   222.403    99.98   67.64
  59935.797   267.554   119.16   64.88
  60314.611   294.546    71.25   55.20
  60693.349   314.591    52.92   35.93
  61072.012   306.296   -21.91   46.37
  61450.600   272.807   -88.45   64.97
  61829.113   225.160  -125.88   64.67
  62207.550   181.944  -114.19   45.39
  62585.913   154.516   -72.49   29.72
  62964.200   139.694   -39.18   25.99
  63342.413   132.485   -19.06   29.48
  63720.550   125.705   -17.93   29.45
  64098.613   112.783   -34.18   29.84
  64476.601    96.387   -43.38   27.18
  64854.514    81.819   -38.55   18.31
  65232.353    75.463   -16.82    6.33
  65610.116    76.831     3.62    6.47
  65987.805    85.557    23.10   12.21
  66365.420    95.977    27.59   13.08
  66742.960   101.462    14.53   10.57
  67120.425   104.087     6.95    8.83
  67497.816   110.439    16.83   17.14
  67875.132   122.843    32.87   31.23
  68252.374   144.654    57.81   38.24
  68629.542   164.355    52.23   33.28
  69006.635   172.841    22.50   32.78
  69383.654   172.701    -0.37   34.65
  69760.599   171.091    -4.27   32.15
  70137.469   174.247     8.37   30.19
  70514.266   193.239    50.40   48.90
  70890.988   230.947   100.09   63.31
  71267.637   274.196   114.82   67.00
  71644.211   314.995   108.34   51.01
  72020.711   326.080    29.44   42.88
  72397.138   315.925   -26.98   54.82
  72773.491   284.455   -83.61   64.91
  73149.769   248.900   -94.49   47.94
  73525.974   237.807   -29.48   36.34
  73902.105   250.900    34.81   43.04
  74278.163   277.830    71.61   50.15
  74654.147   307.528    78.98   53.82
  75030.057   337.335    79.29   55.26
  75405.894   365.888    75.97   43.71
  75781.657   381.989    42.85   41.78
  76157.347   397.278    40.69   53.97
  76532.963   418.715    57.07   61.95
  76908.506   450.249    83.96   53.92
  77283.975   469.807    52.09   48.13
  77659.371   468.728    -2.88   50.34
  78034.694   446.583   -59.00   63.39
  78409.943   399.666  -125.02   77.37
  78785.120   355.410  -117.95   73.87
  79160.223   321.535   -90.30   48.39
  79535.253   325.600    10.84   43.34
  79910.210   348.888    62.11   50.41
  80285.094   371.109    59.27   52.56
  80659.906   388.535    46.49   70.70
  81034.644   394.852    16.86   82.12
  81409.309   372.337   -60.09   77.36
  81783.901   348.201   -64.43   75.08
  82158.421   328.535   -52.51   72.20
  82532.868   298.957   -78.99   72.06
  82907.242   270.842   -75.09   78.46
  83281.543   234.255   -97.74   79.00
  83655.772   196.290  -101.44   64.94
  84029.928   179.330   -45.33   57.79
  84404.012   164.211   -40.41   64.86
  84778.023   157.353   -18.34   67.11
  85151.962   134.830   -60.23   56.95
  85525.828   114.968   -53.12   43.95
  85899.622    95.156   -53.00   39.41
  86273.343    79.899   -40.82   46.62
  86646.992    56.934   -61.46   46.29
  87020.569    35.648   -56.97   32.53
  87394.074    21.354   -38.27    5.84
  87767.506    19.387    -5.27    1.25
  88140.867    21.412     5.42    5.18
  88514.155    27.841    17.22   14.23
  88887.371    43.266    41.33   26.79
  89260.515    61.262    48.23   32.70
  89633.587    80.807    52.39   30.81
  90006.588    93.546    34.15   23.21
  90379.516   110.501    45.46   32.14
  90752.373   134.669    64.81   49.61
  91125.157   164.168    79.13   63.54
  91497.870   185.171    56.35   73.33
  91870.511   190.782    15.06   75.03
  92243.081   179.313   -30.78   62.09
  92615.579   176.325    -8.02   47.25
  92988.005   187.864    30.98   56.78
  93360.360   209.819    58.96   66.92
  93732.643   239.660    80.15   72.59
  94104.855   268.648    77.88   67.52
  94476.995   282.419    37.00   67.05
  94849.064   309.489    72.75   63.01
  95221.062   367.589   156.17   85.66
  95592.988   433.331   176.75   71.21
  95964.843   453.819    55.09   56.72
  96336.626   437.619   -43.57   73.86
  96708.339   384.569  -142.71   85.83
  97079.980   331.890  -141.74   61.65
  97451.550   317.160   -39.64   53.12
  97823.050   328.899    31.60   69.05
  98194.478   373.921   121.20   77.92
  98565.835   406.950    88.93   61.86
  98937.121   411.546    12.38   52.41
  99308.336   383.978   -74.26   71.75
  99679.481   328.548  -149.34   86.30
 100050.554   285.290  -116.57   69.85
 100421.557   274.563   -28.91   54.23
 100792.489   303.272    77.39   69.10
 101163.351   352.295   132.18   73.45
 101534.141   389.968   101.59   52.91
 101904.861   392.681     7.32   55.80
 102275.511   359.728   -88.90   72.12
 102646.090   318.301  -111.78   66.91
 103016.598   290.416   -75.25   57.85
 103387.036   271.628   -50.71   51.70
 103757.404   262.944   -23.45   46.52
 104127.701   241.481   -57.96   41.42
 104497.927   214.692   -72.35   40.74
 104868.084   183.927   -83.11   32.42
 105238.170   161.466   -60.69   29.15
 105608.186   140.136   -57.64   24.36
 105978.132   126.163   -37.77   21.49
 106348.008   112.263   -37.58   18.05
 106717.813   102.117   -27.43   14.65
 107087.549    93.128   -24.31   12.38
 107457.214    83.528   -25.97   11.42
 107826.809    79.180   -11.76   10.91
 108196.335    85.944    18.30   19.66
 108565.790    98.623    34.32   23.68
 108935.176   110.313    31.64   17.17
 109304.492   111.671     3.68   13.01
 109673.738   101.497   -27.55   16.40
 110042.914    89.470   -32.58   14.68
 110412.021    78.679   -29.23   11.00
 110781.058    72.330   -17.20    6.86
 111150.025    68.430   -10.57    2.50
 111518.923    69.382     2.58    4.46
 111887.751    73.953    12.39   10.08
 112256.510    83.244    25.19   16.05
 112625.199    95.794    34.04   18.75
 112993.819   114.995    52.08   30.74
 113362.369   135.014    54.31   37.31
 113730.850   158.416    63.51   45.43
 114099.262   173.684    41.44   46.36
 114467.604   169.071   -12.52   46.58
 114835.877   161.325   -21.03   41.54
 115204.081   169.451    22.07   46.35
 115572.216   193.156    64.39   60.64
 115940.281   226.772    91.32   60.55
 116308.278   242.313    42.23   49.32
 116676.205   248.214    16.04   39.16
 117044.064   236.167   -32.74   41.94
 117411.853   215.540   -56.08   40.17
 117779.574   203.049   -33.97   37.15
 118147.226   207.342    11.68   42.85
 118514.809   218.784    31.12   40.96
 118882.323   229.263    28.51   31.64
 119249.768   218.325   -29.77   38.02
 119617.144   188.245   -81.87   42.92
 119984.452   155.354   -89.54   43.51
 120351.691   126.216   -79.33   33.99
 120718.862   102.726   -63.97   22.75
 121085.964    88.191   -39.59   14.91
 121452.997    79.701   -23.13    9.71
 121819.962    75.577   -11.24    8.71
 122186.858    71.715   -10.53   10.37
 122553.686    69.125    -7.06   12.47
 122920.446    64.900   -11.52   13.01
 123287.137    59.784   -13.95   10.08
 123653.760    54.987   -13.08    6.16
 124020.314    52.819    -5.92    4.08
 124386.801    51.869    -2.59    3.29
 124753.219    51.255    -1.67    3.26
 125119.569    50.477    -2.12    3.22
 125485.851    49.319    -3.16    3.07
 125864.898    48.087    -3.25    2.69
 126245.304    47.114    -2.56    2.42
 126625.636    46.069    -2.75    1.91
 127005.894    45.296    -2.03    1.55
 127386.077    44.609    -1.81    0.97
 127766.186    44.278    -0.87    0.66
 128146.221    44.349     0.19    0.61
 128526.182    44.704     0.93    0.88
 128906.068    45.136     1.14    1.08
 129285.881    46.086     2.50    1.80
 129665.620    47.784     4.47    2.96
 130045.285    50.450     7.02    6.14
 130424.876    54.819    11.51    9.29
 130804.394    61.715    18.17   12.83
 131183.837    71.501    25.79   16.21
 131563.207    80.202    22.93   14.69
 131942.503    89.667    24.95   10.70
 132321.725    94.578    12.95    8.22
 132700.874    96.040     3.86    6.91
 133079.949    96.108     0.18    8.37
 133458.951    93.876    -5.89    8.90
 133837.880    93.399    -1.26    8.00
 134216.734    95.807     6.36    7.01
 134595.516    99.002     8.43    4.95
 134974.224   105.523    17.22   12.80
 135352.859   115.004    25.04   19.51
 135731.420   125.543    27.84   22.15
 136109.909   134.602    23.93   18.41
 136488.324   138.551    10.44   14.18
 136866.666   140.542     5.26   11.49
 137244.934   143.958     9.03   12.06
 137623.130   151.993    21.24   13.58
 138001.253   160.854    23.43   13.49
 138379.303   170.272    24.91   15.39
 138757.280   181.612    30.00   18.73
 139135.184   195.710    37.30   21.24
 139513.015   206.911    29.64   19.73
 139890.773   214.156    19.18   15.71
 140268.459   213.301    -2.26   17.60
 140646.072   206.945   -16.83   20.51
 141023.612   202.630   -11.43   19.68
 141401.080   205.255     6.95   18.61
 141778.475   207.342     5.53   15.79
 142155.797   204.679    -7.06   16.71
 142533.047   205.807     2.99   19.97
 142910.224   213.493    20.38   32.06
 143287.329   235.879    59.36   47.40
 143664.362   266.773    81.93   49.62
 144041.322   287.477    54.92   48.22
 144418.210   298.830    30.12   44.34
 144795.026   302.942    10.91   39.90
 145171.769   296.738   -16.47   35.82
 145548.441   283.587   -34.91   40.46
 145925.040   259.560   -63.79   41.67
 146301.567   245.075   -38.47   34.65
 146678.022   255.353    27.30   46.86
 147054.405   280.782    67.55   56.59
 147430.716   309.016    75.02   50.83
 147806.955   323.880    39.50   42.19
 148183.122   328.669    12.73   45.25
 148559.217   324.172   -11.96   50.61
 148935.241   327.737     9.48   50.34
 149311.193   334.433    17.81   53.10
 149687.073   345.644    29.82   57.44
 150062.881   368.104    59.76   58.72
 150438.618   386.462    48.85   63.13
 150814.283   407.228    55.27   66.15
 151189.876   422.295    40.11   66.93
 151565.398   445.075    60.65   59.87
 151940.849   457.016    31.80   58.07
 152316.228   473.051    42.71   52.51
 152691.535   485.513    33.20   50.30
 153066.772   507.366    58.23   44.17
 153441.937   527.109    52.62   46.61
 153817.030   549.361    59.32   45.44
 154192.053   556.477    18.97   45.86
 154567.004   541.830   -39.06   61.62
 154941.884   524.054   -47.41   59.64
 155316.693   509.652   -38.42   51.69
 155691.431   501.205   -22.54   53.20
 156066.098   494.691   -17.38   58.20
 156440.694   479.557   -40.40   62.68
 156815.218   453.691   -69.06   70.32
 157189.672   432.540   -56.48   71.94
 157564.056   424.843   -20.56   76.54
 157938.368   411.016   -36.93   80.83
 158312.609   392.574   -49.27   75.62
 158686.780   366.445   -69.82   64.49
 159060.880   335.249   -83.38   55.41
 159434.909   306.109   -77.90   45.99
 159808.868   275.819   -80.99   37.59
 160182.756   251.442   -65.19   29.76
 160556.573   232.370   -51.01   24.12
 160930.320   223.331   -24.18   18.88
 161303.997   214.772   -22.90   18.37
 161677.603   214.421    -0.94   18.92
 162051.138   229.301    39.83   29.16
 162424.604   249.878    55.09   42.24
 162797.998   274.609    66.22   36.45
 163171.323   283.461    23.71   27.91
 163544.578   280.951    -6.72   29.42
 163917.762   279.625    -3.55   32.77
 164290.876   291.536    31.92   37.11
 164663.920   310.128    49.83   32.60
 165036.894   319.574    25.32   36.32
 165409.797   320.981     3.77   40.71
 165782.631   323.180     5.90   41.04
 166155.395   336.807    36.55   38.51
 166528.089   354.207    46.68   29.75
 166900.713   362.232    21.54   17.14
 167273.267   355.736   -17.43   20.57
 167645.751   340.113   -41.94   26.46
 168018.166   316.965   -62.15   27.74
 168390.511   295.342   -58.07   27.25
 168762.786   273.505   -58.65   21.98
 169134.991   261.586   -32.02   17.37
 169507.127   256.965   -12.42   16.55
 169879.194   264.202    19.45   22.98
 170251.190   277.709    36.30   26.91
 170623.118   294.278    44.54   32.15
 170994.976   309.414    40.70   31.07
 171366.764   315.481    16.32   30.95
 171738.483   323.214    20.80   36.95
 172110.133   344.307    56.75   57.87
 172481.713   371.843    74.10   71.82
 172853.224   389.051    46.31   72.11
 173224.666   391.806     7.42   64.84
 173596.039   363.051   -77.42   61.39
 173967.342   331.219   -85.72   55.02
 174338.576   300.554   -82.59   37.82
 174709.742   284.206   -44.04   19.36
 175080.838   289.388    13.96   21.21
 175451.865   305.481    43.37   25.86
 175822.824   331.207    69.34   40.63
 176193.713   371.224   107.88   52.01
 176564.534   420.423   132.66   65.29
 176935.285   464.240   118.17   63.05
 177305.968   475.167    29.47   57.55
 177676.583   459.168   -43.16   64.74
 178047.128   415.972  -116.56   66.63
 178417.605   372.354  -117.72   60.99
 178788.013   327.772  -120.34   60.27
 179158.352   293.602   -92.25   58.06
 179528.623   257.354   -97.88   46.97
 179898.825   238.831   -50.03   34.77
 180268.959   231.295   -20.36   19.32
 180639.025   237.109    15.71   19.45
 181009.022   248.271    30.16   14.00
 181378.950   253.963    15.39   11.66
 181748.810   256.330     6.40   11.82
 182118.602   259.207     7.78   12.54
 182488.326   266.120    18.70   14.95
 182857.981   276.619    28.40   19.24
 183227.568   290.807    38.38   21.08
 183597.087   296.865    16.39   22.60
 183966.538   296.806    -0.16   26.18
 184335.921   289.578   -19.57   28.34
 184705.236   277.708   -32.14   23.28
 185074.483   269.691   -21.71   13.98
 185443.662   266.522    -8.58    7.46
 185812.772   267.307     2.13    7.51
 186181.815   269.469     5.86    7.94
 186550.791   271.865     6.49    8.51
 186919.698   274.869     8.14    8.07
 187288.537   277.505     7.15    7.98
 187657.309   280.090     7.01    7.52
 188026.013   283.545     9.37    7.97
 188394.650   287.611    11.03    9.06
 188763.218   293.249    15.29   10.54
 189131.719   298.654    14.67   11.81
 189500.153   306.701    21.84   13.35
 189868.519   313.132    17.46   13.15
 190236.818   321.650    23.12   13.10
 190605.049   330.991    25.36   16.47
 190973.213   348.156    46.62   26.89
 191341.309   376.019    75.68   49.27
 191709.338   423.307   128.47   67.49
 192077.300   444.950    58.81   62.68
 192445.194   445.602     1.77   70.58
 192813.021   427.772   -48.47   73.00
 193180.781   398.856   -78.62   50.15
 193548.474   393.677   -14.08   33.98
 193916.100   416.906    63.18   39.76
 194283.658   464.747   130.14   66.97
 194651.150   521.856   155.38   86.00
 195018.575   606.071   229.17  110.85
 195385.932   667.554   167.34   94.66
 195753.223   675.771    22.37   97.61
 196120.447   631.806  -119.70  122.36
 196487.604   569.152  -170.62  107.22
 196854.694   515.042  -147.38   72.57
 197221.717   499.397   -42.62   66.77
 197588.674   502.557     8.61   66.02
 197955.564   492.016   -28.72   64.05
 198322.387   474.501   -47.74   59.23
 198689.143   457.733   -45.71   52.11
 199055.833   438.633   -52.08   37.66
 199422.457   432.658   -16.29   33.10
 199789.013   425.772   -18.78   37.23
 200155.504   418.194   -20.67   41.16
 200530.708   414.140   -10.80   41.86
 200910.963   408.793   -14.06   39.46
 201291.145   395.260   -35.59   40.19
 201671.255   372.306   -60.38   32.30
 202051.293   354.235   -47.54   26.70
 202431.258   335.016   -50.57   19.52
 202811.151   321.089   -36.65   18.70
 203190.972   306.319   -38.88   16.87
 203570.721   294.939   -29.96   16.56
 203950.399   282.867   -31.79   13.11
 204330.004   275.195   -20.21    9.26
 204709.537   270.595   -12.12   10.98
 205088.998   267.831    -7.28   13.83
 205468.387   268.077     0.65   22.50
 205847.705   278.550    27.61   36.69
 206226.950   302.913    64.23   50.36
 206606.124   328.325    67.01   49.17
 206985.227   353.009    65.10   37.29
 207364.257   366.477    35.53   30.25
 207743.216   360.667   -15.33   29.72
 208122.103   345.115   -41.04   31.53
 208500.919   333.087   -31.75   28.11
 208879.664   327.041   -15.96   28.97
 209258.336   319.219   -20.65   34.83
 209636.938   307.430   -31.13   42.14
 210015.468   299.077   -22.06   40.81
 210393.926   279.626   -51.39   32.69
 210772.314   270.722   -23.53   37.52
 211150.630   262.691   -21.23   39.48
 211528.875   254.720   -21.07   34.01
 211907.049   249.936   -12.65   28.73
 212285.151   246.879    -8.08   28.34
 212663.183   235.092   -31.17   33.74
 213041.143   217.979   -45.27   35.94
 213419.032   220.701     7.20   41.24
 213796.851   236.681    42.29   47.47
 214174.598   246.807    26.80   42.34
 214552.275   248.293     3.93   36.84
 214929.880   223.360   -66.02   36.60
 215307.415   195.730   -73.17   20.65
 215684.879   180.447   -40.48   20.08
 216062.272   173.034   -19.64   22.12
 216439.595   167.939   -13.50   28.08
 216816.847   161.214   -17.82   30.58
 217194.028   152.347   -23.50   28.66
 217571.139   140.989   -30.11   20.34
 217948.179   132.084   -23.62   11.64
 218325.149   126.331   -15.26    4.40
 218702.048   125.230    -2.92    4.30
 219078.876   125.630     1.06    6.32
 219455.635   126.473     2.24    7.48
 219832.323   128.240     4.69    8.97
 220208.940   129.035     2.11    9.18
 220585.488   131.133     5.57   10.28
 220961.965   132.916     4.74   12.51
 221338.372   137.035    10.94   15.23
 221714.709   138.710     4.45   15.42
 222090.975   137.581    -3.00   14.09
 222467.172   135.369    -5.88   11.77
 222843.299   132.254    -8.28    8.65
 223219.355   128.517    -9.93    7.45
 223595.342   125.276    -8.62    6.95
 223971.259   124.646    -1.68    6.69
 224347.105   123.113    -4.08    6.54
 224722.882   121.782    -3.54    7.46
 225098.590   119.219    -6.82    7.76
 225474.227   115.540    -9.79    6.47
 225849.795   113.211    -6.20    5.70
 226225.293   111.947    -3.37    6.90
 226600.721   110.701    -3.32    7.25
 226976.080   109.456    -3.32    6.93
 227351.369   108.616    -2.24    5.75
 227726.588   108.654     0.10    5.77
 228101.738   109.995     3.57    7.40
 228476.819   112.578     6.89   10.33
 228851.830   115.390     7.50   11.98
 229226.772   118.350     7.89   13.10
 229601.645   123.191    12.91   17.11
 229976.448   129.356    16.45   23.34
 230351.182   131.746     6.38   22.76
 230725.847   132.831     2.89   18.61
 231100.442   134.301     3.92   21.01
 231474.969   140.111    15.51   32.84
 231849.426   136.867    -8.66   37.68
 232223.814   128.917   -21.23   39.27
 232598.133   116.513   -33.13   29.57
 232972.383   109.714   -18.16   16.15
 233346.564   113.072     8.97   18.51
 233720.677   123.356    27.49   21.05
 234094.720   136.289    34.57   25.25
 234468.695   156.654    54.45   37.66
 234842.600   170.513    37.06   48.35
 235216.437   181.931    30.54   49.85
 235590.206   191.590    25.84   50.10
 235963.905   212.481    55.89   59.25
 236337.536   244.325    85.21   78.12
 236711.098   285.189   109.37   77.00
 237084.592   309.819    65.93   59.86
 237458.017   311.672     4.96   64.90
 237831.374   291.782   -53.26   82.84
 238204.662   252.843  -104.30   84.73
 238577.882   209.550  -115.98   64.29
 238951.033   172.819   -98.42   41.87
 239324.116   151.120   -58.15   26.89
 239697.131   143.611   -20.13   16.07
 240070.077   143.397    -0.57   14.49
 240442.955   143.547     0.40   14.44
 240815.765   141.638    -5.12   14.34
 241188.507   136.087   -14.89   11.62
 241561.181   130.915   -13.88    5.45
 241933.786   129.028    -5.06    3.47
 242306.324   128.242    -2.11    4.03
 242678.793   127.890    -0.95    4.82
 243051.195   129.228     3.59    5.61
 243423.528   135.028    15.58    9.77
 243795.794   142.152    19.13   13.68
 244167.992   149.230    19.01   15.72
 244540.122   150.128     2.41   16.06
 244912.184   143.644   -17.43   17.65
 245284.178   133.247   -27.94   18.87
 245656.105   119.430   -37.14   14.29
 246027.964   109.831   -25.81   11.20
 246399.755   102.544   -19.60    6.62
 246771.479   101.264    -3.44    6.91
 247143.135   106.938    15.26   14.33
 247514.724   117.361    28.04   20.96
 247886.245   132.717    41.33   22.41
 248257.698   144.710    32.28   21.66
 248629.085   152.111    19.92   20.89
 249000.403   150.926    -3.19   23.64
 249371.655   142.606   -22.41   27.83
 249742.839   130.176   -33.48   27.18
 250113.956   121.669   -22.92   27.30
 250485.006   116.595   -13.67   32.89
 250855.988   109.049   -20.34   32.66
 251226.903    98.038   -29.68   24.46
 251597.751    88.024   -27.00   15.13
 251968.532    81.630   -17.24   11.68
 252339.246    77.408   -11.39   10.38
 252709.893    74.111    -8.89    9.81
 253080.473    70.126   -10.75    6.21
 253450.986    66.925    -8.64    3.32
 253821.432    64.947    -5.34    1.62
 254191.812    63.698    -3.37    1.43
 254562.124    62.588    -3.00    1.54
 254932.370    61.113    -3.98    2.29
 255302.548    59.498    -4.36    2.17
 255672.660    57.721    -4.80    1.95
 256042.706    56.028    -4.57    2.05
 256412.685    54.030    -5.40    3.31
 256782.597    52.695    -3.61    3.47
 257152.442    51.991    -1.90    3.38
 257522.221    52.014     0.06    3.20
 257891.933    51.854    -0.43    3.15
 258261.579    52.044     0.52    2.94
 258631.159    51.939    -0.29    2.95
