# NaN NaN NaN ;Mean Elev.(m), Avg Gradient(m/km), RMS Gradient(m/km) - SRTM1     
#   10.454  -5.115  26.567 ;Mean Elev.(m), Avg Gradient(m/km), RMS Gradient(m/km) - ASTER GDEM
#   18.612  -4.169  36.393 ;Mean Elev.(m), Avg Gradient(m/km), RMS Gradient(m/km) - GMTED2010 
  7    20.813 52453.90710335 14.83 199.771676  61.961169 24.816
  7    21.102 52453.90710399 15.83 199.769226  61.958019 24.816
  8    14.286 52488.90708167 45.65 199.776279  61.959293 10.607
  8    12.349 52488.90708231 48.42 199.773829  61.956153 10.607
 11    12.634 52593.90710921 49.50 199.767612  61.958512 13.526
 11    12.284 52593.90710986 31.52 199.765162  61.955362 13.526
 12    12.489 52628.90703425 24.85 199.793611  61.962286  6.858
 12    12.528 52628.90703489 27.15 199.791161  61.959136  6.858
 12    12.679 52628.90703554 26.78 199.788711  61.955986  6.858
 13    11.937 52663.90707032 26.55 199.774602  61.961328  6.506
 13    14.002 52663.90707096 18.54 199.772152  61.958178  6.506
 13    13.836 52663.90707161 21.53 199.769702  61.955028  6.506
 14    12.114 52698.90704421 42.13 199.795941  61.962182 15.212
 14    11.761 52698.90704485 43.32 199.793491  61.959032 15.212
 14    10.645 52698.90704550 46.11 199.791031  61.955892 15.212
 15    12.786 52733.90706968 19.29 199.781457  61.961206  5.281
 15    12.195 52733.90707032 19.72 199.778997  61.958056  5.281
 15    14.207 52733.90707096 18.47 199.776547  61.954906  5.281
 17    16.817 52803.90709451 42.58 199.788825  61.960169 11.841
 17    16.643 52803.90709515 46.60 199.786375  61.957019 11.841
 17    16.360 52803.90709579 43.26 199.783915  61.953869 11.841
 18    15.002 52838.90715732 15.44 199.786683  61.960876  8.654
 18    15.294 52838.90715797 19.34 199.784233  61.957726  8.654
 18    16.051 52838.90715861 21.25 199.781783  61.954576  8.654
 21    32.922 52943.90710756 14.53 199.798618  61.961970 12.854
 21    32.484 52943.90710821 20.03 199.796158  61.958820 12.854
 21    31.794 52943.90710885 20.12 199.793708  61.955670 12.854
 22    13.188 52978.90716357 17.15 199.785379  61.961690  4.613
 22    14.081 52978.90716422 16.10 199.782929  61.958540  4.613
 22    14.988 52978.90716486 17.50 199.780479  61.955390  4.613
 23    12.918 53013.90716298 12.02 199.768289  61.959310  3.250
 23    11.338 53013.90716363 13.31 199.765839  61.956160  3.250
 24    11.613 53048.90713363 10.12 199.785227  61.959352  3.224
 24    14.388 53048.90713427  9.21 199.782777  61.956202  3.224
 25    10.510 53083.90716956 10.55 199.765319  61.960903  4.033
 25    10.534 53083.90717021 11.40 199.762869  61.957753  4.033
 28    15.960 53188.90717935 30.62 199.785125  61.960455 13.743
 28    15.819 53188.90717999 41.70 199.782675  61.957305 13.743
 28    14.980 53188.90718064 49.47 199.780215  61.954155 13.743
 29    14.094 53223.90719470 32.16 199.775705  61.961262 14.243
 29    14.076 53223.90719534 41.64 199.773255  61.958112 14.243
 29    12.197 53223.90719599 46.36 199.770805  61.954962 14.243
 30    11.806 53258.90717065 34.03 199.762209  61.959554  8.551
 30    14.148 53258.90717130 22.20 199.759759  61.956404  8.551
 31    34.875 53293.90719361  3.73 199.777798  61.961567  9.506
 31    16.253 53293.90719490 14.14 199.772888  61.955267  9.506
 32    10.371 53328.90716715 23.87 199.778008  61.961318  5.137
 32    10.634 53328.90716779 22.73 199.775558  61.958168  5.137
 32    10.193 53328.90716844 22.54 199.773108  61.955018  5.137
 33    11.260 53363.90711943 17.72 199.772900  61.961102  4.406
 33    11.129 53363.90712008 18.62 199.770450  61.957952  4.406
 34    11.179 53398.90714279 10.91 199.780713  61.959389  3.606
 34    13.617 53398.90714344 11.08 199.778253  61.956239  3.606
 35    15.225 53433.90713343  5.39 199.771921  61.960746  2.747
 35    14.812 53433.90713407  8.30 199.769471  61.957596  2.747
 36     9.802 53468.90717432 19.23 199.783785  61.960251  7.412
 36     9.781 53468.90717496 18.29 199.781335  61.957101  7.412
 36     9.538 53468.90717561 16.38 199.778875  61.953951  7.412
 38    17.414 53538.90721688 21.72 199.774019  61.959976 10.277
 38    18.066 53538.90721753 23.47 199.771569  61.956826 10.277
 39    17.377 53573.90721612 18.72 199.766794  61.958521 11.068
 39    17.965 53573.90721676 30.97 199.764344  61.955371 11.068
 41    15.462 53643.90716765 17.33 199.784672  61.958074  9.935
 41    16.127 53643.90716829 20.29 199.782212  61.954924  9.935
 42    11.200 53678.90718575 43.05 199.769591  61.960381 11.975
 42    11.161 53678.90718639 41.96 199.767141  61.957231 11.975
 43    11.458 53713.90711424 21.49 199.770641  61.959522  7.379
 43    14.805 53713.90711488 19.21 199.768191  61.956372  7.379
 44    11.607 53748.90702786 13.76 199.795527  61.960679  3.718
 44    13.850 53748.90702850 13.45 199.793067  61.957529  3.718
 44    15.116 53748.90702915 13.61 199.790617  61.954379  3.718
 45    11.390 53783.90705892 27.74 199.778867  61.961041  9.324
 45    10.764 53783.90705956 29.67 199.776417  61.957891  9.324
 45    10.649 53783.90706021 25.07 199.773967  61.954741  9.324
 46    12.219 53818.90702117 12.59 199.765162  61.960759  6.409
 46    10.874 53818.90702181 13.97 199.762702  61.957619  6.409
 47    10.403 53853.90710000 14.29 199.778685  61.959398  8.581
 47    10.340 53853.90710064 10.84 199.776235  61.956258  8.581
 48    18.321 53888.90710831 23.04 199.784282  61.957951  9.419
 48    18.605 53888.90710895 25.95 199.781832  61.954801  9.419
 49    16.558 53923.90717619 37.23 199.767945  61.958925 16.403
 49    16.964 53923.90717683 38.32 199.765495  61.955775 16.403
 50    14.919 53958.90716730 21.85 199.765287  61.961200 14.620
 50    15.224 53958.90716795 26.34 199.762837  61.958050 14.620
 51    38.254 53993.90709666  2.91 199.797796  61.960876 12.144
 51    14.682 53993.90709795 24.31 199.792886  61.954586 12.144
 52    37.263 54028.90715670  4.41 199.787470  61.960022 13.181
 52    34.336 54028.90715735  4.17 199.785010  61.956872 13.181
 53    11.078 54063.90715090 22.97 199.777751  61.959805  5.535
 53    14.151 54063.90715155 22.35 199.775301  61.956665  5.535
 54    14.255 54098.90711841 11.53 199.766257  61.959063  4.076
 54    14.886 54098.90711905 12.05 199.763817  61.955923  4.076
 57    17.207 54203.90707853 18.23 199.785345  61.960252 20.262
 57    17.841 54203.90707918 17.89 199.782885  61.957102 20.262
 57    18.575 54203.90707982 30.14 199.780435  61.953952 20.262
 58    14.668 54238.90711370 17.55 199.777365  61.957958 10.886
 58    16.044 54238.90711434 17.20 199.774915  61.954808 10.886
 59    15.752 54273.90713090 21.15 199.776931  61.960224 19.906
 59    16.297 54273.90713154 28.27 199.774481  61.957074 19.906
 60    14.915 54308.90713291 17.08 199.778270  61.959222 19.465
 60    15.211 54308.90713355 18.31 199.775820  61.956072 19.465
 61    14.864 54343.90711050 17.42 199.769088  61.960348 18.070
 61    15.510 54343.90711115 16.92 199.766638  61.957198 18.070
 62    34.712 54378.90706823  2.80 199.783271  61.960671 16.355
 62    14.263 54378.90706952 31.28 199.778371  61.954371 16.355
 63    12.884 54413.90705842 21.79 199.773762  61.960262 11.870
 63    12.614 54413.90705906 26.29 199.771302  61.957112 11.870
 64    12.303 54448.90703483 19.70 199.786335  61.960676  8.500
 64    13.179 54448.90703548 19.35 199.783875  61.957526  8.500
 64    14.798 54448.90703612 18.64 199.781425  61.954376  8.500
 65    12.243 54483.90705201 15.88 199.780185  61.961199  4.309
 65    12.830 54483.90705265 15.45 199.777725  61.958049  4.309
 65    14.658 54483.90705330 15.93 199.775275  61.954899  4.309
 66    13.253 54518.90704848  9.93 199.785968  61.961098  3.385
 66    13.918 54518.90704912 10.01 199.783508  61.957948  3.385
 66    14.583 54518.90704977 10.47 199.781058  61.954798  3.385
 68    10.545 54588.90704405 23.99 199.781885  61.961805  8.456
 68    10.480 54588.90704470 24.16 199.779435  61.958655  8.456
 68    10.244 54588.90704534 22.73 199.776985  61.955505  8.456
 70    15.140 54658.90707079 17.95 199.776088  61.960937 23.789
 70    15.594 54658.90707144 20.35 199.773628  61.957787 23.789
 70    15.923 54658.90707208 28.46 199.771178  61.954637 23.789
 71    16.025 54693.90705193 45.05 199.771778  61.958851 14.765
 71    14.496 54693.90705257 48.43 199.769328  61.955701 14.765
 72    14.210 54728.90702509 21.45 199.782618  61.958405  7.920
 72    14.863 54728.90702574 19.99 199.780168  61.955255  7.920
 73    13.116 54763.90702952 38.17 199.776750  61.960891 12.544
 73    13.364 54763.90703016 49.15 199.774300  61.957741 12.544
 73    13.426 54763.90703081 33.94 199.771850  61.954591 12.544
 74    13.445 54798.90701797 23.75 199.786985  61.961466  6.149
 74    13.545 54798.90701861 22.62 199.784525  61.958316  6.149
 74    13.184 54798.90701926 23.54 199.782075  61.955166  6.149
 75    13.929 54833.90702028  9.67 199.774108  61.959073  3.688
 75    15.304 54833.90702092  9.69 199.771658  61.955923  3.688
 76    13.273 54868.90701476 13.61 199.787096  61.960317  4.098
 76    13.295 54868.90701540 13.99 199.784646  61.957167  4.098
 76    14.360 54868.90701605 13.86 199.782196  61.954017  4.098
 78    14.810 54938.90700533  8.62 199.783717  61.961715  2.980
 78    15.472 54938.90700597  9.91 199.781267  61.958565  2.980
 78    15.154 54938.90700662 10.46 199.778810  61.955418  2.245
 79    19.254 54973.90703702 29.69 199.778388  61.959387 10.466
 79    19.510 54973.90703766 31.18 199.775938  61.956237 10.466
 80    17.249 55008.90705145 20.15 199.773075  61.960095  9.844
 80    17.886 55008.90705210 21.20 199.770625  61.956945  9.844
 81    15.447 55043.90704124 21.37 199.777436  61.958839  8.561
 81    15.065 55043.90704188 29.26 199.774986  61.955689  8.561
 82    14.118 55078.90701814 18.81 199.770526  61.961007  9.135
 82    13.782 55078.90701879 26.80 199.768076  61.957857  9.135
 84    11.496 55148.90697378 25.48 199.775554  61.961148  7.683
 84    11.424 55148.90697443 25.64 199.773104  61.957998  7.683
 84    11.245 55148.90697507 23.41 199.770654  61.954848  7.683
 85    10.954 55183.90695562 17.54 199.785662  61.960217  3.652
 85    11.259 55183.90695626 16.84 199.783202  61.957067  3.652
 85    12.413 55183.90695691 17.71 199.780752  61.953917  3.652
 86    10.377 55218.90697177 21.50 199.772376  61.960187  4.914
 86    10.356 55218.90697242 21.31 199.769926  61.957037  4.914
 87    10.526 55253.90695203 22.92 199.784522  61.959403  6.479
 87    10.208 55253.90695267 23.61 199.782072  61.956253  6.479
 88    10.186 55288.90696183 14.57 199.766502  61.959265  4.362
 88    10.207 55288.90696248 15.53 199.764052  61.956115  4.362
 89    11.682 55323.90693950 34.42 199.773620  61.958270 10.341
 89    10.662 55323.90694014 40.36 199.771170  61.955120 10.341
 90    14.091 55358.90693771 29.11 199.773927  61.960013 12.488
 90    15.773 55358.90693836 24.49 199.771477  61.956863 12.488
 91    15.299 55393.90694120 17.40 199.781768  61.960256  7.487
 91    15.421 55393.90694184 20.57 199.779318  61.957106  7.487
 91    15.500 55393.90694249 20.66 199.776858  61.953956  7.487
 92    16.246 55428.90695315 32.70 199.779280  61.960640 11.736
 92    16.344 55428.90695379 40.67 199.776830  61.957490 11.736
 92    15.620 55428.90695444 48.47 199.774380  61.954340 11.736
