# NaN NaN NaN ;Mean Elev.(m), Avg Gradient(m/km), RMS Gradient(m/km) - SRTM1     
#   -7.181  -1.001   2.786 ;Mean Elev.(m), Avg Gradient(m/km), RMS Gradient(m/km) - ASTER GDEM
#    4.649  -0.006   1.072 ;Mean Elev.(m), Avg Gradient(m/km), RMS Gradient(m/km) - GMTED2010 
  6     9.225 52440.91310540 22.63 197.589182  61.932818 33.956
  6     8.740 52440.91310605 16.37 197.586732  61.929668 33.956
  6     8.816 52440.91310669 15.70 197.584282  61.926518 33.956
  6     9.362 52440.91310734 17.98 197.581832  61.923373 32.816
  7     7.339 52475.91310213 47.26 197.594589  61.933631 35.522
  7     7.159 52475.91310278 42.22 197.592139  61.930481 35.522
  7     7.139 52475.91310342 43.49 197.589698  61.927337 24.685
  7     7.059 52475.91310407 39.32 197.587248  61.924187 24.685
  7     7.209 52475.91310471 33.17 197.584808  61.921037 24.685
  8     6.563 52510.91305639 50.19 197.595737  61.930870 34.057
  8     6.720 52510.91305704 40.96 197.593287  61.927720 34.057
  8     6.563 52510.91305768 53.38 197.590837  61.924570 34.057
  8     6.626 52510.91305832 52.48 197.588397  61.921420 34.057
  9     7.562 52545.91307460 17.97 197.607202  61.928633 35.437
  9     7.491 52545.91307524 19.41 197.604753  61.925484 14.159
  9     7.170 52545.91307588 18.90 197.602303  61.922334 14.159
  9     7.521 52545.91307653 16.19 197.599853  61.919184 14.159
 10     5.094 52580.91309861 44.35 197.599554  61.931351 20.509
 10     4.791 52580.91309925 33.85 197.597104  61.928201 20.509
 10     5.040 52580.91309990 39.94 197.594654  61.925051 20.509
 10     4.959 52580.91310054 51.61 197.592214  61.921911 20.509
 11     4.322 52615.91306782 40.16 197.587002  61.934907 26.649
 11     7.138 52615.91306846 32.97 197.584562  61.931757 26.649
 11     7.042 52615.91306911 32.12 197.582112  61.928607 26.649
 11     3.518 52615.91306975 37.71 197.579672  61.925457 26.649
 12     7.473 52650.91304573 14.28 197.605669  61.928619  4.062
 12     6.675 52650.91304638 14.15 197.603219  61.925469  4.062
 12     5.079 52650.91304702 14.91 197.600769  61.922319  4.062
 12     3.886 52650.91304766 15.22 197.598329  61.919169  4.062
 13     7.682 52685.91303474 13.28 197.593976  61.930909  3.874
 13     7.375 52685.91303539 12.82 197.591526  61.927759  3.874
 13     7.068 52685.91303603 13.53 197.589076  61.924609  3.874
 13     6.674 52685.91303668 14.18 197.586636  61.921459  3.874
 14     6.959 52720.91308485 19.08 197.597450  61.930758  5.890
 14     6.994 52720.91308549 18.13 197.595000  61.927608  5.890
 14     6.966 52720.91308614 18.34 197.592550  61.924458  5.890
 14     6.706 52720.91308678 17.83 197.590105  61.921315  3.066
 15     4.457 52755.91310777 29.10 197.582204  61.936701 34.274
 15     4.262 52755.91310841 29.11 197.579754  61.933551 34.274
 15     3.810 52755.91310905 33.32 197.577314  61.930401 34.274
 15     3.940 52755.91310970 38.33 197.574864  61.927251 34.274
 16     7.930 52790.91305749 21.68 197.609980  61.929333 34.885
 16     7.873 52790.91305813 20.41 197.607530  61.926183 34.885
 16     8.114 52790.91305878 18.42 197.605080  61.923043 34.885
 16     8.306 52790.91305942 19.53 197.602630  61.919893 34.885
 17     8.162 52825.91312714 51.28 197.607337  61.928228 39.199
 17     8.160 52825.91312778 48.69 197.604887  61.925078 39.199
 17     8.124 52825.91312843 48.96 197.602447  61.921928 39.199
 18     8.582 52860.91317291 48.75 197.607634  61.927809 37.813
 18     8.514 52860.91317355 50.54 197.605184  61.924659 37.813
 18     8.503 52860.91317420 41.47 197.602734  61.921509 37.813
 19     8.620 52895.91320278 29.11 197.593908  61.932902 34.184
 19     8.440 52895.91320343 25.75 197.591458  61.929752 34.184
 19     8.235 52895.91320407 19.41 197.589018  61.926602 34.184
 19     8.535 52895.91320472 17.12 197.586568  61.923452 34.184
 20     8.256 52930.91315051 18.74 197.586425  61.937060 22.265
 20     7.951 52930.91315116 18.62 197.583985  61.933910 22.265
 20     6.029 52930.91315180 20.50 197.581535  61.930760 22.265
 20     6.150 52930.91315245 22.91 197.579085  61.927610 22.265
 20     6.967 52930.91315309 20.56 197.576645  61.924460 22.265
 21     3.841 52965.91314686 26.82 197.608629  61.928424 13.263
 21     3.809 52965.91314750 29.44 197.606179  61.925274 13.263
 21     3.843 52965.91314815 29.84 197.603729  61.922124 13.263
 21     3.803 52965.91314879 30.66 197.601279  61.918974 13.263
 22     7.713 53000.91317793 13.10 197.590472  61.933227  2.676
 22     7.190 53000.91317857 13.02 197.588022  61.930077  2.676
 22     6.939 53000.91317921 12.85 197.585582  61.926927  2.676
 22     4.081 53000.91317986 14.22 197.583132  61.923777  2.676
 23     7.691 53035.91312685  8.40 197.586610  61.934830  2.508
 23     6.220 53035.91312749 11.07 197.584160  61.931680  2.508
 23     7.317 53035.91312814  9.19 197.581710  61.928530  2.508
 23     6.723 53035.91312878  9.20 197.579270  61.925380  2.508
 24     6.802 53070.91314815 10.41 197.598160  61.931403  2.734
 24     6.761 53070.91314880 10.39 197.595710  61.928263  2.734
 24     4.132 53070.91314944 14.09 197.593256  61.925110  3.767
 24     4.098 53070.91315009 16.72 197.590816  61.921960  3.767
 25     7.973 53105.91312794 34.62 197.583689  61.936268 31.778
 25     7.826 53105.91312859 37.24 197.581239  61.933118 31.778
 25     7.346 53105.91312923 38.93 197.578789  61.929968 31.778
 25     7.085 53105.91312988 37.80 197.576349  61.926818 31.778
 26     7.973 53140.91315520 18.60 197.603252  61.929433 33.027
 26     8.062 53140.91315584 20.65 197.600802  61.926293 33.027
 26     7.940 53140.91315649 17.73 197.598358  61.923140 11.598
 26     8.260 53140.91315713 17.13 197.595908  61.919990 11.598
 28     6.664 53210.91320494 28.03 197.593584  61.930749 28.211
 28     6.681 53210.91320559 32.64 197.591134  61.927599 28.211
 28     6.523 53210.91320623 30.65 197.588694  61.924449 28.211
 28     6.486 53210.91320688 26.46 197.586246  61.921303 29.588
 29     6.291 53245.91317290 47.03 197.593554  61.931661 36.716
 29     6.253 53245.91317354 37.40 197.591114  61.928511 36.716
 29     6.386 53245.91317419 51.84 197.588664  61.925361 36.716
 29     6.450 53245.91317483 52.56 197.586214  61.922214 35.829
 30     4.673 53280.91315720 34.26 197.606193  61.930721 32.052
 30     4.544 53280.91315785 30.69 197.603743  61.927571 32.052
 30     4.647 53280.91315849 33.46 197.601293  61.924422 22.972
 30     4.391 53280.91315914 27.78 197.598843  61.921272 22.972
 31     3.192 53315.91317058 24.89 197.601187  61.930934 16.872
 31     3.211 53315.91317122 25.38 197.598737  61.927784 16.872
 31     3.564 53315.91317187 24.55 197.596287  61.924634 16.872
 31     3.591 53315.91317251 26.15 197.593837  61.921484 16.872
 32     6.601 53350.91313633 20.56 197.596700  61.931397  4.624
 32     4.447 53350.91313697 19.37 197.594260  61.928247  4.624
 32     4.127 53350.91313762 19.61 197.591810  61.925097  4.624
 32     3.346 53350.91313826 19.37 197.589360  61.921947  4.624
 33     7.362 53385.91311980 15.85 197.606395  61.929431  3.298
 33     7.270 53385.91312044 15.06 197.603945  61.926281  3.298
 33     6.982 53385.91312109 13.97 197.601491  61.923131  2.863
 33     6.756 53385.91312173 13.62 197.599051  61.919981  2.863
 34     7.558 53420.91312370 11.17 197.603288  61.929665  2.836
 34     7.646 53420.91312435 11.03 197.600838  61.926515  2.836
 34     7.590 53420.91312499 10.70 197.598398  61.923365  2.836
 34     7.318 53420.91312564 10.70 197.595951  61.920220  2.334
 35     5.904 53455.91312891  9.31 197.613175  61.929927  3.109
 35     6.025 53455.91312955  8.46 197.610725  61.926777  3.109
 35     7.001 53455.91313019  7.35 197.608275  61.923637  3.109
 35     7.989 53455.91313084  5.89 197.605832  61.920487  2.880
 36     7.645 53490.91321412 28.80 197.593179  61.932511 35.581
 36     7.604 53490.91321477 29.48 197.590729  61.929361 35.581
 36     3.002 53490.91321541 33.87 197.588279  61.926211 35.581
 36     3.262 53490.91321606 36.87 197.585835  61.923066 17.872
 37    10.216 53525.91319750 22.65 197.600714  61.929706 28.978
 37     9.657 53525.91319814 22.81 197.598264  61.926556 28.978
 37     9.925 53525.91319879 24.22 197.595824  61.923406 28.978
 37    10.654 53525.91319943 25.66 197.593374  61.920256 28.978
 38     8.533 53560.91322521 25.49 197.589270  61.934244 36.926
 38     8.358 53560.91322585 26.38 197.586820  61.931094 36.926
 38     8.190 53560.91322650 23.42 197.584380  61.927944 36.926
 38     8.692 53560.91322714 20.04 197.581930  61.924794 36.926
 39     6.900 53595.91316420 41.68 197.594866  61.931512 39.917
 39     7.065 53595.91316484 35.43 197.592416  61.928362 39.917
 39     6.957 53595.91316549 37.99 197.589966  61.925212 39.917
 39     6.912 53595.91316613 40.51 197.587523  61.922064 32.908
 40     7.294 53630.91315794 20.12 197.606482  61.930867 32.915
 40     7.085 53630.91315858 24.05 197.604032  61.927717 32.915
 40     7.107 53630.91315923 24.73 197.601582  61.924567 32.915
 40     6.986 53630.91315987 24.94 197.599133  61.921418 24.093
 41     6.534 53665.91318103 51.17 197.596343  61.933077 36.373
 41     6.343 53665.91318168 39.89 197.593893  61.929927 36.373
 41     6.702 53665.91318232 43.23 197.591443  61.926777 36.373
 41     6.652 53665.91318297 53.58 197.588993  61.923627 36.373
 41     6.533 53665.91318361 54.44 197.586550  61.920483 26.997
 43     8.354 53735.91305466  8.18 197.590657  61.934891  3.151
 43     7.913 53735.91305531  8.74 197.588207  61.931741  3.151
 43     7.686 53735.91305595  8.87 197.585767  61.928591  3.151
 43     7.526 53735.91305660  8.79 197.583317  61.925441  3.151
 43     6.895 53735.91305724  8.83 197.580877  61.922291  3.151
 44     7.643 53770.91304650  7.92 197.606254  61.929650  2.026
 44     7.376 53770.91304714  8.00 197.603804  61.926500  2.026
 44     7.317 53770.91304778  8.02 197.601354  61.923350  2.026
 44     7.149 53770.91304843  7.77 197.598914  61.920200  2.026
 45     8.570 53805.91303802  6.01 197.594606  61.934108  2.033
 45     8.054 53805.91303866  6.01 197.592166  61.930958  2.033
 45     7.708 53805.91303931  6.42 197.589716  61.927808  2.033
 45     7.484 53805.91303995  6.99 197.587266  61.924658  2.033
 45     6.922 53805.91304060  6.75 197.584827  61.921509  2.156
 47     6.798 53875.91310599 34.34 197.602060  61.929209 39.722
 47     6.887 53875.91310663 38.00 197.599610  61.926059 39.722
 47     6.818 53875.91310728 37.87 197.597160  61.922909 39.722
 47     6.788 53875.91310792 33.88 197.594712  61.919765 17.583
 48     8.576 53910.91315397 25.20 197.595106  61.931021 38.793
 48     8.450 53910.91315462 22.81 197.592656  61.927871 38.793
 48     8.925 53910.91315526 18.09 197.590206  61.924721 38.793
 48     9.389 53910.91315591 27.13 197.587766  61.921571 38.793
 49     8.785 53945.91317215 25.97 197.589512  61.935555 33.532
 49     8.759 53945.91317279 31.50 197.587062  61.932405 33.532
 49     8.591 53945.91317344 27.60 197.584612  61.929255 33.532
 49     8.381 53945.91317408 22.35 197.582172  61.926105 33.532
 49     8.474 53945.91317472 18.93 197.579722  61.922955 33.532
 50     8.943 53980.91311818 31.90 197.590073  61.934750 28.057
 50     8.872 53980.91311883 27.55 197.587633  61.931600 28.057
 50     8.391 53980.91311947 25.02 197.585183  61.928450 28.057
 50     7.622 53980.91312012 25.21 197.582733  61.925300 28.057
 50     7.867 53980.91312076 23.11 197.580293  61.922150 28.057
 51     6.326 54015.91313949 41.46 197.609395  61.928238 37.252
 51     6.297 54015.91314014 31.50 197.606945  61.925088 37.252
 51     6.290 54015.91314078 29.45 197.604505  61.921938 37.252
 51     6.411 54015.91314143 28.89 197.602055  61.918788 37.252
 52     3.928 54050.91313981 29.86 197.605753  61.930070 18.878
 52     3.882 54050.91314045 30.63 197.603303  61.926920 18.878
 52     4.136 54050.91314110 30.62 197.600863  61.923770 18.878
 52     4.199 54050.91314174 41.27 197.598413  61.920620 18.878
 53     4.963 54085.91313186 13.69 197.594799  61.932402  3.147
 53     4.277 54085.91313250 14.41 197.592359  61.929252  3.147
 53     4.363 54085.91313315 13.99 197.589909  61.926102  3.147
 53     4.554 54085.91313379 12.87 197.587459  61.922952  3.147
 54     8.678 54120.91305712 10.32 197.585033  61.937675  2.201
 54     8.680 54120.91305776  9.91 197.582593  61.934525  2.201
 54     8.404 54120.91305841 10.08 197.580143  61.931375  2.201
 54     8.003 54120.91305905 10.70 197.577703  61.928225  2.201
 54     7.761 54120.91305970 10.29 197.575253  61.925075  2.201
 55     7.661 54155.91309091 11.03 197.596294  61.930159  3.224
 55     5.352 54155.91309155 11.70 197.593844  61.927009  3.224
 55     4.844 54155.91309220 15.40 197.591404  61.923859  3.224
 55     4.847 54155.91309284 13.11 197.588954  61.920709  3.224
 56     8.655 54190.91305513  9.75 197.588177  61.934941  2.581
 56     8.172 54190.91305578  9.93 197.585727  61.931791  2.581
 56     7.737 54190.91305642 10.78 197.583277  61.928641  2.581
 56     4.921 54190.91305707 12.06 197.580837  61.925491  2.581
 56     4.878 54190.91305771 13.93 197.578395  61.922342  5.130
 57     5.506 54225.91310180 39.92 197.599430  61.930626 28.603
 57     5.448 54225.91310245 33.32 197.596980  61.927476 28.603
 57     5.647 54225.91310309 35.59 197.594530  61.924326 28.603
 57     5.668 54225.91310373 37.41 197.592079  61.921180 19.773
 58     8.210 54260.91312154 47.21 197.599864  61.931835 29.978
 58     8.214 54260.91312219 51.05 197.597414  61.928685 29.978
 58     8.231 54260.91312283 46.52 197.594964  61.925535 29.978
 58     8.185 54260.91312348 43.92 197.592524  61.922385 29.978
 59     7.924 54295.91312601 21.96 197.598179  61.931366 31.769
 59     7.669 54295.91312666 25.33 197.595729  61.928216 31.769
 59     7.403 54295.91312730 27.88 197.593279  61.925066 31.769
 59     7.415 54295.91312795 25.96 197.590838  61.921921 32.152
 60     8.337 54330.91311762 23.73 197.596228  61.933662 27.280
 60     8.409 54330.91311826 20.65 197.593778  61.930512 27.280
 60     8.423 54330.91311891 18.20 197.591338  61.927362 27.280
 60     8.057 54330.91311955 17.83 197.588888  61.924212 27.280
 60     7.756 54330.91312020 17.24 197.586440  61.921065 18.089
 61     6.716 54365.91306117 50.08 197.588657  61.935247 39.150
 61     6.534 54365.91306182 36.57 197.586207  61.932097 39.150
 61     6.627 54365.91306246 35.25 197.583757  61.928947 39.150
 61     6.736 54365.91306310 51.25 197.581317  61.925797 39.150
 61     6.843 54365.91306375 51.08 197.578867  61.922647 39.150
 62     4.873 54400.91305970 33.44 197.599716  61.932597 18.417
 62     4.696 54400.91306034 34.38 197.597266  61.929447 18.417
 62     4.849 54400.91306099 35.32 197.594816  61.926297 18.417
 62     4.957 54400.91306163 45.44 197.592376  61.923147 18.417
 62     4.808 54400.91306228 50.79 197.589926  61.919997 18.417
 63     4.602 54435.91301693 41.37 197.591341  61.934536 23.012
 63     7.870 54435.91301758 33.33 197.588901  61.931386 23.012
 63     7.734 54435.91301822 34.02 197.586451  61.928236 23.012
 63     4.885 54435.91301887 37.35 197.584001  61.925086 23.012
 63     4.765 54435.91301951 35.67 197.581561  61.921936 23.012
 64     7.434 54470.91304428 14.47 197.604698  61.929083  3.930
 64     5.784 54470.91304493 15.99 197.602248  61.925933  3.930
 64     4.652 54470.91304557 15.48 197.599798  61.922783  3.930
 64     4.062 54470.91304621 14.93 197.597358  61.919633  3.930
 65     8.236 54505.91302997 10.23 197.591106  61.934962  3.023
 65     7.584 54505.91303061 10.50 197.588666  61.931812  3.023
 65     6.045 54505.91303125 10.39 197.586216  61.928662  3.023
 65     4.807 54505.91303190 11.29 197.583776  61.925512  3.023
 65     4.337 54505.91303254 10.74 197.581327  61.922364  2.779
 66     7.970 54540.91305874  9.20 197.599326  61.931981  3.122
 66     7.574 54540.91305938  9.92 197.596874  61.928838  2.679
 66     7.881 54540.91306003  9.23 197.594424  61.925688  2.679
 66     7.585 54540.91306067  9.31 197.591984  61.922538  2.679
 67     8.298 54575.91303163 14.59 197.588863  61.932990  2.816
 67     8.461 54575.91303227 14.72 197.586413  61.929840  2.816
 67     8.379 54575.91303291 14.59 197.583963  61.926691  2.273
 67     7.853 54575.91303356 14.87 197.581523  61.923541  2.273
 68    10.744 54610.91305034 35.30 197.598979  61.932710 44.059
 68    10.267 54610.91305099 24.06 197.596529  61.929560 44.059
 68     9.805 54610.91305163 23.75 197.594084  61.926416 32.213
 68    10.314 54610.91305228 24.21 197.591634  61.923266 32.213
 68    10.660 54610.91305292 25.34 197.589184  61.920116 32.213
 69     8.425 54645.91305820 37.44 197.596879  61.931435 38.239
 69     8.287 54645.91305885 39.90 197.594430  61.928282 26.032
 69     8.112 54645.91305949 28.12 197.591980  61.925132 26.032
 69     8.806 54645.91306014 21.24 197.589530  61.921982 26.032
 70     8.445 54680.91305892 22.30 197.596722  61.933288 29.278
 70     8.539 54680.91305956 24.80 197.594272  61.930138 29.278
 70     8.312 54680.91306021 23.93 197.591829  61.926992 24.933
 70     8.016 54680.91306085 20.19 197.589379  61.923842 24.933
 70     8.592 54680.91306150 23.25 197.586929  61.920692 24.933
 71     7.531 54715.91300841 33.21 197.590438  61.935777 35.412
 71     7.648 54715.91300906 32.52 197.587988  61.932627 35.412
 71     7.780 54715.91300970 31.87 197.585538  61.929477 35.412
 71     7.556 54715.91301035 30.38 197.583093  61.926327 26.142
 71     7.304 54715.91301099 27.65 197.580653  61.923177 26.142
 72     8.139 54750.91303031 16.91 197.601812  61.931705 15.421
 72     7.555 54750.91303095 16.84 197.599360  61.928555 13.629
 72     7.063 54750.91303160 18.17 197.596920  61.925405 13.629
 72     7.192 54750.91303224 16.39 197.594470  61.922255 13.629
 73     4.570 54785.91299825 32.28 197.592413  61.933395  7.612
 73     4.250 54785.91299889 26.53 197.589966  61.930250  9.916
 73     4.126 54785.91299954 24.59 197.587526  61.927100  9.916
 73     4.470 54785.91300018 19.90 197.585076  61.923950  9.916
 74     7.933 54820.91302362 13.69 197.602951  61.931035  3.402
 74     7.469 54820.91302426 13.28 197.600499  61.927893  5.076
 74     7.214 54820.91302490 12.54 197.598059  61.924743  5.076
 74     4.711 54820.91302555 13.95 197.595609  61.921593  5.076
 75     8.422 54855.91299431  7.37 197.594103  61.933711  1.961
 75     8.291 54855.91299495  7.48 197.591653  61.930561  1.961
 75     8.320 54855.91299560  7.68 197.589212  61.927415  2.086
 75     7.905 54855.91299624  8.39 197.586762  61.924265  2.086
 75     7.359 54855.91299689  7.94 197.584322  61.921115  2.086
 76     9.115 54890.91302788 10.66 197.593689  61.930808  1.825
 76     9.467 54890.91302852 10.93 197.591239  61.927658  1.825
 76     8.527 54890.91302917 11.19 197.588799  61.924508  1.825
 76     8.176 54890.91302981 10.82 197.586349  61.921358  1.825
 77    10.004 54925.91299288  8.89 197.586760  61.935576  2.202
 77     9.301 54925.91299352  9.00 197.584310  61.932426  2.202
 77     9.144 54925.91299417  8.99 197.581858  61.929276  1.809
 77     8.582 54925.91299481  9.10 197.579418  61.926126  1.809
 77     8.191 54925.91299546  9.12 197.576968  61.922976  1.809
 78     6.866 54960.91302554 39.09 197.600512  61.931707 40.753
 78     6.892 54960.91302618 37.43 197.598062  61.928557 40.753
 78     6.849 54960.91302683 48.30 197.595619  61.925412 23.809
 78     6.754 54960.91302747 37.08 197.593169  61.922262 23.809
 79     9.508 54995.91304748 21.80 197.594260  61.931044 39.745
 79     9.239 54995.91304812 21.48 197.591812  61.927900 29.056
 79     9.702 54995.91304877 21.16 197.589362  61.924750 29.056
 79    10.239 54995.91304941 23.11 197.586912  61.921600 29.056
 80     8.023 55030.91303703 30.46 197.596242  61.932023 33.097
 80     8.011 55030.91303767 37.37 197.593793  61.928879 30.805
 80     7.912 55030.91303831 35.27 197.591343  61.925729 30.805
 80     7.742 55030.91303896 29.19 197.588903  61.922579 30.805
 81     6.178 55065.91302687 31.34 197.595178  61.932690 35.690
 81     6.076 55065.91302752 29.97 197.592728  61.929540 35.690
 81     6.180 55065.91302816 27.67 197.590283  61.926393 25.315
 81     6.103 55065.91302880 29.43 197.587843  61.923243 25.315
 82     6.025 55100.91296844 48.96 197.586820  61.937079 36.649
 82     5.765 55100.91296909 44.13 197.584370  61.933929 36.649
 82     5.973 55100.91296973 31.35 197.581920  61.930779 36.649
 82     6.183 55100.91297037 46.20 197.579477  61.927631 35.785
 82     6.087 55100.91297102 52.47 197.577037  61.924481 35.785
 83     3.546 55135.91297256 26.47 197.601670  61.932237 10.012
 83     3.630 55135.91297321 30.54 197.599220  61.929087 17.872
 83     3.850 55135.91297385 34.45 197.596780  61.925937 17.872
 83     4.115 55135.91297450 39.39 197.594330  61.922787 17.872
 83     4.030 55135.91297514 46.18 197.591880  61.919637 17.872
 84     2.573 55170.91293510 24.39 197.592310  61.934743  7.117
 84     3.638 55170.91293574 23.14 197.589870  61.931593  7.117
 84     3.906 55170.91293639 21.63 197.587421  61.928446  6.483
 84     4.040 55170.91293703 22.60 197.584971  61.925296  6.483
 84     4.014 55170.91293768 21.31 197.582531  61.922146  6.483
 85     7.547 55205.91296610 16.75 197.601441  61.931183  9.849
 85     6.602 55205.91296675 16.74 197.598991  61.928032  3.386
 85     5.189 55205.91296739 18.09 197.596551  61.924882  3.386
 85     4.999 55205.91296804 16.39 197.594101  61.921732  3.386
 86     6.044 55240.91294100 18.12 197.589943  61.935652  6.241
 86     7.547 55240.91294164 15.64 197.587503  61.932502  6.241
 86     8.272 55240.91294229 14.06 197.585056  61.929357  3.637
 86     7.863 55240.91294293 13.14 197.582606  61.926207  3.637
 86     7.360 55240.91294358 13.39 197.580166  61.923057  3.637
 87     7.903 55275.91295987  8.53 197.595073  61.933227  2.967
 87     7.359 55275.91296052  8.78 197.592626  61.930082  2.974
 87     8.123 55275.91296116  7.35 197.590176  61.926932  2.974
 87     7.342 55275.91296181  8.34 197.587726  61.923782  2.974
 87     7.388 55275.91296245  7.47 197.585286  61.920632  2.974
 88     9.816 55310.91292492 22.30 197.591151  61.935620 16.308
 88     5.416 55310.91292557 20.25 197.588711  61.932470 16.308
 88     7.875 55310.91292621 17.14 197.586261  61.929320 16.308
 88     4.622 55310.91292685 16.32 197.583812  61.926170  9.925
 88     2.946 55310.91292750 21.11 197.581372  61.923020  9.925
 89     7.771 55345.91292938 34.18 197.596681  61.930529 37.361
 89     7.856 55345.91293002 34.50 197.594237  61.927375 28.438
 89     7.628 55345.91293067 28.81 197.591787  61.924225 28.438
 89     9.295 55345.91293131 25.74 197.589337  61.921075 28.438
 90     6.673 55380.91292206 52.09 197.593316  61.932175 37.260
 90     6.749 55380.91292271 33.77 197.590866  61.929030 32.549
 90     6.862 55380.91292335 50.10 197.588426  61.925880 32.549
 90     6.762 55380.91292400 52.48 197.585976  61.922730 32.549
 91     8.265 55415.91294870 22.54 197.602446  61.930078 34.869
 91     8.206 55415.91294934 22.47 197.599995  61.926935 16.128
 91     8.179 55415.91294999 18.10 197.597555  61.923785 16.128
 91     7.877 55415.91295063 21.87 197.595105  61.920635 16.128
 92     8.173 55450.91293310 43.28 197.593358  61.932853 37.421
 92     8.155 55450.91293375 40.67 197.590918  61.929703 37.421
 92     8.223 55450.91293439 40.76 197.588469  61.926557 30.257
 92     8.093 55450.91293504 39.39 197.586019  61.923407 30.257
 93     5.000 55485.91285740 25.70 197.586563  61.933977 24.618
 93     4.732 55485.91285805 25.31 197.584113  61.930827 24.618
 93     4.974 55485.91285869 25.09 197.581672  61.927679 13.408
 93     5.151 55485.91285934 22.06 197.579232  61.924529 13.408
