# NaN NaN NaN ;Mean Elev.(m), Avg Gradient(m/km), RMS Gradient(m/km) - SRTM1     
#  112.760  -0.705   5.023 ;Mean Elev.(m), Avg Gradient(m/km), RMS Gradient(m/km) - ASTER GDEM
#  101.035  -0.659   0.779 ;Mean Elev.(m), Avg Gradient(m/km), RMS Gradient(m/km) - GMTED2010 
  7   100.366 52470.88226445 33.82 212.275907  66.252980 31.882
  7   100.300 52470.88226509 39.06 212.272657  66.249890 31.882
  7   100.114 52470.88226574 42.58 212.269397  66.246810 31.882
  7   100.196 52470.88226638 44.21 212.266147  66.243730 31.882
  7    99.886 52470.88226703 39.60 212.262897  66.240640 31.882
  7   100.140 52470.88226767 39.26 212.259647  66.237560 31.882
  7    99.914 52470.88226832 44.12 212.256387  66.234480 31.882
  7    99.955 52470.88226896 47.76 212.253147  66.231390 31.882
  8    95.204 52505.88224539 24.60 212.274218  66.252544 16.655
  8    94.951 52505.88224604 24.29 212.270968  66.249464 16.655
  8    95.018 52505.88224668 27.41 212.267708  66.246374 16.655
  8    94.767 52505.88224733 26.54 212.264458  66.243294 16.655
  8    94.365 52505.88224797 24.83 212.261208  66.240214 16.655
  8    94.382 52505.88224862 17.99 212.257958  66.237124 16.655
  8    93.349 52505.88224926 20.67 212.254708  66.234044 16.655
  8    93.766 52505.88224991 22.90 212.251458  66.230954 16.655
 10    99.711 52575.88227556 33.50 212.274689  66.249142 26.932
 10    98.733 52575.88227621 34.94 212.271439  66.246062 26.932
 10    98.668 52575.88227685 41.21 212.268179  66.242972 26.932
 10    98.742 52575.88227749 46.87 212.264929  66.239892 26.932
 10    98.721 52575.88227814 45.51 212.261679  66.236812 26.932
 10    98.513 52575.88227878 34.84 212.258429  66.233722 26.932
 11    99.294 52610.88223648 25.71 212.274544  66.253598  8.849
 11    99.526 52610.88223713 23.38 212.271294  66.250518  8.849
 11    99.248 52610.88223777 22.33 212.268034  66.247438  8.849
 11    98.950 52610.88223842 24.78 212.264784  66.244348  8.849
 11    99.056 52610.88223906 29.82 212.261534  66.241268  8.849
 11    98.950 52610.88223971 28.16 212.258284  66.238188  8.849
 11    98.793 52610.88224035 28.16 212.255031  66.235101  4.883
 11   100.915 52610.88224100 20.82 212.251781  66.232021  4.883
 13   104.742 52680.88219881 14.50 212.276740  66.248956  2.824
 13   104.617 52680.88219945 14.38 212.273480  66.245876  2.824
 13   104.472 52680.88220010 13.97 212.270230  66.242786  2.824
 13   104.074 52680.88220074 14.70 212.266980  66.239706  2.824
 13   103.556 52680.88220139 14.53 212.263730  66.236626  2.824
 13   102.903 52680.88220203 14.55 212.260480  66.233536  2.824
 15    98.334 52750.88227494 10.27 212.269768  66.262512 13.473
 15   101.625 52750.88227558  5.61 212.266508  66.259432 13.473
 15   101.416 52750.88227623  3.94 212.263258  66.256342 13.473
 15   100.018 52750.88227687  6.98 212.259998  66.253262 13.473
 19   100.657 52890.88237478 38.76 212.277357  66.251557 38.429
 19   100.551 52890.88237543 40.88 212.274107  66.248467 38.429
 19   100.484 52890.88237607 46.84 212.270857  66.245387 38.429
 19   100.436 52890.88237672 45.26 212.267597  66.242297 38.429
 19   100.420 52890.88237736 47.70 212.264347  66.239217 38.429
 19   100.411 52890.88237801 46.00 212.261097  66.236137 38.429
 19   100.413 52890.88237865 49.27 212.257850  66.233052 36.198
 20    99.239 52925.88232652 53.13 212.271653  66.259069 44.384
 20    99.135 52925.88232716 53.97 212.268403  66.255989 44.384
 20    98.954 52925.88232781 46.21 212.265143  66.252899 44.384
 20    98.935 52925.88232845 39.63 212.261893  66.249819 44.384
 20    98.825 52925.88232910 42.92 212.258643  66.246739 44.384
 20    98.647 52925.88233103 46.35 212.248893  66.237479 44.384
 20    98.649 52925.88233168 49.99 212.245644  66.234397 38.984
 22   103.717 52995.88233420 20.98 212.275821  66.246136  7.466
 22   103.118 52995.88233485 20.48 212.272561  66.243056  7.466
 22   102.871 52995.88233549 21.42 212.269311  66.239976  7.466
 23   100.298 53030.88229527 14.91 212.270700  66.256768  4.358
 23   100.458 53030.88229591 14.76 212.267450  66.253688  4.358
 23   100.196 53030.88229656 16.47 212.264190  66.250608  4.358
 23   101.227 53030.88229720 15.18 212.260940  66.247518  4.358
 23   100.882 53030.88229785 15.94 212.257690  66.244438  4.358
 23   100.769 53030.88229914 15.46 212.251192  66.238268  4.995
 23   100.819 53030.88229978 14.04 212.247942  66.235188  4.995
 25   101.558 53100.88230367 10.60 212.269951  66.259650  3.355
 25   102.919 53100.88230431 10.65 212.266691  66.256570  3.355
 25   103.060 53100.88230496 11.32 212.263441  66.253490  3.355
 25   103.297 53100.88230560 11.53 212.260191  66.250400  3.355
 28    99.730 53205.88237073 50.01 212.276288  66.250439 43.628
 28    99.718 53205.88237138 45.02 212.273028  66.247359 43.628
 28    99.671 53205.88237202 49.57 212.269778  66.244279 43.628
 28    99.575 53205.88237267 50.29 212.266528  66.241189 43.628
 28    99.582 53205.88237331 46.01 212.263278  66.238109 43.628
 28    99.557 53205.88237396 47.08 212.260018  66.235029 43.628
 28    99.331 53205.88237460 51.97 212.256768  66.231939 43.628
 29    99.609 53240.88233818 47.57 212.277009  66.252715 39.393
 29    99.473 53240.88233883 53.38 212.273759  66.249635 39.393
 29    99.343 53240.88233947 51.69 212.270509  66.246555 39.393
 29    99.331 53240.88234012 56.44 212.267249  66.243465 39.393
 29    99.346 53240.88234076 51.20 212.263999  66.240385 39.393
 29    99.372 53240.88234141 47.93 212.260749  66.237305 39.393
 29    99.262 53240.88234205 47.27 212.257504  66.234216 40.328
 29    99.001 53240.88234269 52.36 212.254254  66.231136 40.328
 31    97.213 53310.88235114 46.57 212.277296  66.249454 35.971
 31    97.288 53310.88235179 45.53 212.274036  66.246364 35.971
 31    97.365 53310.88235243 49.54 212.270786  66.243284 35.971
 31    97.309 53310.88235308 46.28 212.267536  66.240194 35.971
 31    97.157 53310.88235372 40.20 212.264276  66.237114 35.971
 31    96.978 53310.88235437 37.28 212.261026  66.234034 35.971
 32    98.719 53345.88231654 22.48 212.277035  66.252944 16.320
 32    98.617 53345.88231718 23.77 212.273775  66.249864 16.320
 32    98.601 53345.88231783 24.57 212.270525  66.246774 16.320
 32    98.604 53345.88231847 24.60 212.267275  66.243694 16.320
 32    98.557 53345.88231912 25.22 212.264015  66.240604 16.320
 32    98.411 53345.88231976 26.37 212.260765  66.237524 16.320
 32    98.502 53345.88232041 23.73 212.257515  66.234444 16.320
 32    98.322 53345.88232105 25.46 212.254266  66.231356 11.781
 36    97.847 53485.88237593 22.64 212.275394  66.250482 26.986
 36    97.748 53485.88237658 17.14 212.272134  66.247402 26.986
 36    97.615 53485.88237722 23.70 212.268884  66.244312 26.986
 36    97.664 53485.88237787 20.35 212.265624  66.241232 26.986
 36    97.411 53485.88237851 17.40 212.262374  66.238152 26.986
 36    97.261 53485.88237916 17.61 212.259129  66.235068 16.388
 36    97.043 53485.88237980 17.72 212.255869  66.231988 16.388
 37   101.934 53520.88237025 46.72 212.276831  66.248214 34.120
 37   101.891 53520.88237089 46.65 212.273581  66.245134 34.120
 37   101.847 53520.88237154 45.32 212.270321  66.242054 34.120
 37   101.822 53520.88237218 42.83 212.267071  66.238964 34.120
 38   100.258 53555.88239288 40.41 212.275353  66.255599 40.560
 38   100.374 53555.88239352 51.21 212.272093  66.252519 40.560
 38   100.304 53555.88239417 50.72 212.268843  66.249439 40.560
 38    99.976 53555.88239481 44.63 212.265593  66.246349 40.560
 38    99.894 53555.88239546 47.43 212.262333  66.243269 40.560
 38    99.898 53555.88239610 44.88 212.259083  66.240179 40.560
 38    99.944 53555.88239675 47.69 212.255833  66.237099 40.560
 38    99.811 53555.88239739 48.15 212.252583  66.234019 40.560
 38    99.761 53555.88239804 46.81 212.249335  66.230932 35.507
 39   100.074 53590.88233451 32.12 212.276029  66.250654 26.285
 39    99.867 53590.88233515 34.24 212.272779  66.247564 26.285
 39    99.846 53590.88233580 36.78 212.269519  66.244484 26.285
 39    99.744 53590.88233644 30.69 212.266269  66.241404 26.285
 39    99.903 53590.88233708 26.33 212.263019  66.238314 26.285
 39    99.888 53590.88233773 31.10 212.259769  66.235234 26.285
 39    99.734 53590.88233837 42.50 212.256519  66.232144 26.285
 41    98.799 53660.88234642 27.49 212.274943  66.243273 17.931
 41    98.864 53660.88234707 28.26 212.271683  66.240183 17.931
 42    99.965 53695.88231571 17.51 212.273815  66.253310  4.192
 42    99.634 53695.88231636 17.58 212.270555  66.250230  4.192
 42   100.214 53695.88231700 17.53 212.267305  66.247140  4.192
 42   101.313 53695.88231765 16.67 212.264055  66.244060  4.192
 42   101.473 53695.88231829 17.06 212.260805  66.240970  4.192
 42   101.245 53695.88231893 16.92 212.257555  66.237890  4.192
 42   101.164 53695.88231958 16.62 212.254305  66.234810  4.192
 42   101.114 53695.88232022 16.28 212.251052  66.231721  3.777
 43    99.534 53730.88223770 16.47 212.274593  66.257491  4.631
 43    99.266 53730.88223834 16.81 212.271333  66.254401  4.631
 43    99.373 53730.88223899 17.13 212.268083  66.251321  4.631
 43    99.327 53730.88223963 16.60 212.264833  66.248231  4.631
 43   103.297 53730.88224028 15.14 212.261583  66.245151  4.631
 43   101.073 53730.88224092 15.02 212.258333  66.242071  4.631
 43   101.116 53730.88224157 15.15 212.255083  66.238981  4.631
 43   101.100 53730.88224221 14.58 212.251833  66.235901  4.631
 43   100.830 53730.88224286 14.79 212.248583  66.232811  4.631
 47   102.071 53870.88227540 41.06 212.276569  66.244570 31.269
 47   101.904 53870.88227605 40.26 212.273309  66.241490 31.269
 48   101.308 53905.88231163 43.12 212.274599  66.246366 33.050
 48   101.189 53905.88231227 44.25 212.271349  66.243276 33.050
 48   101.116 53905.88231292 43.23 212.268099  66.240196 33.050
 48   101.016 53905.88231356 43.85 212.264849  66.237116 33.050
 48   100.974 53905.88231421 47.99 212.261593  66.234031 41.882
 49   100.301 53940.88234084 32.49 212.275326  66.256081 22.801
 49   100.088 53940.88234148 30.63 212.272076  66.252991 22.801
 49    99.961 53940.88234213 29.86 212.268816  66.249911 22.801
 49   100.048 53940.88234277 25.59 212.265566  66.246831 22.801
 49    99.714 53940.88234342 28.23 212.262306  66.243741 22.801
 49    99.634 53940.88234406 26.43 212.259056  66.240661 22.801
 49    99.925 53940.88234471 23.30 212.255806  66.237581 22.801
 49    99.783 53940.88234535 32.81 212.252556  66.234491 22.801
 49    99.790 53940.88234600 39.86 212.249306  66.231411 22.801
 50   101.537 53975.88229714 53.22 212.273363  66.258555 47.071
 50   101.516 53975.88229779 52.53 212.270103  66.255475 47.071
 50   101.343 53975.88229843 50.13 212.266853  66.252385 47.071
 50   101.172 53975.88229908 45.22 212.263603  66.249305 47.071
 50   101.097 53975.88229972 51.67 212.260343  66.246225 47.071
 50   101.050 53975.88230037 51.47 212.257093  66.243135 47.071
 50   101.011 53975.88230101 51.36 212.253843  66.240055 47.071
 50   100.964 53975.88230166 52.52 212.250593  66.236975 47.071
 50   100.912 53975.88230230 52.83 212.247343  66.233885 47.071
 53    99.466 54080.88230648 25.31 212.275005  66.253950  6.886
 53    99.127 54080.88230712 22.81 212.271745  66.250860  6.886
 53    99.258 54080.88230777 21.59 212.268495  66.247780  6.886
 53   103.214 54080.88230841 20.89 212.265245  66.244690  6.886
 53   102.489 54080.88230906 20.86 212.261995  66.241610  6.886
 53   101.538 54080.88230970 18.37 212.258745  66.238530  6.886
 53   101.286 54080.88231034 19.86 212.255495  66.235440  6.886
 53   101.327 54080.88231099 18.82 212.252245  66.232360  6.886
 54    98.658 54115.88223937 21.47 212.270417  66.258837  5.267
 54    98.770 54115.88224002 25.76 212.267157  66.255757  5.267
 54    99.215 54115.88224066 21.83 212.263907  66.252667  5.267
 54   103.260 54115.88224131 17.47 212.260657  66.249587  5.267
 54   100.005 54115.88224389 14.93 212.247657  66.237247  5.267
 55   104.138 54150.88225686 13.40 212.276805  66.247804  4.082
 55   104.076 54150.88225751 12.84 212.273545  66.244714  4.082
 55   103.415 54150.88225815 13.66 212.270295  66.241634  4.082
 55   103.220 54150.88225880 13.18 212.267045  66.238554  4.082
 56    98.230 54185.88223153 13.65 212.271219  66.257249  3.088
 56   102.988 54185.88223217 12.43 212.267969  66.254169  3.088
 56   103.298 54185.88223282 12.50 212.264719  66.251089  3.088
 56   103.349 54185.88223346 11.45 212.261469  66.247999  3.088
 56   103.216 54185.88223411 11.38 212.258209  66.244919  3.088
 56   101.888 54185.88223540 12.11 212.251709  66.238749  3.088
 56   100.620 54185.88223604 12.27 212.248459  66.235669  3.088
 58   101.669 54255.88228947 35.75 212.275917  66.248069 29.843
 58   101.711 54255.88229011 36.22 212.272657  66.244989 29.843
 58   101.675 54255.88229076 37.81 212.269407  66.241899 29.843
 58   101.675 54255.88229140 38.22 212.266157  66.238819 29.843
 58   101.612 54255.88229205 41.83 212.262907  66.235739 29.843
 58   101.620 54255.88229269 42.45 212.259657  66.232649 29.843
 59   100.947 54290.88229178 43.03 212.276082  66.246484 36.201
 59   100.874 54290.88229243 43.26 212.272822  66.243404 36.201
 59   100.789 54290.88229307 42.60 212.269572  66.240314 36.201
 60   100.433 54325.88228935 26.20 212.274295  66.247091 25.929
 60   100.302 54325.88228999 35.65 212.271035  66.244011 25.929
 60   100.217 54325.88229064 30.93 212.267785  66.240931 25.929
 60    99.797 54325.88229128 23.59 212.264535  66.237841 25.929
 60    99.729 54325.88229192 19.29 212.261285  66.234761 25.929
 61   100.035 54360.88223980 46.48 212.270115  66.257437 43.196
 61    99.999 54360.88224045 47.73 212.266865  66.254357 43.196
 61    99.825 54360.88224109 43.51 212.263615  66.251277 43.196
 61    99.607 54360.88224174 44.54 212.260355  66.248187 43.196
 61    99.517 54360.88224431 48.34 212.247355  66.235857 43.196
 63    99.281 54430.88219028 22.54 212.274751  66.254787  8.587
 63    99.256 54430.88219093 20.00 212.271501  66.251707  8.587
 63    99.184 54430.88219157 19.45 212.268251  66.248617  8.587
 63    98.577 54430.88219222 28.94 212.264991  66.245537  8.587
 63    99.106 54430.88219286 27.34 212.261741  66.242447  8.587
 63    98.691 54430.88219351 22.46 212.258491  66.239367  8.587
 63    98.713 54430.88219415 19.95 212.255241  66.236287  8.587
 63   100.574 54430.88219480 16.92 212.251991  66.233197  8.587
 65   104.026 54500.88220362 12.51 212.274584  66.251746  5.439
 65   104.204 54500.88220426 12.07 212.271334  66.248656  5.439
 65   103.961 54500.88220491 14.62 212.268084  66.245576  5.439
 65   103.844 54500.88220555 11.70 212.264824  66.242486  5.439
 65   102.917 54500.88220620 12.24 212.261574  66.239406  5.439
 65   101.897 54500.88220684 11.99 212.258324  66.236326  5.439
 65   101.329 54500.88220749 12.25 212.255081  66.233238  3.555
 65   101.208 54500.88220813 12.79 212.251831  66.230158  3.555
 66   104.171 54535.88222470 14.25 212.276028  66.246724  7.354
 66   104.480 54535.88222534 12.65 212.272778  66.243644  7.354
 66   103.828 54535.88222599 10.13 212.269522  66.240561  2.965
 67   100.260 54570.88220510  4.46 212.274100  66.256842  5.213
 67   100.011 54570.88220574  5.41 212.270840  66.253762  5.213
 67    99.336 54570.88220639  5.44 212.267590  66.250682  5.213
 67   101.259 54570.88220703  3.13 212.264340  66.247592  5.213
 67   101.206 54570.88220767  2.59 212.261090  66.244512  5.213
 67   100.738 54570.88220832  3.10 212.257840  66.241432  5.213
 67   100.696 54570.88220896  2.55 212.254588  66.238342  2.789
 67   100.625 54570.88220961  2.57 212.251338  66.235262  2.789
 67   100.182 54570.88221025  2.89 212.248088  66.232172  2.789
 68   100.597 54605.88221860 37.53 212.276337  66.246293 25.051
 68   100.422 54605.88221925 37.28 212.273077  66.243213 25.051
 68   100.430 54605.88221989 36.24 212.269827  66.240133 25.051
 69   100.729 54640.88222723 46.55 212.276861  66.252130 30.297
 69   100.678 54640.88222788 46.08 212.273611  66.249040 30.297
 69   100.573 54640.88222852 46.70 212.270351  66.245960 30.297
 69   100.487 54640.88222917 44.42 212.267101  66.242880 30.297
 69   100.459 54640.88222981 43.91 212.263847  66.239795 34.690
 69   100.390 54640.88223046 42.47 212.260597  66.236715 34.690
 69   100.302 54640.88223110 49.26 212.257347  66.233625 34.690
 70   101.399 54675.88223019 33.40 212.274342  66.247910 24.778
 70   101.351 54675.88223084 35.90 212.271082  66.244820 24.778
 70   101.273 54675.88223148 34.89 212.267832  66.241740 24.778
 70   101.201 54675.88223213 33.46 212.264584  66.238655 33.419
 70   101.206 54675.88223277 37.78 212.261324  66.235565 33.419
 70   101.172 54675.88223342 41.28 212.258074  66.232485 33.419
 71   101.426 54710.88218447 44.69 212.274689  66.256192 32.568
 71   101.388 54710.88218511 43.96 212.271439  66.253112 32.568
 71   101.344 54710.88218576 47.42 212.268179  66.250032 32.568
 71   101.279 54710.88218640 47.68 212.264929  66.246942 32.568
 71   101.145 54710.88218705 52.14 212.261679  66.243862 32.568
 71   101.082 54710.88218769 43.51 212.258429  66.240772 32.568
 71   100.990 54710.88218834 52.53 212.255180  66.237691 32.797
 71   100.936 54710.88218898 51.58 212.251930  66.234611 32.797
 71   100.865 54710.88218963 49.88 212.248680  66.231521 32.797
 72    99.799 54745.88219860 43.17 212.274941  66.244016 33.816
 72    99.626 54745.88219924 42.07 212.271691  66.240936 33.816
 73    97.885 54780.88217056 51.10 212.275559  66.250065 31.453
 73    97.677 54780.88217121 52.55 212.272309  66.246985 31.453
 73    97.705 54780.88217185 43.92 212.269049  66.243905 31.453
 73    97.747 54780.88217250 47.30 212.265804  66.240822 16.812
 73    97.750 54780.88217314 45.16 212.262544  66.237732 16.812
 73    97.468 54780.88217379 39.84 212.259294  66.234652 16.812
 73    97.412 54780.88217443 35.66 212.256044  66.231572 16.812
 75   103.459 54850.88216789 10.73 212.276534  66.254143  4.657
 75   104.034 54850.88216854 10.58 212.273284  66.251063  4.657
 75   103.852 54850.88216918 10.74 212.270024  66.247983  4.657
 75   103.820 54850.88216983 10.39 212.266774  66.244893  4.657
 75   103.217 54850.88217047 10.11 212.263524  66.241813  4.657
 75   102.612 54850.88217112 10.49 212.260276  66.238727  3.793
 75   102.050 54850.88217176 10.78 212.257026  66.235647  3.793
 75   101.604 54850.88217241 10.99 212.253776  66.232557  3.793
 76   104.518 54885.88219517 15.38 212.276420  66.246879  5.128
 76   104.661 54885.88219581 10.54 212.273160  66.243799  5.128
 76   103.821 54885.88219646  9.76 212.269906  66.240720  3.385
 77   102.126 54920.88216825  7.06 212.270429  66.260376  4.157
 77   102.875 54920.88216890  6.48 212.267169  66.257286  4.157
 77   103.199 54920.88216954  6.58 212.263919  66.254206  4.157
 77   103.303 54920.88217019  6.73 212.260669  66.251126  4.157
 77   100.977 54920.88217341  6.66 212.244408  66.235704  3.332
 78   103.760 54955.88219115 31.50 212.275728  66.243274 20.864
 78    99.016 54955.88219180 31.55 212.272478  66.240194 20.864
 79   101.737 54990.88221374 45.31 212.275190  66.248554 30.385
 79   101.706 54990.88221439 45.42 212.271940  66.245464 30.385
 79   101.615 54990.88221503 47.00 212.268690  66.242384 30.385
 79   101.527 54990.88221567 47.00 212.265436  66.239301 38.028
 79   101.460 54990.88221632 46.76 212.262186  66.236211 38.028
 79   101.387 54990.88221696 47.85 212.258936  66.233131 38.028
 80   100.187 55025.88220471 50.04 212.274250  66.249623 35.432
 80   100.122 55025.88220535 49.93 212.271000  66.246533 35.432
 80   100.053 55025.88220600 53.39 212.267740  66.243453 35.432
 80    99.990 55025.88220664 52.13 212.264487  66.240368 36.242
 80    99.928 55025.88220729 41.59 212.261237  66.237278 36.242
 80    99.886 55025.88220793 46.52 212.257987  66.234198 36.242
 80    99.790 55025.88220858 48.58 212.254737  66.231118 36.242
 81    99.543 55060.88219809 48.77 212.277093  66.249841 37.104
 81    99.505 55060.88219874 44.85 212.273843  66.246751 37.104
 81    99.455 55060.88219938 50.77 212.270593  66.243671 37.104
 81    99.433 55060.88220002 50.65 212.267333  66.240591 37.104
 81    99.418 55060.88220067 45.66 212.264083  66.237505 38.720
 81    99.404 55060.88220131 42.02 212.260833  66.234425 38.720
 82   100.029 55095.88214701 31.15 212.272086  66.260115 17.446
 82   100.066 55095.88214766 24.40 212.268826  66.257025 17.446
 82    99.775 55095.88214830 24.49 212.265576  66.253945 17.446
 82    99.806 55095.88214895 26.00 212.262326  66.250865 17.446
 82    99.713 55095.88214959 26.38 212.259066  66.247775 17.446
 82    99.309 55095.88215217 28.07 212.246075  66.235444 23.970
 83    98.957 55130.88214131 45.47 212.277182  66.246637 26.961
 83    99.038 55130.88214195 40.16 212.273922  66.243557 26.961
 83    98.741 55130.88214260 40.12 212.270669  66.240477 15.832
 84   103.175 55165.88211068 21.33 212.274729  66.250747  8.238
 84   102.881 55165.88211132 19.96 212.271469  66.247657  8.238
 84   100.161 55165.88211197 23.34 212.268219  66.244577  8.238
 84   102.961 55165.88211261 22.09 212.264969  66.241497  8.238
 84   102.502 55165.88211326 20.62 212.261718  66.238411  5.449
 84   101.371 55165.88211390 21.53 212.258468  66.235331  5.449
 84   101.065 55165.88211455 20.77 212.255218  66.232241  5.449
 85   104.094 55200.88213341 18.86 212.276274  66.245167  5.421
 85   104.549 55200.88213405 13.75 212.273014  66.242087  5.421
 86    99.846 55235.88211584 12.23 212.274627  66.256625  5.178
 86   103.174 55235.88211648 13.44 212.271377  66.253545  5.178
 86   103.349 55235.88211713 12.60 212.268117  66.250455  5.178
 86   100.499 55235.88211777 11.91 212.264867  66.247375  5.178
 86   100.739 55235.88211842 12.10 212.261617  66.244295  5.178
 86   102.522 55235.88211906 12.30 212.258367  66.241209  2.933
 86   100.872 55235.88211971 12.39 212.255117  66.238129  2.933
 86   100.820 55235.88212035 12.21 212.251867  66.235039  2.933
 86   101.013 55235.88212100 13.04 212.248617  66.231959  2.933
 87   103.624 55270.88212770 11.50 212.274246  66.246585  5.356
 87   103.540 55270.88212835 10.36 212.270996  66.243505  5.356
 87   103.275 55270.88212899 10.67 212.267740  66.240422  2.683
 87   103.212 55270.88212964 11.36 212.264490  66.237332  2.683
 87   102.073 55270.88213028 11.15 212.261240  66.234252  2.683
 88    99.656 55305.88209689 30.17 212.272160  66.257307 18.992
 88    99.372 55305.88209753 31.71 212.268910  66.254227 18.992
 88    99.374 55305.88209818 28.82 212.265650  66.251147 18.992
 88    99.578 55305.88209882 26.88 212.262400  66.248057 18.992
 88    99.370 55305.88209946 29.71 212.259150  66.244977 18.992
 88    99.001 55305.88210075 27.03 212.252652  66.238805 18.161
 88    99.190 55305.88210140 31.74 212.249402  66.235725 18.161
 89   100.009 55340.88209847 30.64 212.275269  66.246350 24.199
 89    99.834 55340.88209911 31.57 212.272019  66.243270 24.199
 89    99.894 55340.88209975 31.63 212.268759  66.240190 24.199
 90   100.465 55375.88209020 50.51 212.276562  66.252532 34.237
 90   100.412 55375.88209085 53.97 212.273312  66.249442 34.237
 90   100.367 55375.88209149 56.09 212.270062  66.246362 34.237
 90   100.315 55375.88209213 55.70 212.266802  66.243282 34.237
 90   100.272 55375.88209278 51.44 212.263552  66.240197 34.341
 90   100.239 55375.88209342 45.08 212.260302  66.237107 34.341
 90   100.174 55375.88209407 46.28 212.257052  66.234027 34.341
 90   100.076 55375.88209471 49.69 212.253802  66.230947 34.341
 92   100.385 55445.88210646 41.14 212.275558  66.249319 29.688
 92   100.075 55445.88210711 39.65 212.272298  66.246229 29.688
 92   100.043 55445.88210775 42.49 212.269048  66.243149 29.688
 92   100.113 55445.88210840 37.21 212.265798  66.240069 29.688
 92   100.060 55445.88210904 41.13 212.262545  66.236983 37.146
 92   100.001 55445.88210969 44.28 212.259295  66.233893 37.146
 93    98.785 55480.88203820 37.81 212.271619  66.260183 36.933
 93    98.724 55480.88203884 34.42 212.268359  66.257093 36.933
 93    98.755 55480.88203949 34.62 212.265109  66.254013 36.933
 93    98.833 55480.88204013 35.26 212.261859  66.250933 36.933
 93    98.877 55480.88204078 32.83 212.258609  66.247843 36.933
 93    98.369 55480.88204335 43.76 212.245605  66.235512 28.556
