# NaN NaN NaN ;Mean Elev.(m), Avg Gradient(m/km), RMS Gradient(m/km) - SRTM1     
#    1.448  -2.129  12.941 ;Mean Elev.(m), Avg Gradient(m/km), RMS Gradient(m/km) - ASTER GDEM
#    0.584  -3.805   9.370 ;Mean Elev.(m), Avg Gradient(m/km), RMS Gradient(m/km) - GMTED2010 
  7 196.863695  61.905770     6.162     6.169  3 52459.91507746 41.210
  9 196.870363  61.902179     5.793     5.834  3 52529.91505341 23.825
 10 196.872131  61.901156     5.109     5.095  3 52564.91507107 19.630
 11 196.851598  61.908936     2.431     2.425  3 52599.91509880 34.172
 12 196.865249  61.905011     2.693     2.726  4 52634.91505513 27.272
 13 196.859162  61.908328     2.135     2.149  5 52669.91506478 18.584
 14 196.869875  61.903827     2.245     2.248  3 52704.91505343 25.981
 15 196.856497  61.908461     5.716     5.766  5 52739.91508877 19.446
 16 196.853853  61.907029     6.649     6.668  3 52774.91503710 47.730
 17 196.866180  61.904371     7.132     7.076  4 52809.91511096 25.603
 18 196.867738  61.904303     5.761     5.772  4 52844.91516726 21.986
 19 196.860462  61.906281     6.123     6.114  3 52879.91520483 45.367
 20 196.857683  61.908227     5.677     5.653  4 52914.91516227 18.904
 21 196.875541  61.901260     5.002     5.007  3 52949.91512243 14.367
 22 196.866772  61.903590     2.458     2.452  4 52984.91514760 21.043
 23 196.857869  61.908515     2.938     3.045  5 53019.91513799 12.210
 24 196.870337  61.903049     4.311     4.347  4 53054.91512471  8.976
 25 196.845567  61.909476     6.219     6.160  3 53089.91516175  8.864
 26 196.868039  61.904172     3.031     3.031  4 53124.91513221 35.937
 27 196.858804  61.908620     7.779     7.753  5 53159.91519182 38.757
 28 196.863141  61.906065     5.970     5.875  3 53194.91518826 19.055
 29 196.862156  61.905098     5.796     5.934  3 53229.91517763 17.772
 30 196.849007  61.911195     5.655     5.786  4 53264.91514802 18.657
 31 196.858374  61.907673     5.425     5.960  4 53299.91519515 17.860
 32 196.859695  61.906857     2.255     2.252  4 53334.91516551 34.077
 34 196.865162  61.904321     2.791     2.837  3 53404.91513827 16.475
 35 196.852673  61.908896     2.940     3.154  3 53439.91512524 11.182
 36 196.861076  61.906202     2.325     2.105  4 53474.91518784 11.887
 37 196.860754  61.906013     8.292     8.260  4 53509.91520474 23.939
 38 196.853854  61.906835     7.964     7.989  3 53544.91522086 48.003
 39 196.855401  61.908455     6.012     6.026  4 53579.91519830 19.318
 40 196.848129  61.908890     5.099     5.108  4 53614.91515256 36.648
 41 196.866288  61.903714     6.121     6.132  4 53649.91516224 24.843
 42 196.854287  61.907089     4.500     4.078  4 53684.91517341 20.738
 43 196.854428  61.907634     5.165     5.355  3 53719.91509979  8.870
 44 196.875144  61.903114     4.851     4.560  3 53754.91502363  9.462
 45 196.861199  61.905133     5.407     5.335  3 53789.91505369  8.677
 46 196.877332  61.902540     8.134     8.222  3 53824.91500962  8.101
 47 196.861544  61.905714     4.545     4.774  4 53859.91510308 22.716
 48 196.865446  61.904613     8.171     8.170  4 53894.91512079 48.031
 49 196.851821  61.908744     7.426     7.334  4 53929.91517447 15.497
 50 196.851116  61.909401     6.258     6.353  3 53964.91515326 19.503
 51 196.877580  61.902760     5.542     5.550  3 53999.91510909 44.121
 52 196.865957  61.904067     5.997     6.019  4 54034.91515361 18.912
 53 196.861547  61.907279     3.594     2.847  4 54069.91514742 15.086
 54 196.849226  61.908475     4.566     4.543  4 54104.91510230  9.765
 55 196.865379  61.905357     4.325     4.501  4 54139.91507895  8.714
 56 196.853610  61.906965     2.741     2.477  4 54174.91508216 10.023
 57 196.863710  61.905049     5.997     6.021  4 54209.91508557 12.575
 58 196.862084  61.906556     5.200     5.158  3 54244.91511585 50.902
 59 196.860666  61.905122     6.056     6.071  4 54279.91512789 23.478
 60 196.859481  61.905751     5.665     5.655  4 54314.91512731 23.196
 61 196.853693  61.908018     5.992     6.003  4 54349.91509599 16.063
 62 196.865326  61.905741     5.413     5.359  3 54384.91506560 19.374
 63 196.854470  61.907855     3.475     3.464  4 54419.91504577 32.809
 64 196.869231  61.902840     2.941     2.937  3 54454.91503759 20.216
 65 196.858424  61.906887     2.841     2.811  4 54489.91504581 14.452
 66 196.865307  61.904224     2.190     2.184  4 54524.91505043 12.221
 67 196.854632  61.907662     5.128     5.191  3 54559.91505471 11.694
 68 196.860028  61.905463     4.369     4.108  4 54594.91504610 26.048
 69 196.859875  61.906935     7.347     7.343  4 54629.91506023 41.345
 70 196.859573  61.906570     7.401     7.345  4 54664.91506701 20.568
 71 196.854361  61.907652     6.601     6.607  4 54699.91503772 52.249
 72 196.866385  61.903797     6.559     5.741  3 54734.91502595 18.874
 73 196.859151  61.907364     4.402     4.385  4 54769.91501812 36.466
 74 196.865002  61.904507     3.550     3.557  4 54804.91501977 20.115
 75 196.860954  61.906894     3.475     3.480  4 54839.91501256 12.589
 76 196.863097  61.905559     3.828     3.965  4 54874.91502008  9.434
 77 196.851256  61.908165     6.656     6.661  4 54909.91501879 10.209
 78 196.863491  61.904490     3.122     2.896  3 54944.91501274  5.447
 79 196.858802  61.906309     8.460     8.319  4 54979.91503926 25.056
 80 196.859162  61.905594     7.565     7.558  4 55014.91504286 50.484
 81 196.860260  61.905179     5.014     5.004  4 55049.91503665 47.054
 82 196.850534  61.907902     4.719     4.700  4 55084.91500373 35.598
 83 196.867712  61.905081     4.901     4.963  3 55119.91496924 16.866
 84 196.856392  61.908492     2.884     2.804  5 55154.91496313 21.292
 85 196.865612  61.904366     2.778     2.757  3 55189.91495860 29.536
 86 196.857896  61.908243     2.374     2.390  4 55224.91496299 20.122
 87 196.862036  61.905462     3.324     3.302  4 55259.91495446 12.140
 88 196.853519  61.908040     1.993     2.003  4 55294.91494910 11.340
 89 196.859557  61.907575     4.445     4.455  4 55329.91493562 42.288
 90 196.857397  61.907954     7.752     7.817  5 55364.91492984 17.066
 91 196.865713  61.903927     7.258     7.697  3 55399.91494140 18.397
 92 196.861251  61.907279     6.809     6.777  4 55434.91494630 28.643
 93 196.850791  61.908495     5.851     5.915  4 55469.91490071 15.551
