# NaN NaN NaN ;Mean Elev.(m), Avg Gradient(m/km), RMS Gradient(m/km) - SRTM1     
#  112.910 -32.200  89.182 ;Mean Elev.(m), Avg Gradient(m/km), RMS Gradient(m/km) - ASTER GDEM
#   69.493 -31.651  90.851 ;Mean Elev.(m), Avg Gradient(m/km), RMS Gradient(m/km) - GMTED2010 
  6 208.320162  65.189146    65.737    65.737  2 52441.89047947 38.575
  7 208.323764  65.187912    64.562    64.562  2 52476.89047560 33.934
  8 208.327115  65.188112    67.237    67.237  2 52511.89042277 41.444
  9 208.338002  65.185572    66.395    66.395  2 52546.89045322 41.080
 11 208.315002  65.189912    65.012    64.749  3 52616.89043885 17.203
 12 208.339369  65.185851    61.694    61.694  2 52651.89041454 11.585
 13 208.323385  65.189612    66.537    66.537  2 52686.89040851  4.790
 14 208.327688  65.186087    60.868    60.868  2 52721.89045737  4.359
 15 208.310467  65.190792    63.821    64.171  3 52756.89047975 24.139
 19 208.322416  65.187669    62.728    62.728  2 52896.89057461 23.939
 20 208.313329  65.190115    62.925    62.925  2 52931.89052160  7.604
 21 208.339213  65.185283    65.613    65.613  2 52966.89052278 13.435
 22 208.318944  65.187320    61.721    61.721  2 53001.89055065  5.808
 23 208.314697  65.190102    61.295    61.145  3 53036.89049928  4.174
 24 208.326810  65.187606    61.082    61.082  2 53071.89052310  3.824
 25 208.310222  65.189853    59.867    59.867  2 53106.89050037 21.609
 26 208.333418  65.185582    67.790    67.790  2 53141.89053121 40.591
 27 208.330543  65.187368    65.364    65.364  2 53176.89055752 45.353
 28 208.326137  65.188906    66.162    66.162  2 53211.89057707 41.458
 29 208.322479  65.188224    64.081    64.081  2 53246.89054579  6.384
 31 208.333619  65.186999    65.708    65.708  2 53316.89054041 23.848
 32 208.325205  65.187056    63.752    63.752  2 53351.89050625  9.115
 33 208.338118  65.185497    63.054    63.054  2 53386.89049510  4.592
 34 208.333766  65.187104    60.403    60.403  2 53421.89049725  3.947
 36 208.324289  65.188204    65.589    65.589  2 53491.89058785 18.945
 37 208.331280  65.186030    69.494    69.494  2 53526.89056902 43.357
 38 208.317894  65.188913    65.963    65.915  3 53561.89059782  3.631
 39 208.323680  65.187520    64.895    64.895  2 53596.89053723  4.949
 42 208.326483  65.187347    60.714    60.714  2 53701.89050285 20.537
 43 208.317525  65.190328    61.306    61.306  2 53736.89041256 12.169
 44 208.337068  65.185559    59.817    59.817  2 53771.89042027  7.463
 45 208.320357  65.187207    61.949    61.949  2 53806.89041024  2.083
 47 208.333802  65.185269    97.890    97.890  2 53876.89047840  6.389
 48 208.324673  65.186614    66.275    66.275  2 53911.89052864  5.676
 49 208.317669  65.189151    64.105    64.105  2 53946.89054499 23.377
 50 208.317353  65.187711    63.512    63.512  2 53981.89048916 31.525
 52 208.337089  65.186362    59.122    59.122  2 54051.89051095 45.936
 53 208.325488  65.189257    60.923    60.923  2 54086.89050274 18.689
 54 208.310189  65.191364    60.831    60.831  2 54121.89042731 12.019
 58 208.329759  65.186283    90.121    90.121  2 54261.89049459  6.600
 59 208.326673  65.186428    63.125    63.125  2 54296.89049943 30.882
 60 208.323350  65.187088    83.258    83.258  2 54331.89049028  3.508
 61 208.315738  65.189067    72.974    72.379  3 54366.89043218  3.490
 63 208.319594  65.189442    61.821    61.821  2 54436.89038978 15.497
 64 208.336485  65.186647    62.063    62.063  2 54471.89041736  9.647
 65 208.317228  65.188659    61.686    61.686  2 54506.89040201  6.376
 67 208.317530  65.189949    90.020    90.020  2 54576.89040354  3.197
 68 208.326842  65.185937    66.987    66.987  2 54611.89042362  9.664
 69 208.327033  65.186779    67.588    67.588  2 54646.89043075 41.468
 71 208.317927  65.190185    65.151    65.151  2 54716.89037982  4.975
 72 208.333010  65.187847    64.015    64.015  2 54751.89040310  4.265
 73 208.321264  65.189939    65.620    65.620  2 54786.89036987 10.997
 74 208.334398  65.187096    63.422    63.422  2 54821.89039701  6.637
 75 208.320022  65.186914    67.527    67.527  2 54856.89036641  4.011
 79 208.324954  65.187527    79.077    79.077  2 54996.89042036  3.777
 81 208.324082  65.188772    63.964    63.964  2 55066.89039890  6.792
 82 208.312826  65.189703    66.462    66.462  2 55101.89033962 13.511
 84 208.318598  65.188249    63.175    63.175  2 55171.89030742  8.004
 85 208.332154  65.186781    61.113    61.113  2 55206.89033918  6.721
 86 208.315520  65.188931    62.920    62.920  2 55241.89031270  4.516
 88 208.317146  65.188329    65.459    65.459  2 55311.89029739 10.279
 89 208.326515  65.187371    63.955    63.955  2 55346.89030280 36.600
 90 208.323217  65.188377    63.193    63.193  2 55381.89029452 47.676
 91 208.332717  65.185618    66.151    66.151  2 55416.89032212 41.554
 92 208.321904  65.188677    63.836    63.836  2 55451.89030473 30.702
