# NaN NaN NaN ;Mean Elev.(m), Avg Gradient(m/km), RMS Gradient(m/km) - SRTM1     
#    7.940  -0.206   7.904 ;Mean Elev.(m), Avg Gradient(m/km), RMS Gradient(m/km) - ASTER GDEM
#    2.319  -1.032   4.061 ;Mean Elev.(m), Avg Gradient(m/km), RMS Gradient(m/km) - GMTED2010 
  7     6.314 52460.32378264 28.28 197.172731  61.945080 14.633
  7     6.057 52460.32378329 26.17 197.170281  61.948230 14.633
  7     6.076 52460.32378393 25.14 197.167831  61.951380 14.633
  7     6.345 52460.32378458 23.31 197.165381  61.954530 14.633
  7     6.363 52460.32378522 22.22 197.162931  61.957680 14.633
  7     6.941 52460.32378587 31.30 197.160481  61.960830 14.633
  9     6.575 52530.32376310 15.76 197.151141  61.949523 23.325
  9     6.628 52530.32376375 17.03 197.148691  61.952673 23.325
  9     6.676 52530.32376439 24.23 197.146241  61.955823 23.325
 11     3.283 52600.32380502 32.06 197.166632  61.947557 11.483
 11     3.163 52600.32380566 33.15 197.164182  61.950707 11.483
 11     3.248 52600.32380631 33.23 197.161732  61.953857 11.483
 11     3.265 52600.32380695 28.93 197.159282  61.957007 11.483
 11     3.164 52600.32380760 25.72 197.156832  61.960157 11.483
 12     3.151 52635.32376386 24.48 197.155323  61.949250  5.637
 12     3.194 52635.32376450 24.33 197.152863  61.952390  5.637
 12     3.182 52635.32376515 23.59 197.150413  61.955540  5.637
 13     4.182 52670.32377189 17.24 197.167756  61.946882  4.033
 13     4.598 52670.32377254 15.97 197.165306  61.950032  4.033
 13     2.771 52670.32377318 16.36 197.162854  61.953180  2.666
 13     3.667 52670.32377383 14.00 197.160404  61.956330  2.666
 13     2.720 52670.32377447 13.31 197.157954  61.959480  2.666
 14     2.686 52705.32376312 28.40 197.162312  61.948100 10.983
 14     2.794 52705.32376377 29.53 197.159852  61.951250 10.983
 14     2.747 52705.32376441 31.65 197.157402  61.954400 10.983
 14     2.766 52705.32376506 29.14 197.154952  61.957550 10.983
 15     2.268 52740.32379717 21.49 197.171200  61.945529 10.285
 15     2.363 52740.32379782 22.75 197.168750  61.948669 10.285
 15     2.217 52740.32379846 23.98 197.166300  61.951819 10.285
 15     2.303 52740.32379911 27.18 197.163850  61.954969 10.285
 15     2.411 52740.32379975 27.62 197.161400  61.958119 10.285
 16     7.607 52775.32374035 46.39 197.198533  61.928592 39.779
 16     7.582 52775.32374099 48.47 197.196093  61.931742 39.779
 16     7.568 52775.32374163 47.37 197.193643  61.934892 39.779
 16     7.561 52775.32374228 47.58 197.191193  61.938042 39.779
 16     7.572 52775.32374292 47.83 197.188753  61.941192 39.779
 16     7.581 52775.32374357 47.29 197.186303  61.944342 39.779
 16     7.603 52775.32374421 49.13 197.183853  61.947492 39.779
 16     7.624 52775.32374486 46.26 197.181403  61.950642 39.779
 16     7.645 52775.32374550 45.29 197.178953  61.953792 39.779
 16     7.604 52775.32374615 37.12 197.176506  61.956943 15.485
 16     7.599 52775.32374679 49.89 197.174056  61.960093 15.485
 17     7.860 52810.32382033 37.80 197.152513  61.950488 21.453
 17     7.483 52810.32382097 35.99 197.150063  61.953638 21.453
 18     6.529 52845.32387598 50.11 197.156117  61.949241 21.612
 18     6.452 52845.32387663 40.36 197.153667  61.952381 21.612
 18     6.172 52845.32387727 27.83 197.151207  61.955531 21.612
 19     6.802 52880.32391323 38.57 197.162453  61.948860 14.383
 19     6.685 52880.32391388 34.61 197.160003  61.952010 14.383
 19     6.650 52880.32391452 29.82 197.157553  61.955150 14.383
 19     6.931 52880.32391517 42.76 197.155103  61.958300 14.383
 20     6.227 52915.32386712 21.25 197.190757  61.933405 16.316
 20     6.304 52915.32386777 23.28 197.188307  61.936555 16.316
 20     6.239 52915.32386841 25.00 197.185867  61.939705 16.316
 20     6.234 52915.32386906 26.44 197.183417  61.942855 16.316
 20     6.308 52915.32386970 27.67 197.180967  61.946005 16.316
 20     6.330 52915.32387035 27.50 197.178524  61.949147 16.721
 20     6.353 52915.32387099 27.67 197.176074  61.952297 16.721
 20     6.491 52915.32387164 27.76 197.173624  61.955447 16.721
 20     5.832 52915.32387228 37.27 197.171174  61.958597 16.721
 20     5.850 52915.32387293 44.62 197.168724  61.961747 16.721
 22     2.997 52985.32385246 21.94 197.174460  61.943298  5.930
 22     2.994 52985.32385310 22.04 197.172000  61.946448  5.930
 22     2.970 52985.32385375 22.56 197.169560  61.949598  5.930
 22     3.043 52985.32385439 21.95 197.167110  61.952748  5.930
 22     3.104 52985.32385504 21.80 197.164650  61.955888  5.930
 22     2.973 52985.32385568 20.96 197.162200  61.959043  3.446
 23     5.824 53020.32384189  8.65 197.183726  61.937530  3.160
 23     5.790 53020.32384253  8.75 197.181276  61.940680  3.160
 23     5.687 53020.32384318  9.93 197.178836  61.943830  3.160
 23     5.474 53020.32384382  9.28 197.176386  61.946980  3.160
 23     5.750 53020.32384446  8.87 197.173936  61.950130  3.160
 23     5.825 53020.32384511  8.78 197.171486  61.953280  3.160
 23     6.217 53020.32384575  7.73 197.169036  61.956430  3.160
 23     6.235 53020.32384640  7.34 197.166586  61.959580  3.160
 24     5.624 53055.32383150  6.46 197.164986  61.948505  2.628
 24     5.775 53055.32383215  6.05 197.162526  61.951645  2.628
 24     5.954 53055.32383279  5.42 197.160077  61.954800  1.856
 24     5.912 53055.32383344  5.04 197.157627  61.957950  1.856
 25     7.437 53090.32386887  7.20 197.168291  61.948192  2.329
 25     6.251 53090.32386951  7.01 197.165841  61.951342  2.329
 25     6.457 53090.32387016  6.88 197.163396  61.954492  1.947
 25     8.941 53090.32387080  5.87 197.160946  61.957642  1.947
 26     3.600 53125.32383965 35.02 197.160429  61.948661 27.892
 26     3.443 53125.32384030 33.25 197.157976  61.951806 10.423
 26     3.513 53125.32384094 31.35 197.155526  61.954956 10.423
 26     3.597 53125.32384159 41.23 197.153076  61.958106 10.423
 27     8.550 53160.32390087 43.73 197.156542  61.950167 13.516
 27     8.461 53160.32390151 38.01 197.154092  61.953317 13.516
 27     8.514 53160.32390216 35.56 197.151632  61.956457 13.516
 28     5.880 53195.32389603 18.83 197.172589  61.944950 13.815
 28     6.029 53195.32389667 19.65 197.170139  61.948090 13.815
 28     6.242 53195.32389732 19.15 197.167689  61.951240 13.815
 28     6.306 53195.32389796 21.07 197.165239  61.954390 13.815
 28     6.543 53195.32389860 20.99 197.162789  61.957540 13.815
 28     6.964 53195.32389925 33.00 197.160339  61.960690 13.815
 29     5.944 53230.32388153 24.19 197.183899  61.937115 12.402
 29     5.577 53230.32388217 25.52 197.181449  61.940265 12.402
 29     5.486 53230.32388282 28.36 197.178999  61.943415 12.402
 29     5.494 53230.32388346 27.93 197.176549  61.946565 12.402
 29     5.864 53230.32388411 26.26 197.174099  61.949715 12.402
 29     6.164 53230.32388475 26.02 197.171649  61.952865 12.402
 29     6.334 53230.32388540 26.17 197.169199  61.956015 12.402
 29     6.399 53230.32388604 25.08 197.166743  61.959162 10.452
 30     5.789 53265.32385159 18.23 197.190058  61.934356 10.205
 30     5.863 53265.32385223 19.92 197.187618  61.937506 10.205
 30     5.623 53265.32385288 22.18 197.185168  61.940656 10.205
 30     5.044 53265.32385352 24.64 197.182718  61.943806 10.205
 30     5.452 53265.32385417 24.06 197.180268  61.946956 10.205
 30     5.861 53265.32385481 23.07 197.177818  61.950106 10.205
 30     5.891 53265.32385546 23.46 197.175378  61.953256 10.205
 30     5.956 53265.32385610 21.78 197.172928  61.956406 10.205
 30     4.520 53265.32385675 29.95 197.170478  61.959556 10.205
 31     4.173 53300.32390282 21.10 197.149705  61.950075 12.836
 31     4.430 53300.32390347 21.26 197.147255  61.953225 12.836
 32     2.714 53335.32387237 30.24 197.170336  61.945457  9.486
 32     2.749 53335.32387302 35.27 197.167886  61.948607  9.486
 32     2.625 53335.32387366 32.51 197.165436  61.951757  9.486
 32     2.647 53335.32387431 30.81 197.162986  61.954907  9.486
 32     2.652 53335.32387495 29.51 197.160536  61.958057  9.486
 33     6.987 53370.32380778 14.14 197.195804  61.930717  3.415
 33     6.929 53370.32380842 13.27 197.193364  61.933867  3.415
 33     6.499 53370.32380906 14.44 197.190914  61.937017  3.415
 33     6.395 53370.32380971 14.89 197.188464  61.940167  3.415
 33     5.653 53370.32381035 16.66 197.186020  61.943312  3.630
 33     4.936 53370.32381100 16.87 197.183570  61.946462  3.630
 33     6.206 53370.32381164 15.49 197.181120  61.949612  3.630
 33     6.092 53370.32381229 14.46 197.178680  61.952762  3.630
 33     5.952 53370.32381293 13.84 197.176230  61.955912  3.630
 33     6.222 53370.32381358 12.91 197.173780  61.959062  3.630
 33     6.318 53370.32381422 11.38 197.171330  61.962212  3.630
 35     8.563 53440.32382934  7.50 197.189467  61.934175  2.119
 35     7.691 53440.32382999  7.90 197.187027  61.937325  2.119
 35     7.008 53440.32383063  8.18 197.184576  61.940470  2.465
 35     7.137 53440.32383128  8.41 197.182126  61.943620  2.465
 35     7.362 53440.32383192  8.17 197.179676  61.946770  2.465
 35     7.702 53440.32383257  7.66 197.177226  61.949920  2.465
 35     8.086 53440.32383321  7.65 197.174786  61.953070  2.465
 35     7.252 53440.32383386  7.78 197.172336  61.956220  2.465
 35     8.977 53440.32383450  6.77 197.169886  61.959370  2.465
 36     5.184 53475.32389711  6.93 197.155418  61.950080  2.843
 36     5.624 53475.32389776  5.64 197.152968  61.953230  2.843
 36     5.280 53475.32389840  6.56 197.150518  61.956380  2.843
 37     8.236 53510.32391232 24.56 197.166416  61.947504 15.827
 37     8.652 53510.32391296 22.64 197.163966  61.950654 15.827
 37     8.893 53510.32391361 25.31 197.161516  61.953804 15.827
 37     9.303 53510.32391425 26.66 197.159066  61.956954 15.827
 37     9.572 53510.32391490 32.01 197.156616  61.960104 15.827
 38     8.575 53545.32392905 26.68 197.165530  61.948329 13.635
 38     8.337 53545.32392970 19.31 197.163080  61.951479 13.635
 38     8.333 53545.32393034 18.04 197.160630  61.954629 13.635
 38     8.752 53545.32393099 21.09 197.158180  61.957779 13.635
 40     5.570 53615.32385693 19.23 197.185121  61.936259 20.707
 40     5.467 53615.32385757 21.14 197.182675  61.939405 13.255
 40     5.070 53615.32385822 24.09 197.180225  61.942555 13.255
 40     5.237 53615.32385886 23.77 197.177775  61.945705 13.255
 40     5.569 53615.32385951 23.52 197.175325  61.948855 13.255
 40     6.114 53615.32386015 23.55 197.172885  61.952005 13.255
 40     6.323 53615.32386080 23.18 197.170435  61.955155 13.255
 40     6.353 53615.32386144 23.02 197.167985  61.958305 13.255
 40     5.772 53615.32386209 30.49 197.165535  61.961455 13.255
 41     6.573 53650.32387093 19.72 197.161251  61.950756 15.825
 41     6.770 53650.32387157 23.42 197.158791  61.953906 15.825
 41     7.138 53650.32387222 35.32 197.156341  61.957056 15.825
 42     4.773 53685.32388028 29.85 197.163850  61.948280  9.641
 42     4.891 53685.32388093 30.66 197.161400  61.951430  9.641
 42     4.811 53685.32388157 29.40 197.158950  61.954580  9.641
 42     4.881 53685.32388222 29.50 197.156500  61.957730  9.641
 43     6.848 53720.32380283 10.34 197.193448  61.932169  2.504
 43     6.479 53720.32380348  9.94 197.190998  61.935319  2.504
 43     6.161 53720.32380412  9.37 197.188548  61.938469  2.504
 43     6.004 53720.32380477  9.86 197.186103  61.941623  2.861
 43     5.811 53720.32380541 10.07 197.183653  61.944763  2.861
 43     5.760 53720.32380606 10.26 197.181213  61.947913  2.861
 43     5.390 53720.32380670 10.54 197.178763  61.951063  2.861
 43     5.720 53720.32380735 10.10 197.176313  61.954213  2.861
 43     5.121 53720.32380799  9.81 197.173863  61.957363  2.861
 43     4.251 53720.32380864  9.66 197.171413  61.960513  2.861
 44     5.685 53755.32373198 10.19 197.164638  61.949683  2.505
 44     5.780 53755.32373262  9.15 197.162188  61.952823  2.505
 44     5.979 53755.32373327  9.05 197.159728  61.955973  2.505
 44     5.846 53755.32373391  8.31 197.157278  61.959123  2.505
 45     7.785 53790.32375886  9.64 197.180944  61.939610  3.503
 45     7.400 53790.32375951 10.29 197.178494  61.942760  3.503
 45     6.237 53790.32376015 11.61 197.176044  61.945900  3.503
 45     6.558 53790.32376079  9.77 197.173594  61.949050  3.503
 45     5.978 53790.32376144 10.08 197.171144  61.952200  3.503
 45     5.818 53790.32376208 10.29 197.168694  61.955350  3.503
 45     5.620 53790.32376273  9.45 197.166244  61.958500  3.503
 46     5.155 53825.32371784  4.26 197.158152  61.948988  2.757
 46     5.701 53825.32371849  3.32 197.155692  61.952138  2.757
 46     5.786 53825.32371913  2.98 197.153242  61.955288  2.757
 47     3.773 53860.32381149 15.16 197.157560  61.949391  9.973
 47     5.346 53860.32381214 14.05 197.155110  61.952531  9.973
 47     3.957 53860.32381278 17.58 197.152660  61.955681  9.973
 49     8.469 53930.32388284 20.05 197.157997  61.948046 16.514
 49     7.302 53930.32388349 20.05 197.155547  61.951196 16.514
 49     7.769 53930.32388413 17.79 197.153097  61.954346 16.514
 49     7.983 53930.32388478 23.60 197.150647  61.957496 16.514
 50     5.577 53965.32386060 26.91 197.165459  61.948525 12.928
 50     5.782 53965.32386124 26.50 197.163009  61.951675 12.928
 50     5.884 53965.32386189 26.05 197.160559  61.954825 12.928
 50     6.028 53965.32386253 25.97 197.158109  61.957975 12.928
 51     4.735 54000.32381851 24.45 197.151453  61.950292 15.525
 51     5.875 54000.32381916 24.42 197.149003  61.953442 15.525
 52     5.789 54035.32386105 53.54 197.164877  61.949091 18.085
 52     5.471 54035.32386169 41.32 197.162427  61.952241 18.085
 52     5.457 54035.32386234 24.95 197.159977  61.955391 18.085
 52     5.535 54035.32386298 25.68 197.157527  61.958541 18.085
 53     8.166 54070.32385404  8.60 197.172960  61.944418  2.705
 53     7.813 54070.32385468  7.78 197.170510  61.947568  2.705
 53     7.184 54070.32385533  8.39 197.168060  61.950718  2.705
 53     6.323 54070.32385597  7.33 197.165610  61.953858  2.705
 53     4.042 54070.32385662  8.63 197.163160  61.957008  2.705
 53     4.446 54070.32385726  7.42 197.160700  61.960158  2.705
 54     7.240 54105.32380609  6.57 197.188709  61.935870  2.480
 54     6.792 54105.32380673  6.22 197.186259  61.939020  2.480
 54     6.620 54105.32380738  6.56 197.183809  61.942170  2.480
 54     6.189 54105.32380802  7.17 197.181358  61.945314  2.240
 54     6.908 54105.32380867  6.29 197.178918  61.948464  2.240
 54     6.700 54105.32380931  6.29 197.176468  61.951614  2.240
 54     6.085 54105.32380996  7.25 197.174018  61.954764  2.240
 54     6.621 54105.32381060  5.34 197.171568  61.957914  2.240
 54     6.764 54105.32381125  4.58 197.169118  61.961064  2.240
 55     6.576 54140.32378752  7.83 197.159995  61.949451  3.030
 55     6.092 54140.32378817  6.32 197.157545  61.952601  3.030
 55     6.075 54140.32378881  5.46 197.155095  61.955751  3.030
 56     6.291 54175.32378762  7.11 197.178171  61.942334  2.565
 56     6.575 54175.32378827  7.67 197.175721  61.945484  2.565
 56     7.049 54175.32378891  6.54 197.173271  61.948634  2.565
 56     6.865 54175.32378956  6.61 197.170831  61.951784  2.565
 56     6.583 54175.32379020  6.69 197.168381  61.954934  2.565
 56     6.101 54175.32379085  5.67 197.165931  61.958084  2.565
 56     5.863 54175.32379149  5.59 197.163481  61.961224  2.565
 57     7.286 54210.32379398 10.38 197.160092  61.948876  4.270
 57     6.259 54210.32379463 10.24 197.157642  61.952026  4.270
 57     5.634 54210.32379527 10.24 197.155192  61.955176  4.270
 57     4.837 54210.32379592  9.73 197.152742  61.958316  4.270
 58     5.456 54245.32382456 38.34 197.164651  61.949603 18.099
 58     5.514 54245.32382521 37.44 197.162201  61.952753 18.099
 58     5.536 54245.32382585 41.77 197.159751  61.955903 18.099
 58     5.534 54245.32382650 51.11 197.157301  61.959043 18.099
 59     6.802 54280.32383518 51.33 197.167664  61.947019 24.692
 59     6.797 54280.32383582 50.48 197.165214  61.950169 24.692
 59     6.801 54280.32383647 44.47 197.162764  61.953319 24.692
 59     6.782 54280.32383711 30.90 197.160314  61.956469 24.692
 59     6.798 54280.32383775 39.84 197.157854  61.959609 24.692
 60     5.829 54315.32383381 25.61 197.174043  61.945160 15.989
 60     5.842 54315.32383446 25.60 197.171593  61.948310 15.989
 60     6.028 54315.32383510 26.09 197.169143  61.951460 15.989
 60     6.225 54315.32383575 24.97 197.166693  61.954610 15.989
 60     6.248 54315.32383639 22.98 197.164243  61.957760 15.989
 60     6.555 54315.32383704 31.26 197.161783  61.960910 15.989
 61     6.323 54350.32380048 19.69 197.184977  61.936888  8.838
 61     6.138 54350.32380112 21.81 197.182537  61.940038  8.838
 61     6.233 54350.32380176 21.30 197.180087  61.943188  8.838
 61     6.114 54350.32380241 23.07 197.177637  61.946338  8.838
 61     6.175 54350.32380305 23.57 197.175187  61.949488  8.838
 61     6.287 54350.32380370 23.92 197.172737  61.952638  8.838
 61     6.388 54350.32380434 24.58 197.170287  61.955788  8.838
 61     6.385 54350.32380499 24.67 197.167837  61.958928  8.838
 62     5.510 54385.32377344 17.74 197.163757  61.949183 15.528
 62     5.552 54385.32377408 17.24 197.161307  61.952333 15.528
 62     5.707 54385.32377472 17.95 197.158857  61.955483 15.528
 62     5.774 54385.32377537 21.91 197.156397  61.958633 15.528
 63     4.125 54420.32375101 32.25 197.179021  61.941213 13.955
 63     4.035 54420.32375166 34.19 197.176571  61.944363 13.955
 63     3.931 54420.32375230 33.21 197.174121  61.947513 13.955
 63     3.838 54420.32375295 30.85 197.171671  61.950663 13.955
 63     3.913 54420.32375359 31.22 197.169221  61.953813 13.955
 63     3.984 54420.32375424 30.07 197.166781  61.956963 13.955
 63     3.832 54420.32375488 26.06 197.164321  61.960103 13.955
 64     3.431 54455.32374579 19.23 197.155807  61.950218  5.616
 64     3.334 54455.32374643 20.63 197.153357  61.953358  5.616
 64     3.183 54455.32374708 18.76 197.150897  61.956508  5.616
 65     2.980 54490.32375187 13.40 197.176449  61.943086  6.483
 65     3.102 54490.32375251 13.59 197.173999  61.946236  6.483
 65     3.334 54490.32375316 13.53 197.171549  61.949386  6.483
 65     3.532 54490.32375380 21.38 197.169099  61.952536  6.483
 65     3.468 54490.32375445 33.43 197.166649  61.955686  6.483
 65     3.314 54490.32375509 17.20 197.164199  61.958836  6.483
 66     2.587 54525.32375852 10.93 197.162736  61.950454  3.299
 66     4.486 54525.32375916  8.72 197.160286  61.953604  3.299
 66     1.353 54525.32375981 11.31 197.157836  61.956754  3.299
 67     6.217 54560.32375990  8.87 197.181478  61.938724  2.894
 67     6.268 54560.32376054  8.29 197.179028  61.941874  2.894
 67     6.392 54560.32376119  8.28 197.176578  61.945024  2.894
 67     6.749 54560.32376183  7.09 197.174134  61.948166  1.986
 67     6.706 54560.32376248  6.36 197.171684  61.951316  1.986
 67     6.800 54560.32376312  4.85 197.169234  61.954466  1.986
 67     6.769 54560.32376377  4.32 197.166784  61.957616  1.986
 67     9.219 54560.32376441  2.99 197.164334  61.960766  1.986
 68     3.164 54595.32375419 32.22 197.166593  61.948554 15.011
 68     3.283 54595.32375483 36.78 197.164143  61.951704 15.011
 68     3.284 54595.32375548 40.20 197.161693  61.954854 15.011
 68     3.188 54595.32375612 38.85 197.159243  61.958004 15.011
 69     8.751 54630.32376768 16.89 197.168331  61.946401 11.012
 69     8.619 54630.32376832 16.46 197.165881  61.949551 11.012
 69     7.943 54630.32376897 16.18 197.163431  61.952701 11.012
 69     7.914 54630.32376961 16.91 197.160981  61.955851 11.012
 69     8.096 54630.32377025 28.94 197.158531  61.959001 11.012
 70     6.028 54665.32377510 20.82 197.163475  61.950280  7.914
 70     6.282 54665.32377575 20.53 197.161025  61.953430  7.914
 70     6.331 54665.32377639 20.23 197.158575  61.956580  7.914
 70     6.517 54665.32377704 23.13 197.156125  61.959730  7.914
 71     7.462 54700.32374194 21.14 197.187766  61.935725 10.056
 71     7.464 54700.32374259 20.37 197.185316  61.938875 10.056
 71     7.531 54700.32374323 20.12 197.182866  61.942025 10.056
 71     7.205 54700.32374387 20.20 197.180426  61.945175 10.056
 71     6.826 54700.32374452 21.53 197.177976  61.948325 10.056
 71     6.767 54700.32374516 23.54 197.175527  61.951478 11.176
 71     6.865 54700.32374581 24.24 197.173077  61.954618 11.176
 71     7.056 54700.32374645 26.41 197.170627  61.957768 11.176
 71     7.169 54700.32374710 27.53 197.168177  61.960918 11.176
 72     5.394 54735.32373436 20.30 197.157231  61.950896 15.019
 72     5.572 54735.32373501 20.51 197.154781  61.954046 15.019
 72     5.702 54735.32373565 32.62 197.152331  61.957196 15.019
 73     4.595 54770.32372363 36.53 197.176234  61.942638 13.528
 73     4.699 54770.32372428 37.64 197.173784  61.945788 13.528
 73     4.722 54770.32372492 38.12 197.171340  61.948936  9.757
 73     4.677 54770.32372557 36.33 197.168890  61.952086  9.757
 73     4.794 54770.32372621 35.02 197.166440  61.955236  9.757
 73     4.725 54770.32372685 35.48 197.163990  61.958376  9.757
 74     3.816 54805.32372779 16.87 197.157727  61.949314  4.055
 74     3.817 54805.32372843 17.84 197.155277  61.952464  4.055
 74     3.916 54805.32372908 16.64 197.152827  61.955614  4.055
 75     3.824 54840.32371937 14.27 197.171016  61.945079  3.146
 75     4.539 54840.32372001 13.88 197.168566  61.948229  3.009
 75     4.582 54840.32372066 12.74 197.166116  61.951369  3.009
 75     4.264 54840.32372130 12.89 197.163666  61.954519  3.009
 75     4.117 54840.32372194 11.70 197.161216  61.957669  3.009
 76     5.456 54875.32372817  9.15 197.162274  61.948558  2.604
 76     5.730 54875.32372881  8.90 197.159824  61.951708  2.604
 76     5.815 54875.32372946  8.53 197.157364  61.954858  2.604
 76     8.978 54875.32373010  6.96 197.154914  61.958008  2.604
 77     8.989 54910.32372366  9.53 197.181839  61.939043  2.371
 77     8.732 54910.32372430  9.23 197.179389  61.942193  2.371
 77     8.117 54910.32372494  9.36 197.176939  61.945343  2.371
 77     8.195 54910.32372559  8.77 197.174491  61.948494  1.940
 77     7.914 54910.32372623  8.88 197.172041  61.951644  1.940
 77     8.860 54910.32372688  8.45 197.169591  61.954784  1.940
 77     9.425 54910.32372752  7.95 197.167151  61.957934  1.940
 77     9.747 54910.32372817  6.93 197.164691  61.961084  1.940
 78     6.308 54945.32372116  4.51 197.159849  61.948349  2.913
 78     6.177 54945.32372180  3.29 197.157399  61.951499  2.913
 78     6.029 54945.32372244  4.00 197.154949  61.954649  2.913
 78     6.108 54945.32372309  2.03 197.152499  61.957799  2.913
 79     8.362 54980.32374735 27.77 197.166962  61.948043 16.087
 79     8.887 54980.32374800 25.02 197.164512  61.951193 16.087
 79     9.268 54980.32374864 25.54 197.162062  61.954343 16.087
 79     9.533 54980.32374929 28.68 197.159602  61.957493 16.087
 80     8.191 55015.32374966 43.88 197.168531  61.947218 15.010
 80     8.103 55015.32375031 30.83 197.166081  61.950358 15.010
 80     7.846 55015.32375095 25.76 197.163631  61.953508 15.010
 80     8.098 55015.32375160 22.63 197.161181  61.956658 15.010
 80     8.376 55015.32375224 35.90 197.158731  61.959808 15.010
 81     5.123 55050.32374346 23.55 197.171260  61.945263 12.633
 81     5.756 55050.32374410 23.63 197.168810  61.948413 12.633
 81     6.020 55050.32374475 24.72 197.166360  61.951553 12.633
 81     6.400 55050.32374539 22.84 197.163910  61.954703 12.633
 81     6.362 55050.32374604 23.45 197.161460  61.957853 12.633
 82     8.447 55085.32370788 19.07 197.187890  61.936073 16.270
 82     5.551 55085.32370853 21.58 197.185450  61.939223 16.270
 82     5.598 55085.32370917 22.20 197.183000  61.942373 16.270
 82     5.394 55085.32370981 24.84 197.180550  61.945523 16.270
 82     5.538 55085.32371046 26.59 197.178100  61.948673 16.270
 82     6.271 55085.32371110 23.73 197.175660  61.951823 16.270
 82     6.812 55085.32371175 22.59 197.173207  61.954967 12.257
 82     6.790 55085.32371239 21.69 197.170757  61.958117 12.257
 82     5.438 55085.32371304 29.55 197.168307  61.961267 12.257
 83     5.795 55120.32367766 21.88 197.159991  61.951140 10.047
 83     6.025 55120.32367830 22.88 197.157541  61.954280 10.047
 83     6.003 55120.32367895 22.34 197.155091  61.957430 10.047
 84     3.117 55155.32366897 18.64 197.175693  61.942651  4.728
 84     3.191 55155.32366961 19.35 197.173243  61.945801  4.728
 84     3.478 55155.32367026 18.24 197.170793  61.948950  3.320
 84     3.668 55155.32367090 17.96 197.168343  61.952100  3.320
 84     3.593 55155.32367155 19.59 197.165893  61.955250  3.320
 84     3.632 55155.32367219 17.17 197.163443  61.958390  3.320
 85     3.270 55190.32366702 31.42 197.157503  61.950050  8.643
 85     3.377 55190.32366767 31.60 197.155053  61.953200  8.643
 85     3.378 55190.32366831 30.83 197.152603  61.956350  8.643
 86     5.176 55225.32366980 18.96 197.172120  61.946236  3.859
 86     5.072 55225.32367044 19.95 197.169675  61.949385  3.508
 86     3.024 55225.32367109 19.44 197.167225  61.952535  3.508
 86     3.012 55225.32367173 20.08 197.164775  61.955675  3.508
 86     3.011 55225.32367238 17.48 197.162325  61.958825  3.508
 87     5.646 55260.32366191 11.09 197.167185  61.947502  2.171
 87     5.512 55260.32366256 11.28 197.164735  61.950652  2.171
 87     5.834 55260.32366320 10.16 197.162285  61.953802  2.171
 87     6.036 55260.32366385  9.45 197.159835  61.956952  2.171
 87     5.189 55260.32366449  8.72 197.157375  61.960102  2.171
 88     8.000 55295.32365390 10.46 197.183850  61.937459  2.582
 88     6.098 55295.32365455 10.25 197.181400  61.940609  2.582
 88     6.339 55295.32365519 10.11 197.178950  61.943759  2.582
 88     6.515 55295.32365583  9.64 197.176500  61.946909  2.582
 88     6.295 55295.32365648 10.09 197.174050  61.950059  2.582
 88     6.240 55295.32365712 10.66 197.171600  61.953209  2.582
 88     6.356 55295.32365777  9.96 197.169150  61.956349  2.582
 88     6.645 55295.32365841  8.67 197.166700  61.959499  2.582
 89     5.205 55330.32364372 36.35 197.165670  61.948053 16.640
 89     5.701 55330.32364436 29.31 197.163220  61.951203 16.640
 89     6.090 55330.32364501 27.46 197.160770  61.954353 16.640
 89     5.393 55330.32364565 37.93 197.158320  61.957503 16.640
 90     5.947 55365.32363633 22.44 197.175510  61.944436 19.010
 90     5.918 55365.32363697 23.56 197.173063  61.947587  9.819
 90     6.256 55365.32363761 22.91 197.170613  61.950727  9.819
 90     6.539 55365.32363826 21.83 197.168163  61.953877  9.819
 90     6.544 55365.32363890 23.65 197.165713  61.957027  9.819
 90     6.484 55365.32363955 25.30 197.163263  61.960177  9.819
 91     6.159 55400.32364917 21.92 197.160104  61.947970 11.030
 91     5.839 55400.32364982 21.91 197.157654  61.951110 11.030
 91     5.993 55400.32365046 19.60 197.155204  61.954260 11.030
 91     6.603 55400.32365111 19.27 197.152754  61.957410 11.030
 92     7.489 55435.32365310 54.17 197.175141  61.943715 23.555
 92     7.610 55435.32365375 43.05 197.172689  61.946857 17.547
 92     7.147 55435.32365439 33.41 197.170239  61.950007 17.547
 92     6.804 55435.32365504 31.69 197.167789  61.953157 17.547
 92     6.576 55435.32365568 26.80 197.165339  61.956307 17.547
 92     7.605 55435.32365633 26.83 197.162889  61.959457 17.547
 93     8.387 55470.32360358 15.47 197.193742  61.931214 14.894
 93     8.138 55470.32360422 16.04 197.191292  61.934364 14.894
 93     7.091 55470.32360487 17.51 197.188852  61.937514 14.894
 93     7.041 55470.32360551 16.88 197.186402  61.940664 14.894
 93     5.579 55470.32360616 19.13 197.183952  61.943814 14.894
 93     5.605 55470.32360680 18.80 197.181502  61.946964 14.894
 93     5.707 55470.32360745 18.65 197.179057  61.950107 13.814
 93     5.682 55470.32360809 20.47 197.176607  61.953257 13.814
 93     5.688 55470.32360873 23.40 197.174157  61.956407 13.814
 93     5.808 55470.32360938 24.54 197.171707  61.959557 13.814
