-127269.912   549.390     0.00   55.29
-126900.467   539.173   -27.66   56.43
-126531.089   521.460   -47.96   57.56
-126161.776   508.942   -33.90   51.33
-125792.531   504.876   -11.01   42.10
-125423.351   502.668    -5.98   42.57
-125054.237   508.894    16.87   44.74
-124685.190   490.522   -49.79   49.49
-124316.209   472.038   -50.10   49.34
-123947.293   470.413    -4.41   53.16
-123578.444   457.586   -34.78   59.52
-123209.661   449.912   -20.81   69.26
-122840.944   451.747     4.98   73.02
-122472.292   453.789     5.54   71.49
-122103.707   459.461    15.39   69.63
-121735.187   469.044    26.01   66.81
-121366.733   486.935    48.56   55.78
-120998.345   494.697    21.07   47.74
-120630.023   481.387   -36.14   52.67
-120261.766   454.928   -71.86   66.83
-119893.575   406.669  -131.08   83.09
-119525.450   350.680  -152.11   66.13
-119157.390   318.339   -87.88   53.94
-118789.396   298.944   -52.71   39.10
-118421.467   308.881    27.01   54.28
-118053.604   334.151    68.70   67.73
-117685.806   360.388    71.34   60.29
-117318.074   362.742     6.40   56.55
-116950.407   335.425   -74.31   62.18
-116582.805   303.315   -87.36   45.63
-116215.269   297.701   -15.28   35.17
-115847.798   306.266    23.31   40.41
-115480.392   318.549    33.43   40.28
-115113.052   306.744   -32.14   45.98
-114745.776   281.956   -67.50   42.31
-114378.566   264.815   -46.68   23.99
-114011.421   264.914     0.27   23.79
-113644.341   269.893    13.56   25.71
-113277.326   268.582    -3.57   27.89
-112910.376   261.125   -20.32   25.71
-112543.491   254.774   -17.31   22.43
-112176.671   249.328   -14.85   24.16
-111809.400   249.225    -0.28   24.90
-111429.157   248.613    -1.61   28.84
-111048.985   244.813   -10.00   31.86
-110668.883   244.375    -1.15   32.86
-110288.851   250.364    15.76   38.29
-109908.890   249.388    -2.57   40.36
-109528.999   241.166   -21.65   44.69
-109149.178   236.089   -13.37   41.84
-108769.427   235.583    -1.33   47.00
-108389.747   234.949    -1.67   52.35
-108010.137   228.729   -16.39   49.78
-107630.596   225.827    -7.65   46.58
-107251.126   226.147     0.84   44.52
-106871.726   236.055    26.12   51.61
-106492.396   243.993    20.93   50.70
-106113.136   230.301   -36.11   45.89
-105733.946   213.622   -43.99   40.00
-105354.825   209.326   -11.33   33.55
-104975.774   227.014    46.67   46.14
-104596.794   258.377    82.76   51.49
-104217.883   296.506   100.64   47.85
-103839.041   320.746    63.99   36.41
-103460.269   316.193   -12.02   45.30
-103081.567   310.351   -15.43   52.52
-102702.935   311.014     1.75   57.80
-102324.372   324.534    35.72   59.05
-101945.878   334.864    27.29   56.71
-101567.454   337.668     7.41   56.90
-101189.100   325.022   -33.43   48.57
-100810.815   328.713     9.76   48.78
-100432.599   351.083    59.15   51.76
-100054.452   352.413     3.52   52.04
 -99676.375   358.751    16.77   48.39
 -99298.367   345.935   -33.91   54.77
 -98920.429   312.659   -88.05   58.31
 -98542.559   277.448   -93.19   64.35
 -98164.759   246.351   -82.32   34.71
 -97787.027   238.575   -20.59   23.78
 -97409.365   238.185    -1.03   23.38
 -97031.772   234.833    -8.88   26.37
 -96654.247   222.014   -33.96   21.37
 -96276.792   221.516    -1.32   25.16
 -95899.406   227.064    14.70   32.17
 -95522.088   230.746     9.76   34.36
 -95144.839   236.870    16.23   33.43
 -94767.659   246.083    24.43   38.30
 -94390.548   256.571    27.81   37.86
 -94013.506   265.668    24.13   36.07
 -93636.532   292.203    70.39   35.11
 -93259.627   304.043    31.41   32.34
 -92882.790   305.424     3.66   28.85
 -92506.022   303.191    -5.93   33.99
 -92129.323   288.438   -39.17   39.58
 -91752.692   272.833   -41.44   41.22
 -91376.129   254.763   -47.99   39.43
 -90999.635   239.544   -40.43   30.83
 -90623.210   236.046    -9.29   27.76
 -90246.852   231.273   -12.68   28.52
 -89870.563   231.168    -0.28   28.54
 -89494.342   231.980     2.16   30.90
 -89118.190   233.104     2.99   35.36
 -88742.105   234.325     3.25   37.11
 -88366.089   229.168   -13.71   35.62
 -87990.141   220.428   -23.25   33.44
 -87614.261   204.899   -41.32   30.55
 -87238.449   191.301   -36.19   24.61
 -86862.705   184.178   -18.96   25.10
 -86487.029   170.051   -37.61   32.36
 -86111.421   162.484   -20.15   30.91
 -85735.881   167.644    13.74   36.03
 -85360.409   186.586    50.45   51.77
 -84985.004   228.253   111.00   57.02
 -84609.668   246.351    48.22   46.39
 -84234.399   250.473    10.98   45.90
 -83859.198   245.062   -14.42   46.36
 -83484.064   220.095   -66.56   41.81
 -83108.998   199.900   -53.85   46.09
 -82734.000   177.985   -58.44   41.53
 -82359.069   168.969   -24.05   32.79
 -81984.206   192.189    61.95   47.62
 -81609.410   225.746    89.54   48.12
 -81234.682   249.900    64.46   42.85
 -80860.021   266.771    45.03   38.13
 -80485.428   278.475    31.25   35.25
 -80110.902   276.537    -5.18   36.52
 -79736.443   265.197   -30.29   37.82
 -79362.051   258.680   -17.41   41.49
 -78987.727   249.290   -25.09   45.31
 -78613.470   234.172   -40.40   48.54
 -78239.280   214.067   -53.73   41.16
 -77865.158   200.896   -35.21   34.22
 -77491.102   188.613   -32.84   31.08
 -77117.113   179.554   -24.23   30.52
 -76743.192   163.339   -43.37   27.67
 -76369.337   146.454   -45.17   20.63
 -75995.550   139.554   -18.46   23.05
 -75621.829   135.325   -11.31   25.81
 -75248.175   126.364   -23.99   25.43
 -74874.588   120.390   -15.99   18.97
 -74501.068   126.685    16.85   22.03
 -74127.614   134.689    21.43   23.71
 -73754.228   142.790    21.70   20.00
 -73380.908   145.746     7.92   22.21
 -73007.654   142.759    -8.00   23.82
 -72634.468   139.582    -8.51   25.61
 -72261.348   127.907   -31.29   27.68
 -71888.294   114.878   -34.93   20.67
 -71515.307   109.449   -14.56   21.39
 -71142.386   107.377    -5.56   24.84
 -70769.532   101.720   -15.17   27.14
 -70396.745    95.975   -15.41   23.98
 -70024.023    93.620    -6.32   17.17
 -69651.368    90.572    -8.18   14.11
 -69278.780    88.649    -5.16   15.49
 -68906.257    83.572   -13.63   16.35
 -68533.801    77.290   -16.87   14.35
 -68161.411    72.246   -13.55   12.64
 -67789.087    66.882   -14.41   12.54
 -67416.830    60.403   -17.41   13.12
 -67044.638    53.766   -17.83   14.05
 -66672.513    46.786   -18.76   13.39
 -66300.453    39.937   -18.41   11.80
 -65928.460    36.403    -9.50    9.48
 -65556.532    33.816    -6.96    8.82
 -65184.671    32.403    -3.80    8.33
 -64812.875    30.937    -3.94    8.45
 -64441.145    28.715    -5.98    8.22
 -64069.481    26.982    -4.66    7.89
 -63697.883    28.247     3.40    8.17
 -63326.350    30.229     5.33    7.45
 -62954.883    30.680     1.21    7.50
 -62583.482    28.401    -6.14    8.77
 -62212.147    25.492    -7.83    9.21
 -61840.877    23.907    -4.27   10.68
 -61469.672    22.891    -2.74   12.06
 -61098.533    21.147    -4.70   11.90
 -60727.460    19.391    -4.73   10.94
 -60356.452    16.151    -8.73    9.43
 -59985.510    12.983    -8.54    6.65
 -59614.633    11.074    -5.15    4.74
 -59243.821     9.403    -4.51    1.27
 -58873.075     9.191    -0.57    1.29
 -58502.394     8.832    -0.97    1.35
 -58131.778     8.351    -1.30    1.20
 -57761.227     7.917    -1.17    0.85
 -57390.742     8.388     1.27    1.38
 -57020.321     9.183     2.15    1.74
 -56649.966     9.737     1.50    1.81
 -56279.676    10.018     0.76    1.83
 -55909.451     9.739    -0.75    1.60
 -55539.291     9.764     0.07    1.64
 -55169.196     9.640    -0.33    1.72
 -54799.166     9.339    -0.82    1.46
 -54429.201     9.117    -0.60    1.24
 -54059.301     9.197     0.22    1.30
 -53689.465     9.178    -0.05    1.39
 -53319.695     8.908    -0.73    1.38
 -52949.989     8.653    -0.69    1.27
 -52580.348     8.364    -0.78    1.13
 -52210.771     8.076    -0.78    0.99
 -51841.259     8.203     0.34    1.06
 -51471.812     8.574     1.00    1.24
 -51102.430     8.900     0.88    1.25
 -50733.112     8.808    -0.25    1.47
 -50363.858     8.756    -0.14    1.56
 -49994.670     8.290    -1.26    1.85
 -49625.545     8.141    -0.40    1.89
 -49256.485     7.803    -0.92    2.13
 -48887.490     7.401    -1.09    2.13
 -48518.558     6.989    -1.12    1.70
 -48149.691     7.083     0.26    1.61
 -47780.889     7.579     1.35    1.86
 -47412.150     8.038     1.24    1.89
 -47043.476     7.976    -0.17    1.96
 -46674.866     8.051     0.20    1.97
 -46306.321     8.253     0.55    2.14
 -45937.839     8.351     0.27    2.18
 -45569.421     8.718     1.00    2.20
 -45201.068     8.944     0.61    2.20
 -44832.779     8.904    -0.11    2.12
 -44464.553     9.413     1.38    2.08
 -44096.392    10.262     2.30    2.18
 -43728.294    11.808     4.20    2.56
 -43360.260    13.825     5.48    2.75
 -42992.291    16.216     6.50    3.26
 -42624.385    18.772     6.95    3.04
 -42256.542    21.291     6.85    3.37
 -41888.764    23.782     6.77    3.89
 -41521.049    26.734     8.03    5.17
 -41153.398    28.531     4.89    5.08
 -40785.811    28.969     1.19    4.38
 -40418.287    27.516    -3.95    3.35
 -40050.827    24.973    -6.92    4.44
 -39683.431    21.626    -9.11    5.75
 -39316.098    17.039   -12.49    5.67
 -38948.828    13.537    -9.54    4.03
 -38581.622    10.141    -9.25    3.65
 -38214.479     7.095    -8.30    4.61
 -37847.400     3.951    -8.56    4.34
 -37480.384     2.076    -5.11    3.50
 -37113.432     1.151    -2.52    3.49
 -36735.751     1.546     1.05    4.10
 -36355.722     1.141    -1.07    3.78
 -35975.763     0.438    -1.85    2.97
 -35595.872     0.489     0.13    2.09
 -35216.049     1.414     2.44    2.59
 -34836.295     2.681     3.34    2.44
 -34456.609     2.934     0.67    2.30
 -34076.991     1.925    -2.66    2.67
 -33697.442     0.417    -3.97    1.92
 -33317.961    -0.278    -1.83    1.13
 -32938.548    -0.207     0.19    1.28
 -32559.204     0.583     2.08    2.18
 -32179.927     1.189     1.60    2.43
 -31800.719     1.701     1.35    2.46
 -31421.579     2.726     2.70    2.30
 -31042.507     3.635     2.40    1.70
 -30663.503     4.475     2.22    1.18
 -30284.567     4.632     0.41    0.93
 -29905.698     4.489    -0.38    1.20
 -29526.898     4.022    -1.23    1.78
 -29148.166     3.240    -2.06    2.02
 -28769.501     2.569    -1.77    2.06
 -28390.904     2.882     0.83    2.33
 -28012.375     4.135     3.31    2.92
 -27633.914     5.510     3.63    2.86
 -27255.521     6.765     3.32    1.68
 -26877.195     6.438    -0.86    1.75
 -26498.936     5.478    -2.54    1.33
 -26120.746     4.796    -1.80    0.76
 -25742.622     4.794    -0.00    0.80
 -25364.567     5.101     0.81    0.99
 -24986.578     5.351     0.66    1.13
 -24608.658     4.586    -2.03    2.03
 -24230.804     3.820    -2.03    2.27
 -23853.018     3.529    -0.77    2.36
 -23475.300     2.976    -1.46    2.06
 -23097.648     2.769    -0.55    1.86
 -22720.064     2.616    -0.40    1.16
 -22342.547     2.351    -0.70    0.00
 -21965.097     2.351     0.00    0.00
 -21587.715     2.351     0.00    0.00
 -21210.399     2.351     0.00    0.00
 -20833.151     2.272    -0.21    0.58
 -20455.969     1.722    -1.46    1.58
 -20078.855     1.429    -0.78    1.80
 -19701.807     1.476     0.12    1.78
 -19324.827     1.858     1.01    1.36
 -18947.913     2.251     1.04    0.47
 -18571.066     2.351     0.27    0.00
 -18194.286     2.351     0.00    0.00
 -17817.573     2.351     0.00    0.00
 -17440.927     2.351     0.00    0.00
 -17064.347     2.351     0.00    0.00
 -16687.834     2.351     0.00    0.00
 -16311.388     2.351     0.00    0.00
 -15935.008     2.351     0.00    0.00
 -15558.695     2.351     0.00    0.00
 -15182.448     2.351     0.00    0.00
 -14806.268     2.351     0.00    0.00
 -14430.154     2.351     0.00    0.00
 -14054.107     2.351     0.00    0.00
 -13678.126     2.351     0.00    0.00
 -13302.212     2.351     0.00    0.00
 -12926.364     2.351     0.00    0.00
 -12550.582     2.351     0.00    0.00
 -12174.866     2.351     0.00    0.00
 -11799.217     2.351     0.00    0.00
 -11423.633     2.351     0.00    0.00
 -11048.116     2.351     0.00    0.00
 -10672.665     2.313    -0.10    0.34
 -10297.281     1.978    -0.89    1.00
  -9921.962     1.389    -1.57    1.45
  -9546.709     1.018    -0.99    1.52
  -9171.522     1.159     0.38    1.44
  -8796.401     1.554     1.05    1.34
  -8421.346     2.462     2.42    0.57
  -8046.357     2.623     0.43    0.45
  -7671.434     2.302    -0.86    0.85
  -7296.576     1.903    -1.07    0.96
  -6921.784     1.676    -0.60    0.84
  -6547.058     1.839     0.43    0.89
  -6172.398     2.166     0.87    0.84
  -5797.804     2.464     0.79    0.67
  -5423.275     2.526     0.17    0.44
  -5048.811     2.492    -0.09    0.35
  -4674.413     2.451    -0.11    0.30
  -4300.081     2.377    -0.20    0.16
  -3925.814     2.351    -0.07    0.00
  -3551.613     2.351     0.00    0.00
  -3177.477     2.351     0.00    0.00
  -2803.406     2.339    -0.03    0.11
  -2429.401     2.055    -0.76    0.86
  -2055.461     1.101    -2.55    2.20
  -1681.586    -0.303    -3.76    2.91
  -1307.777    -1.399    -2.93    2.88
   -934.033    -2.093    -1.86    2.66
   -560.354    -1.899     0.52    2.79
   -186.740    -0.735     3.11    3.05
    186.809     0.693     3.82    2.55
    560.293     1.964     3.40    0.91
    933.711     2.338     1.00    0.11
   1307.065     2.351     0.04    0.00
   1680.354     2.351     0.00    0.00
   2053.577     2.351     0.00    0.00
   2426.736     2.351     0.00    0.00
   2799.830     2.351     0.00    0.00
   3172.859     2.118    -0.63    0.63
   3545.824     0.551    -4.20    2.69
   3918.723    -0.727    -3.43    2.89
   4291.558    -1.068    -0.92    2.86
   4664.328    -0.332     1.97    3.01
   5037.033     1.314     4.42    2.04
   5409.674     2.170     2.30    0.74
   5782.250     2.351     0.49    0.00
   6154.762     2.351     0.00    0.00
   6527.209     2.351     0.00    0.00
   6899.592     2.351     0.00    0.00
   7271.910     2.351     0.00    0.00
   7644.164     2.225    -0.34    0.63
   8016.353     1.464    -2.04    1.86
   8388.478     1.082    -1.03    2.02
   8760.539     0.564    -1.39    2.21
   9132.535     0.440    -0.33    2.22
   9504.467     0.951     1.37    2.00
   9876.335     1.174     0.60    1.95
  10248.138     1.189     0.04    2.02
  10619.878     1.223     0.09    2.00
  10991.553     1.377     0.41    1.98
  11363.164     1.601     0.60    1.75
  11734.712     1.776     0.47    1.56
  12106.195     2.161     1.04    0.86
  12477.614     2.351     0.51    0.00
  12848.969     1.723    -1.69    1.68
  13220.260     1.164    -1.51    2.12
  13591.488     1.026    -0.37    2.10
  13962.651     0.676    -0.94    2.23
  14333.751     0.275    -1.08    2.36
  14704.787    -0.124    -1.08    2.42
  15075.759    -0.328    -0.55    2.46
  15446.667     0.048     1.01    2.43
  15817.512     0.901     2.30    2.15
  16188.293     1.914     2.73    2.41
  16559.011     4.839     7.89    4.15
  16929.664     7.951     8.40    5.17
  17300.255    12.312    11.77    4.82
  17670.781    15.626     8.94    3.17
  18041.244    17.921     6.19    2.04
  18411.644    19.064     3.09    1.76
  18781.981    19.630     1.53    2.04
  19152.253    19.789     0.43    2.38
  19522.463    20.492     1.90    2.81
  19892.609    21.529     2.80    3.36
  20262.692    23.883     6.36    3.68
  20632.712    26.156     6.14    3.49
  21002.668    27.992     4.96    3.02
  21372.561    28.276     0.77    3.03
  21742.391    27.220    -2.86    2.76
  22112.158    25.251    -5.32    3.45
  22481.862    23.172    -5.62    3.83
  22851.503    21.820    -3.66    4.44
  23221.080    20.326    -4.04    4.30
  23590.595    20.864     1.46    4.22
  23960.047    21.180     0.86    4.26
  24329.435    21.614     1.17    4.74
  24698.761    22.578     2.61    4.62
  25068.024    23.427     2.30    3.66
  25437.224    22.786    -1.74    2.89
  25806.361    20.993    -4.86    4.69
  26175.436    18.973    -5.47    5.01
  26544.448    18.623    -0.95    5.21
  26913.397    19.095     1.28    5.64
  27282.283    21.549     6.65    5.08
  27651.107    23.220     4.53    2.86
  28019.868    23.043    -0.48    2.00
  28388.566    21.649    -3.78    2.16
  28757.202    20.039    -4.37    1.76
  29125.776    18.892    -3.11    1.29
  29494.287    18.201    -1.87    0.90
  29862.735    17.793    -1.11    0.87
  30231.121    17.487    -0.83    0.80
  30599.445    17.522     0.10    0.64
  30967.706    17.626     0.28    0.57
  31335.905    17.890     0.72    0.53
  31704.041    18.101     0.57    0.44
  32072.116    18.174     0.20    0.38
  32440.128    18.139    -0.10    0.41
  32808.078    18.197     0.16    0.43
  33175.966    18.427     0.62    0.80
  33543.791    18.546     0.32    0.80
  33911.555    18.569     0.06    0.70
  34279.256    18.501    -0.18    0.60
  34646.895    18.376    -0.34    0.16
  35014.473    18.389     0.03    0.19
  35381.988    18.480     0.25    0.34
  35749.442    18.526     0.13    0.38
  36116.833    18.780     0.69    0.50
  36484.163    18.921     0.38    0.50
  36851.430    18.946     0.07    0.49
  37218.636    18.926    -0.05    0.52
  37585.781    19.001     0.20    0.66
  37960.639    19.226     0.60    0.77
  38340.526    19.595     0.97    0.74
  38720.347    19.877     0.74    0.57
  39100.101    20.026     0.39    0.65
  39479.788    20.265     0.63    0.84
  39859.408    20.689     1.12    0.99
  40238.962    21.470     2.06    1.05
  40618.449    22.501     2.72    1.22
  40997.870    23.245     1.96    1.06
  41377.225    23.714     1.24    0.83
  41756.513    23.891     0.47    0.89
  42135.734    24.105     0.56    0.99
  42514.890    24.454     0.92    0.96
  42893.978    24.630     0.46    0.73
  43273.001    24.754     0.33    0.67
  43651.957    24.756     0.01    0.73
  44030.847    24.544    -0.56    0.79
  44409.671    24.226    -0.84    0.82
  44788.429    23.901    -0.86    0.83
  45167.121    23.492    -1.08    0.86
  45545.746    23.076    -1.10    0.69
  45924.306    22.904    -0.46    0.68
  46302.799    22.796    -0.29    0.69
  46681.227    23.284     1.29    1.14
  47059.589    23.908     1.65    1.38
  47437.884    24.663     1.99    1.19
  47816.114    25.126     1.22    0.71
  48194.278    24.832    -0.78    1.31
  48572.376    23.664    -3.09    2.58
  48950.409    21.992    -4.42    2.93
  49328.375    21.672    -0.85    2.74
  49706.276    21.376    -0.78    2.86
  50084.112    20.726    -1.72    3.62
  50461.881    19.454    -3.37    4.64
  50839.585    17.205    -5.95    4.38
  51217.224    15.564    -4.34    2.88
  51594.797    14.693    -2.31    2.52
  51972.304    15.586     2.36    3.14
  52349.746    16.911     3.51    2.79
  52727.123    18.053     3.02    2.75
  53104.434    19.878     4.84    2.41
  53481.680    20.301     1.12    2.63
  53858.860    20.101    -0.53    3.20
  54235.976    19.589    -1.36    3.57
  54613.026    18.624    -2.56    3.04
  54990.010    18.376    -0.66    2.16
  55366.930    18.664     0.76    1.80
  55743.784    18.736     0.19    2.13
  56120.574    18.903     0.44    2.31
  56497.298    18.812    -0.24    2.55
  56873.957    17.136    -4.45    3.74
  57250.551    15.260    -4.98    4.03
  57627.080    14.364    -2.38    3.99
  58003.544    14.959     1.58    4.29
  58379.944    16.789     4.86    4.89
  58756.278    19.027     5.95    4.60
  59132.548    21.226     5.84    4.99
  59508.752    23.905     7.12    5.28
  59884.892    26.476     6.83    3.87
  60260.968    28.176     4.52    2.72
  60636.978    27.793    -1.02    2.79
  61012.924    26.575    -3.24    2.49
  61388.805    25.326    -3.32    2.04
  61764.622    24.300    -2.73    2.27
  62140.374    23.214    -2.89    2.63
  62516.061    21.780    -3.82    2.78
  62891.684    20.820    -2.56    2.65
  63267.242    19.981    -2.23    2.20
  63642.736    19.526    -1.21    2.01
  64018.166    20.234     1.89    2.83
  64393.531    21.546     3.49    3.27
  64768.832    23.064     4.04    3.02
  65144.069    24.562     3.99    1.60
  65519.241    25.159     1.59    0.51
  65894.349    25.237     0.21    0.36
  66269.393    25.288     0.13    0.25
  66644.372    25.365     0.20    0.35
  67019.288    25.426     0.16    0.74
  67394.139    25.269    -0.42    2.56
  67768.927    24.789    -1.28    3.08
  68143.650    24.351    -1.17    2.95
  68518.309    24.351     0.00    2.32
  68892.904    25.088     1.97    1.44
  69267.436    24.832    -0.68    1.95
  69641.903    23.351    -3.95    3.53
  70016.306    20.089    -8.71    5.68
  70390.646    17.404    -7.17    5.57
  70764.922    15.782    -4.33    4.68
  71139.134    14.741    -2.78    3.52
  71513.282    16.005     3.38    3.97
  71887.367    17.710     4.56    4.27
  72261.388    19.195     3.97    4.82
  72635.345    21.157     5.24    4.86
  73009.239    22.642     3.97    3.53
  73383.069    22.654     0.03    3.77
  73756.835    22.146    -1.36    4.27
  74130.538    21.964    -0.49    4.26
  74504.178    22.689     1.94    3.96
  74877.754    23.389     1.87    3.54
  75251.267    22.910    -1.28    3.11
  75624.716    22.858    -0.14    2.82
  75998.102    23.390     1.43    2.51
  76371.424    24.579     3.19    1.93
  76744.684    24.988     1.09    1.61
  77117.880    24.174    -2.18    2.48
  77491.012    22.339    -4.92    3.22
  77864.082    20.718    -4.34    3.01
  78237.088    20.311    -1.09    2.67
  78610.032    20.739     1.15    2.72
  78982.912    21.351     1.64    2.78
  79355.729    22.101     2.01    2.67
  79728.483    23.095     2.66    2.25
  80101.174    23.767     1.80    2.04
  80473.802    24.671     2.43    1.33
  80846.368    24.997     0.87    0.83
  81218.870    25.081     0.23    0.56
  81591.309    24.439    -1.72    1.34
  81963.686    23.406    -2.77    2.15
  82336.000    22.514    -2.40    2.23
  82708.251    21.500    -2.72    1.96
  83080.439    20.702    -2.14    1.35
  83452.565    20.231    -1.26    1.10
  83824.627    19.440    -2.13    0.92
  84196.628    18.932    -1.36    0.70
  84568.565    18.564    -0.99    0.41
  84940.440    18.392    -0.46    0.20
  85312.253    18.351    -0.11    0.00
  85684.003    18.351     0.00    0.00
  86055.690    18.351     0.00    0.00
  86427.315    18.351     0.00    0.00
  86798.878    18.351     0.00    0.00
  87170.378    18.351     0.00    0.00
  87541.816    18.351     0.00    0.00
  87913.191    18.351     0.00    0.00
  88284.505    18.339    -0.03    0.11
  88655.756    17.951    -1.04    1.28
  89026.944    16.415    -4.14    2.86
  89398.071    13.800    -7.05    3.72
  89769.135    11.621    -5.87    3.78
  90140.137     8.951    -7.19    2.70
  90511.077     7.139    -4.89    2.30
  90881.955     5.930    -3.26    1.98
  91252.771     5.642    -0.78    2.05
  91623.525     6.312     1.81    2.59
  91994.217     7.402     2.94    2.59
  92364.847     8.807     3.79    1.69
  92735.416     9.236     1.16    1.27
  93105.922     8.391    -2.28    2.27
  93476.366     7.098    -3.49    2.94
  93846.749     5.825    -3.44    2.93
  94217.069     4.604    -3.30    2.26
  94587.328     3.733    -2.35    1.11
  94957.526     3.467    -0.72    0.43
  95327.661     3.415    -0.14    0.29
  95697.735     3.377    -0.10    0.16
  96067.747     3.351    -0.07    0.00
  96437.698     3.326    -0.07    0.16
  96807.587     3.285    -0.11    0.25
  97177.415     3.201    -0.23    0.36
  97547.181     2.959    -0.65    0.70
  97916.885     2.749    -0.57    0.84
  98286.528     2.185    -1.53    1.35
  98656.110     1.429    -2.04    2.02
  99025.630     0.578    -2.30    2.52
  99395.089    -0.244    -2.22    2.70
  99764.487    -1.115    -2.36    2.59
 100133.823    -1.886    -2.09    2.24
 100503.098    -2.435    -1.49    1.60
 100872.312    -2.174     0.71    1.32
 101241.465    -1.649     1.42    1.24
 101610.556    -1.389     0.70    0.98
 101979.586    -1.279     0.30    0.79
 102348.555    -1.303    -0.06    0.77
 102717.463    -1.230     0.20    0.74
 103086.311    -0.861     1.00    0.47
 103455.097    -0.718     0.39    0.26
 103823.822    -0.649     0.19    0.00
 104192.486    -0.649     0.00    0.00
 104561.089    -0.649     0.00    0.00
 104929.631    -0.743    -0.26    0.44
 105298.112    -1.017    -0.74    0.95
 105666.533    -1.419    -1.09    1.27
 106034.893    -1.711    -0.79    1.31
 106403.192    -1.926    -0.58    1.28
 106771.430    -1.861     0.18    1.34
 107139.607    -1.216     1.75    1.67
 107507.724    -1.046     0.46    1.85
 107875.780    -1.270    -0.61    2.10
 108243.776    -1.908    -1.73    2.14
 108611.711    -2.889    -2.66    1.63
 108979.585    -3.520    -1.72    0.54
 109347.399    -2.809     1.94    1.76
 109715.153    -2.036     2.10    2.15
 110082.846    -1.543     1.34    2.27
 110450.478    -1.508     0.10    2.29
 110818.050    -1.982    -1.29    2.22
 111185.562    -2.751    -2.09    1.73
 111553.013    -3.110    -0.98    1.40
 111920.404    -2.277     2.27    2.56
 112287.735    -0.947     3.62    3.17
 112660.019     0.646     4.28    3.05
 113039.766     1.806     3.05    2.30
 113419.449     2.149     0.90    1.70
 113799.067     1.595    -1.46    1.86
 114178.620     1.749     0.41    1.79
 114558.108     1.699    -0.13    1.73
 114937.531     1.728     0.08    1.65
 115316.890     1.871     0.38    1.46
 115696.184     1.749    -0.32    1.45
 116075.413     1.522    -0.60    1.48
 116454.577     1.108    -1.09    1.59
 116833.677     0.338    -2.03    1.45
 117212.712    -0.228    -1.49    1.02
 117591.683    -0.610    -1.01    0.25
 117970.589    -0.649    -0.10    0.00
 118349.430    -0.649     0.00    0.00
 118728.208    -0.649     0.00    0.00
 119106.920    -0.649     0.00    0.00
 119485.568    -0.649     0.00    0.00
 119864.152    -0.649     0.00    0.00
 120242.672    -0.595     0.14    0.33
 120621.127    -0.168     1.13    1.04
 120999.518     0.338     1.34    1.30
 121377.845     0.569     0.61    1.34
 121756.107     0.908     0.90    1.37
 122134.305     1.187     0.74    1.38
 122512.439     1.468     0.74    1.29
 122890.509     1.738     0.71    1.05
 123268.515     1.617    -0.32    1.03
 123646.457     1.406    -0.56    1.04
 124024.335     1.314    -0.24    1.06
 124402.149     1.527     0.56    1.03
 124779.899     1.890     0.96    0.72
 125157.585     2.068     0.47    0.77
 125535.207     3.040     2.57    2.24
 125912.766     3.429     1.03    2.26
 126290.260     3.442     0.03    2.27
 126667.691     3.325    -0.31    2.38
 127045.058     2.551    -2.05    1.52
 127422.361     2.286    -0.70    1.09
 127799.601     2.404     0.31    0.83
 128176.776     2.839     1.15    0.58
 128553.889     2.891     0.14    0.53
 128930.937     3.049     0.42    0.49
 129307.923     3.187     0.37    0.53
 129684.844     3.483     0.79    1.34
 130061.702     4.000     1.37    1.79
 130438.497     3.926    -0.20    1.62
 130815.228     3.529    -1.05    0.87
 131191.896     3.789     0.69    1.28
 131568.501     4.081     0.78    1.56
 131945.042     3.992    -0.24    1.49
 132321.520     3.975    -0.05    1.50
 132697.934     3.650    -0.86    1.12
 133074.286     3.313    -0.89    0.34
 133450.574     3.274    -0.10    0.27
 133826.799     3.014    -0.69    0.70
 134202.961     2.733    -0.75    0.86
 134579.059     2.212    -1.38    0.93
 134955.095     1.824    -1.03    0.76
 135331.068     1.820    -0.01    0.71
 135706.977     1.995     0.47    0.86
 136082.824     2.195     0.53    0.93
 136458.608     2.365     0.45    0.96
 136834.329     2.455     0.24    0.90
 137209.986     2.392    -0.17    0.87
 137585.582     2.364    -0.07    0.83
 137961.114     2.338    -0.07    0.73
 138336.583     2.389     0.14    0.72
 138711.990     2.471     0.22    0.79
 139087.334     2.567     0.25    0.83
 139462.615     2.746     0.48    0.78
 139837.834     2.702    -0.12    0.98
 140212.990     2.390    -0.83    1.36
 140588.084     1.595    -2.12    1.83
 140963.114     0.741    -2.28    1.94
 141338.083     0.325    -1.11    1.86
 141712.989     0.650     0.87    2.03
 142087.832     0.911     0.70    2.18
 142462.613     1.225     0.84    2.06
 142837.332     1.703     1.28    1.92
 143211.988     2.086     1.02    1.77
 143586.582     2.365     0.75    1.47
 143961.113     1.812    -1.48    1.83
 144335.582     0.893    -2.45    2.12
 144709.989    -0.064    -2.56    1.82
 145084.334    -0.274    -0.56    1.72
 145458.617    -0.149     0.33    1.69
 145832.837     0.064     0.57    1.74
 146206.996    -0.446    -1.36    1.70
 146581.092    -1.162    -1.91    1.22
 146955.126    -1.524    -0.97    0.43
 147329.098    -1.209     0.84    0.78
 147703.008    -0.520     1.84    1.44
 148076.857     0.654     3.14    1.80
 148450.643     1.601     2.53    1.71
 148824.367     2.428     2.21    1.26
 149198.030     2.910     1.29    0.55
 149571.630     3.005     0.26    0.48
 149945.169     2.949    -0.15    0.49
 150318.646     3.036     0.23    0.55
 150692.062     3.111     0.20    0.52
 151065.415     3.287     0.47    0.49
 151438.707     3.575     0.77    0.81
 151811.938     3.685     0.29    0.80
 152185.106     3.738     0.14    0.84
 152558.213     3.568    -0.46    0.71
 152931.259     3.365    -0.54    0.12
 153304.243     3.351    -0.04    0.00
 153677.165     3.351     0.00    0.00
 154050.026     3.390     0.10    0.19
 154422.826     3.554     0.44    0.40
 154795.564     3.764     0.56    0.63
 155168.241     4.032     0.72    0.80
 155540.856     4.263     0.62    1.13
 155913.410     4.838     1.54    1.76
 156285.903     5.417     1.55    2.25
 156658.335     5.949     1.43    2.46
 157030.705     6.562     1.65    2.36
 157403.014     7.013     1.21    2.16
 157775.263     7.891     2.36    1.68
 158147.449     8.584     1.86    1.26
 158519.575     8.780     0.53    1.07
 158891.640     8.284    -1.33    1.32
 159263.644     7.214    -2.88    1.67
 159635.586     6.122    -2.94    1.88
 160007.468     4.710    -3.79    2.51
 160379.289     3.165    -4.16    2.37
 160751.049     1.962    -3.24    1.81
 161122.748     1.167    -2.14    1.24
 161494.386     1.162    -0.01    1.14
 161865.963     1.746     1.57    1.36
 162237.479     2.141     1.06    1.27
 162608.935     2.298     0.42    1.27
 162980.330     2.390     0.25    1.26
 163351.664     2.058    -0.89    1.31
 163722.938     1.749    -0.83    1.28
 164094.151     1.711    -0.10    1.23
 164465.303     1.806     0.25    1.25
 164836.395     1.509    -0.80    1.23
 165207.426     1.351    -0.43    1.20
 165578.397     1.403     0.14    1.22
 165949.307     1.605     0.54    1.39
 166320.157     2.338     1.98    1.33
 166690.946     2.917     1.56    0.96
 167061.675     3.351     1.17    0.00
 167432.343     3.351     0.00    0.00
 167802.951     3.351     0.00    0.00
 168173.499     3.351     0.00    0.00
 168543.987     3.325    -0.07    0.16
 168914.414     3.191    -0.36    0.37
 169284.781     3.053    -0.37    0.46
 169655.088     2.941    -0.30    0.50
 170025.335     2.793    -0.40    0.50
 170395.521     2.819     0.07    0.50
 170765.648     2.923     0.28    0.52
 171135.714     2.949     0.07    0.61
 171505.721     2.923    -0.07    0.73
 171875.667     2.778    -0.39    0.84
 172245.553     2.588    -0.51    0.89
 172615.380     2.405    -0.50    0.91
 172985.146     2.191    -0.58    0.90
 173354.853     1.938    -0.69    0.82
 173724.499     1.689    -0.67    0.66
 174094.086     1.403    -0.77    0.39
 174463.613     1.180    -0.60    0.38
 174833.081     1.118    -0.17    0.46
 175202.488     1.005    -0.31    0.51
 175571.836     0.988    -0.05    0.48
 175941.124     0.904    -0.23    0.50
 176310.352     0.767    -0.37    0.50
 176679.521     0.588    -0.48    0.43
 177048.630     0.365    -0.61    0.31
 177417.680     0.138    -0.61    0.41
 177786.670    -0.022    -0.43    0.49
 178155.601    -0.115    -0.25    0.50
 178524.472    -0.188    -0.20    0.50
 178893.283    -0.181     0.02    0.50
 179262.035    -0.259    -0.21    0.49
 179630.728    -0.220     0.11    0.50
 179999.362    -0.275    -0.15    0.49
 180367.936    -0.415    -0.38    0.43
 180736.451    -0.504    -0.24    0.35
 181104.906    -0.636    -0.36    0.11
 181473.302    -0.636    -0.00    0.11
 181841.639    -0.422     0.58    0.42
 182209.917    -0.168     0.69    0.50
 182578.136     0.013     0.49    0.48
 182946.295    -0.064    -0.21    0.50
 183314.396    -0.241    -0.48    0.49
 183682.437    -0.480    -0.65    0.38
 184050.419    -0.649    -0.46    0.00
 184418.343    -0.649     0.00    0.00
 184786.207    -0.649     0.00    0.00
 185154.012    -0.649     0.00    0.00
 185521.758    -0.649     0.00    0.00
 185889.446    -0.649     0.00    0.00
 186257.074    -0.649     0.00    0.00
 186624.644    -0.649     0.00    0.00
 186992.155    -0.649     0.00    0.00
 187362.090    -0.649     0.00    0.00
 187741.701    -0.649     0.00    0.00
 188121.249    -0.649     0.00    0.00
 188500.734    -0.649     0.00    0.00
 188880.155    -0.649     0.00    0.00
 189259.514    -0.649     0.00    0.00
 189638.809    -0.649     0.00    0.00
 190018.041    -0.649     0.00    0.00
 190397.210    -0.649     0.00    0.00
 190776.317    -0.649     0.00    0.00
 191155.360    -0.649     0.00    0.00
 191534.340    -0.649     0.00    0.00
 191913.257    -0.649     0.00    0.00
 192292.112    -0.649     0.00    0.00
 192670.903    -0.649     0.00    0.00
 193049.632    -0.649     0.00    0.00
 193428.298    -0.649     0.00    0.00
 193806.902    -0.649     0.00    0.00
 194185.442    -0.649     0.00    0.00
 194563.920    -0.649     0.00    0.00
 194942.335    -0.649     0.00    0.00
 195320.688    -0.649     0.00    0.00
 195698.978    -0.649     0.00    0.00
 196077.206    -0.649     0.00    0.00
 196455.371    -0.649     0.00    0.00
 196833.473    -0.649     0.00    0.00
 197211.513    -0.649     0.00    0.00
 197589.491    -0.649     0.00    0.00
 197967.406    -0.649     0.00    0.00
 198345.259    -0.649     0.00    0.00
 198723.049    -0.649     0.00    0.00
 199100.778    -0.636     0.03    0.11
 199478.443    -0.482     0.41    0.38
 199856.047    -0.267     0.57    0.49
 200233.589    -0.107     0.42    0.50
 200611.068     0.022     0.34    0.47
 200988.485    -0.093    -0.31    0.50
 201365.840    -0.306    -0.56    0.48
 201743.133    -0.462    -0.41    0.39
 202120.364    -0.609    -0.39    0.20
 202497.533    -0.649    -0.10    0.00
 202874.640    -0.649     0.00    0.00
 203251.684    -0.649     0.00    0.00
 203628.667    -0.649     0.00    0.00
 204005.588    -0.649     0.00    0.00
 204382.448    -0.649     0.00    0.00
 204759.245    -0.649     0.00    0.00
 205135.981    -0.649     0.00    0.00
 205512.654    -0.412     0.63    0.43
 205889.266    -0.204     0.55    0.50
 206265.817    -0.209    -0.01    0.50
 206642.305    -0.265    -0.15    0.49
 207018.732    -0.512    -0.65    0.35
 207395.098    -0.649    -0.36    0.00
 207771.401    -0.608     0.11    0.26
 208147.644    -0.103     1.34    1.20
 208523.824     0.391     1.31    1.50
 208899.943     1.088     1.85    1.55
 209276.001     1.470     1.01    1.42
 209651.997     1.864     1.05    1.16
 210027.932     2.269     1.08    1.00
 210403.806     2.579     0.82    0.80
 210779.618     2.587     0.02    0.76
 211155.369     2.455    -0.35    0.77
 211531.058     2.462     0.02    0.68
 211906.686     2.509     0.12    0.65
 212282.253     2.643     0.36    0.64
 212657.759     2.725     0.22    0.69
 213033.204     2.716    -0.02    0.82
 213408.587     2.447    -0.72    0.90
 213783.910     1.991    -1.21    1.00
 214159.171     1.581    -1.09    0.91
 214534.371     1.193    -1.03    0.82
 214909.511     0.930    -0.70    0.70
 215284.589     0.772    -0.42    0.57
 215659.606     0.778     0.01    0.50
 216034.563     0.936     0.42    0.50
 216409.458     1.000     0.17    0.48
 216784.293     0.864    -0.36    0.50
 217159.067     0.571    -0.78    0.42
 217533.780     0.390    -0.48    0.19
 217908.432     0.549     0.42    0.40
 218283.024     0.878     0.88    0.53
 218657.555     1.137     0.69    0.45
 219032.025     1.312     0.47    0.20
 219406.434     1.351     0.11    0.00
 219780.783     1.351     0.00    0.00
 220155.072     1.406     0.15    0.23
 220529.299     1.625     0.59    0.51
 220903.466     1.571    -0.15    0.69
 221277.573     1.378    -0.51    0.84
 221651.619     1.298    -0.21    0.94
 222025.605     1.286    -0.03    0.91
 222399.530     1.591     0.82    1.01
 222773.395     2.071     1.28    0.94
 223147.200     2.405     0.89    0.68
 223520.944     2.419     0.04    0.71
 223894.628     2.144    -0.74    0.77
 224268.252     1.811    -0.89    0.83
 224641.816     1.531    -0.75    0.92
 225015.319     1.551     0.05    1.03
 225388.762     1.878     0.87    1.04
 225762.145     2.392     1.38    1.01
 226135.468     2.685     0.78    0.68
 226508.731     2.577    -0.29    0.74
 226881.933     2.471    -0.28    0.70
 227255.076     2.280    -0.51    0.57
 227628.159     2.258    -0.06    0.47
 228001.181     2.023    -0.63    0.99
 228374.144     1.259    -2.05    1.38
 228747.047     0.393    -2.32    1.46
 229119.890    -0.155    -1.47    1.25
 229492.673    -0.471    -0.85    1.08
 229865.396    -0.546    -0.20    1.16
 230238.060    -0.539     0.02    1.24
 230610.664    -0.519     0.05    1.31
 230983.208    -0.257     0.70    1.27
 231355.692    -0.493    -0.63    1.15
 231728.117    -0.243     0.67    1.27
 232100.482    -0.109     0.36    1.32
 232472.787    -0.000     0.29    1.37
 232845.033    -0.070    -0.19    1.37
 233217.219    -0.142    -0.19    1.25
 233589.346    -0.149    -0.02    1.10
 233961.413     0.231     1.02    1.09
 234333.421     0.311     0.22    1.13
 234705.369     0.511     0.54    1.19
 235077.258     0.498    -0.04    1.19
 235449.087     0.486    -0.03    1.26
 235820.857     0.162    -0.87    1.21
 236192.568    -0.004    -0.45    1.42
 236564.220    -0.289    -0.77    1.44
 236935.812    -0.740    -1.21    1.40
 237307.345    -0.973    -0.63    1.27
 237678.819    -1.085    -0.30    1.15
 238050.233    -0.977     0.29    1.13
 238421.589    -0.585     1.06    1.36
 238792.885    -0.293     0.79    1.38
 239164.122    -0.200     0.25    1.44
 239535.300    -0.079     0.33    1.50
 239906.419    -0.115    -0.10    1.46
 240277.480    -0.184    -0.18    1.45
 240648.481    -0.359    -0.47    1.43
 241019.423    -0.750    -1.05    1.11
 241390.306    -1.129    -1.02    1.02
 241761.130    -1.449    -0.86    1.03
 242131.896    -1.409     0.11    1.06
 242502.603    -1.292     0.32    1.08
 242873.250    -0.742     1.48    1.42
 243243.839    -0.120     1.68    1.33
 243614.370    -0.030     0.24    1.30
 243984.841     0.105     0.36    1.22
 244355.254     0.022    -0.22    1.22
 244725.608     0.084     0.17    1.29
 245095.904    -0.209    -0.79    1.29
 245466.141    -0.635    -1.15    1.13
 245836.319    -0.921    -0.77    1.01
 246206.439    -0.968    -0.13    0.98
 246576.500    -0.738     0.62    1.06
 246946.503    -0.730     0.02    1.08
 247316.447    -0.764    -0.09    1.09
 247686.333    -0.539     0.61    1.20
 248056.161    -0.570    -0.08    1.21
 248425.930    -0.429     0.38    1.30
 248795.641    -0.422     0.02    1.27
 249165.293    -0.498    -0.21    1.14
 249534.887    -0.422     0.21    1.09
 249904.423    -0.551    -0.35    1.16
 250273.901    -0.662    -0.30    1.05
 250643.320    -1.019    -0.96    1.43
 251012.681    -2.032    -2.74    2.03
 251381.984    -3.210    -3.19    2.01
 251751.229    -4.054    -2.28    1.53
 252120.416    -4.649    -1.61    0.00
 252489.545    -4.649     0.00    0.00
 252858.615    -4.649     0.00    0.00
 253227.628    -4.649     0.00    0.00
 253596.583    -4.649     0.00    0.00
 253965.479    -4.649     0.00    0.00
 254334.318    -4.649     0.00    0.00
 254703.099    -4.649     0.00    0.00
 255071.822    -4.649     0.00    0.00
 255440.487    -4.649     0.00    0.00
 255809.094    -4.649     0.00    0.00
 256177.644    -4.649     0.00    0.00
 256546.135    -4.649     0.00    0.00
 256914.569    -4.649     0.00    0.00
 257282.946    -4.649     0.00    0.00
 257651.264    -4.649     0.00    0.00
 258019.525    -4.649     0.00    0.00
 258387.729    -4.649     0.00    0.00
 258755.874    -4.649     0.00    0.00
 259123.962    -4.649     0.00    0.00
 259491.993    -4.649     0.00    0.00
 259859.966    -4.649     0.00    0.00
 260227.882    -4.649     0.00    0.00
 260595.740    -4.649     0.00    0.00
 260963.540    -4.649     0.00    0.00
 261331.284    -4.649     0.00    0.00
 261698.969    -4.649     0.00    0.00
 262066.771    -4.649     0.00    0.00
 262446.248    -4.649     0.00    0.00
 262825.664    -4.649     0.00    0.00
 263205.018    -4.649     0.00    0.00
 263584.311    -4.649     0.00    0.00
 263963.542    -4.649     0.00    0.00
 264342.712    -4.649     0.00    0.00
 264721.821    -4.649     0.00    0.00
 265100.868    -4.649     0.00    0.00
 265479.854    -4.649     0.00    0.00
 265858.778    -4.649     0.00    0.00
 266237.641    -4.649     0.00    0.00
 266616.443    -4.649     0.00    0.00
 266995.184    -4.649     0.00    0.00
 267373.864    -4.649     0.00    0.00
 267752.482    -4.649     0.00    0.00
 268131.039    -4.649     0.00    0.00
 268509.536    -4.649     0.00    0.00
 268887.971    -4.649     0.00    0.00
 269266.345    -4.649     0.00    0.00
 269644.658    -4.649     0.00    0.00
 270022.910    -4.649     0.00    0.00
 270401.101    -4.649     0.00    0.00
 270779.232    -4.649     0.00    0.00
 271157.301    -4.649     0.00    0.00
 271535.309    -4.649     0.00    0.00
 271913.257    -4.649     0.00    0.00
 272291.144    -4.649     0.00    0.00
 272668.970    -4.649     0.00    0.00
 273046.736    -4.649     0.00    0.00
 273424.440    -4.649     0.00    0.00
 273802.084    -4.649     0.00    0.00
 274179.668    -4.649     0.00    0.00
 274557.191    -4.649     0.00    0.00
 274934.653    -4.649     0.00    0.00
 275312.054    -4.649     0.00    0.00
 275689.396    -4.649     0.00    0.00
 276066.676    -4.649     0.00    0.00
 276443.896    -4.649     0.00    0.00
 276821.056    -4.649     0.00    0.00
 277198.155    -4.649     0.00    0.00
 277575.194    -4.649     0.00    0.00
 277952.173    -4.649     0.00    0.00
 278329.091    -4.649     0.00    0.00
 278705.949    -4.649     0.00    0.00
 279082.747    -4.649     0.00    0.00
 279459.484    -4.649     0.00    0.00
 279836.162    -4.649     0.00    0.00
 280212.779    -4.649     0.00    0.00
 280589.336    -4.649     0.00    0.00
 280965.832    -4.649     0.00    0.00
 281342.269    -4.649     0.00    0.00
 281718.646    -4.649     0.00    0.00
 282094.963    -4.649     0.00    0.00
 282471.219    -4.649     0.00    0.00
 282847.416    -4.649     0.00    0.00
 283223.553    -4.649     0.00    0.00
 283599.630    -4.649     0.00    0.00
 283975.647    -4.649     0.00    0.00
 284351.604    -4.649     0.00    0.00
 284727.501    -4.649     0.00    0.00
 285103.339    -4.649     0.00    0.00
 285479.116    -4.649     0.00    0.00
 285854.834    -4.649     0.00    0.00
 286230.493    -4.649     0.00    0.00
 286606.091    -4.649     0.00    0.00
 286981.630    -4.649     0.00    0.00
 287357.110    -4.649     0.00    0.00
 287732.530    -4.649     0.00    0.00
 288107.890    -4.649     0.00    0.00
 288483.191    -4.649     0.00    0.00
 288858.432    -4.649     0.00    0.00
 289233.614    -4.649     0.00    0.00
 289608.736    -4.649     0.00    0.00
 289983.799    -4.649     0.00    0.00
 290358.802    -4.649     0.00    0.00
 290733.746    -4.649     0.00    0.00
 291108.631    -4.649     0.00    0.00
 291483.457    -4.649     0.00    0.00
 291858.223    -4.649     0.00    0.00
 292232.930    -4.649     0.00    0.00
 292607.578    -4.649     0.00    0.00
 292982.166    -4.649     0.00    0.00
 293356.696    -4.649     0.00    0.00
 293731.166    -4.649     0.00    0.00
 294105.577    -4.649     0.00    0.00
 294479.930    -4.649     0.00    0.00
 294854.223    -4.649     0.00    0.00
 295228.457    -4.649     0.00    0.00
 295602.632    -4.649     0.00    0.00
 295976.748    -4.649     0.00    0.00
 296350.805    -4.649     0.00    0.00
 296724.804    -4.649     0.00    0.00
 297098.743    -4.649     0.00    0.00
 297472.624    -4.649     0.00    0.00
 297846.445    -4.649     0.00    0.00
 298220.208    -4.649     0.00    0.00
 298593.913    -4.649     0.00    0.00
 298967.558    -4.649     0.00    0.00
 299341.145    -4.649     0.00    0.00
 299714.673    -4.649     0.00    0.00
 300088.143    -4.649     0.00    0.00
 300461.553    -4.649     0.00    0.00
 300834.906    -4.649     0.00    0.00
 301208.199    -4.649     0.00    0.00
 301581.435    -4.649     0.00    0.00
 301954.611    -4.649     0.00    0.00
 302327.730    -4.649     0.00    0.00
 302700.789    -4.649     0.00    0.00
 303073.791    -4.649     0.00    0.00
 303446.734    -4.649     0.00    0.00
 303819.618    -4.649     0.00    0.00
 304192.445    -4.649     0.00    0.00
 304565.212    -4.649     0.00    0.00
 304937.922    -4.649     0.00    0.00
 305310.574    -4.649     0.00    0.00
 305683.167    -4.649     0.00    0.00
 306055.702    -4.649     0.00    0.00
 306428.179    -4.649     0.00    0.00
 306800.597    -4.649     0.00    0.00
 307172.958    -4.649     0.00    0.00
 307545.260    -4.649     0.00    0.00
 307917.505    -4.649     0.00    0.00
 308289.691    -4.649     0.00    0.00
 308661.820    -4.649     0.00    0.00
 309033.890    -4.649     0.00    0.00
 309405.903    -4.649     0.00    0.00
 309777.857    -4.649     0.00    0.00
 310149.754    -4.649     0.00    0.00
 310521.593    -4.649     0.00    0.00
 310893.374    -4.649     0.00    0.00
 311265.097    -4.649     0.00    0.00
 311636.762    -4.649     0.00    0.00
 312008.370    -4.649     0.00    0.00
 312379.920    -4.649     0.00    0.00
 312751.412    -4.649     0.00    0.00
 313122.846    -4.649     0.00    0.00
 313494.223    -4.649     0.00    0.00
 313865.543    -4.649     0.00    0.00
 314236.804    -4.649     0.00    0.00
 314608.008    -4.649     0.00    0.00
 314979.155    -4.649     0.00    0.00
 315350.244    -4.649     0.00    0.00
 315721.276    -4.649     0.00    0.00
 316092.250    -4.649     0.00    0.00
 316463.167    -4.649     0.00    0.00
 316834.026    -4.649     0.00    0.00
 317204.828    -4.649     0.00    0.00
 317575.573    -4.649     0.00    0.00
 317946.260    -4.649     0.00    0.00
 318316.890    -4.649     0.00    0.00
 318687.463    -4.649     0.00    0.00
 319057.978    -4.649     0.00    0.00
 319428.437    -4.649     0.00    0.00
 319798.838    -4.649     0.00    0.00
 320169.182    -4.649     0.00    0.00
 320539.469    -4.649     0.00    0.00
 320909.699    -4.649     0.00    0.00
 321279.871    -4.649     0.00    0.00
 321649.987    -4.649     0.00    0.00
 322020.046    -4.649     0.00    0.00
 322390.047    -4.649     0.00    0.00
 322759.992    -4.649     0.00    0.00
 323129.880    -4.649     0.00    0.00
 323499.711    -4.649     0.00    0.00
 323869.485    -4.649     0.00    0.00
 324239.202    -4.649     0.00    0.00
 324608.862    -4.649     0.00    0.00
 324978.465    -4.649     0.00    0.00
 325348.012    -4.649     0.00    0.00
 325717.502    -4.649     0.00    0.00
 326086.935    -4.649     0.00    0.00
 326456.312    -4.649     0.00    0.00
 326825.632    -4.649     0.00    0.00
 327194.895    -4.649     0.00    0.00
 327564.102    -4.649     0.00    0.00
 327933.252    -4.649     0.00    0.00
 328302.345    -4.649     0.00    0.00
 328671.382    -4.649     0.00    0.00
 329040.363    -4.649     0.00    0.00
 329409.287    -4.649     0.00    0.00
 329778.154    -4.649     0.00    0.00
 330146.965    -4.649     0.00    0.00
 330515.720    -4.649     0.00    0.00
 330884.418    -4.649     0.00    0.00
 331253.060    -4.649     0.00    0.00
 331621.646    -4.649     0.00    0.00
 331990.175    -4.649     0.00    0.00
 332358.648    -4.649     0.00    0.00
 332727.065    -4.649     0.00    0.00
 333095.426    -4.649     0.00    0.00
 333463.730    -4.649     0.00    0.00
 333831.979    -4.649     0.00    0.00
 334200.171    -4.649     0.00    0.00
 334568.307    -4.649     0.00    0.00
 334936.387    -4.649     0.00    0.00
 335304.411    -4.649     0.00    0.00
 335672.378    -4.649     0.00    0.00
 336040.290    -4.649     0.00    0.00
 336408.146    -4.649     0.00    0.00
 336775.946    -4.649     0.00    0.00
 337153.349    -4.649     0.00    0.00
 337532.638    -4.649     0.00    0.00
 337911.866    -4.649     0.00    0.00
 338291.035    -4.649     0.00    0.00
 338670.144    -4.649     0.00    0.00
 339049.193    -4.649     0.00    0.00
 339428.183    -4.649     0.00    0.00
 339807.113    -4.649     0.00    0.00
 340185.983    -4.649     0.00    0.00
 340564.793    -4.649     0.00    0.00
 340943.543    -4.649     0.00    0.00
 341322.234    -4.649     0.00    0.00
 341700.866    -4.649     0.00    0.00
 342079.438    -4.649     0.00    0.00
 342457.950    -4.649     0.00    0.00
 342836.403    -4.649     0.00    0.00
 343214.796    -4.649     0.00    0.00
 343593.130    -4.649     0.00    0.00
 343971.404    -4.649     0.00    0.00
 344349.619    -4.649     0.00    0.00
 344727.774    -4.649     0.00    0.00
 345105.871    -4.649     0.00    0.00
 345483.908    -4.649     0.00    0.00
 345861.885    -4.649     0.00    0.00
