-170896.204    22.530     0.00    0.60
-170526.353    22.758     0.62    0.45
-170156.441    22.788     0.08    0.38
-169786.467    22.809     0.06    0.47
-169416.431    22.441    -0.99    1.26
-169046.333    21.864    -1.56    1.69
-168676.173    21.803    -0.17    1.70
-168305.951    22.070     0.72    1.39
-167935.667    22.339     0.73    0.90
-167565.321    22.570     0.62    0.36
-167194.913    22.545    -0.07    0.31
-166824.443    22.134    -1.11    1.20
-166453.910    21.431    -1.90    2.04
-166083.315    20.634    -2.15    2.42
-165712.658    19.813    -2.21    2.56
-165341.939    19.292    -1.41    2.89
-164971.158    18.211    -2.92    3.44
-164600.314    16.595    -4.36    3.94
-164229.407    16.330    -0.72    4.05
-163858.439    17.095     2.06    4.34
-163487.408    18.988     5.10    4.33
-163116.314    21.339     6.33    2.29
-162745.158    21.381     0.11    2.38
-162373.939    20.006    -3.70    3.17
-162002.658    18.972    -2.78    3.13
-161631.315    18.660    -0.84    2.86
-161259.908    18.672     0.03    2.74
-160888.439    18.530    -0.38    2.62
-160516.907    18.967     1.18    2.66
-160145.313    18.531    -1.17    2.87
-159773.656    17.546    -2.65    3.06
-159401.936    16.046    -4.03    2.94
-159030.153    14.442    -4.32    2.28
-158658.307    12.724    -4.62    1.99
-158286.399    12.292    -1.16    2.46
-157914.428    13.530     3.33    4.46
-157542.393    15.057     4.10    5.30
-157170.296    18.271     8.64    4.70
-156798.135    20.884     7.02    2.40
-156425.912    21.234     0.94    1.66
-156053.626    20.855    -1.02    1.56
-155681.276    19.595    -3.38    2.62
-155308.863    18.187    -3.78    2.84
-154936.387    16.403    -4.79    2.30
-154563.848    14.967    -3.85    1.66
-154191.246    14.471    -1.33    2.18
-153818.580    15.249     2.09    3.51
-153445.851    16.203     2.56    4.35
-153073.059    16.713     1.37    4.07
-152700.204    15.771    -2.53    4.53
-152327.285    13.154    -7.02    4.65
-151954.302    10.254    -7.78    3.54
-151581.256     8.185    -5.55    1.33
-151208.147     8.621     1.17    2.10
-150834.974     9.954     3.57    3.32
-150461.737    12.446     6.68    4.76
-150088.437    14.976     6.78    4.67
-149715.074    17.296     6.21    3.88
-149341.646    19.351     5.50    3.72
-148968.155    20.596     3.33    3.32
-148594.600    22.008     3.78    1.71
-148220.982    22.856     2.27    0.84
-147847.299    23.283     1.14    1.04
-147473.553    24.066     2.09    1.80
-147099.743    25.202     3.04    2.32
-146725.869    26.546     3.59    2.53
-146351.931    27.768     3.27    2.36
-145977.930    28.725     2.56    1.89
-145603.864    29.322     1.60    1.78
-145229.734    29.165    -0.42    1.65
-144855.540    28.920    -0.66    1.63
-144481.282    28.746    -0.46    1.44
-144106.960    28.764     0.05    1.16
-143732.574    28.967     0.54    0.89
-143358.123    29.184     0.58    0.59
-142983.609    29.109    -0.20    0.62
-142609.030    28.673    -1.16    1.10
-142234.386    27.890    -2.09    1.72
-141859.679    26.134    -4.69    2.44
-141484.907    24.890    -3.32    2.46
-141110.071    23.659    -3.28    2.02
-140735.170    22.457    -3.21    0.88
-140360.205    21.531    -2.47    1.33
-139985.175    20.478    -2.81    1.48
-139610.081    19.459    -2.72    1.05
-139234.922    18.911    -1.46    0.61
-138859.699    18.759    -0.40    0.41
-138484.411    18.500    -0.69    0.94
-138109.058    17.764    -1.96    1.48
-137733.641    16.950    -2.17    1.49
-137358.159    16.259    -1.84    1.12
-136982.612    15.770    -1.30    0.39
-136607.000    15.659    -0.30    0.25
-136231.324    15.514    -0.38    0.35
-135855.583    15.288    -0.60    0.47
-135479.777    14.988    -0.80    0.49
-135103.905    14.735    -0.67    0.32
-134727.969    14.660    -0.20    0.19
-134351.968    14.759     0.26    0.35
-133975.902    14.816     0.15    0.40
-133599.771    14.773    -0.11    0.36
-133223.575    14.721    -0.14    0.30
-132847.313    14.621    -0.27    0.16
-132470.987    14.558    -0.17    0.25
-132094.595    14.454    -0.27    0.38
-131718.138    14.196    -0.69    0.55
-131341.616    13.990    -0.55    0.67
-130965.028    13.722    -0.71    0.81
-130588.375    13.374    -0.92    0.96
-130211.657    13.001    -0.99    1.30
-129834.874    12.297    -1.87    1.76
-129458.024    11.021    -3.38    2.24
-129081.110     9.743    -3.39    2.05
-128704.130     8.684    -2.81    1.69
-128327.084     8.034    -1.72    1.20
-127949.973     7.734    -0.80    0.66
-127572.796     7.621    -0.30    0.58
-127195.554     7.583    -0.10    0.61
-126818.245     7.711     0.34    0.74
-126440.871     7.725     0.04    0.75
-126063.432     7.773     0.13    0.68
-125685.926     7.684    -0.23    0.56
-125308.355     7.584    -0.27    0.51
-124930.718     7.480    -0.28    0.39
-124553.015     7.471    -0.02    0.36
-124175.246     7.437    -0.09    0.39
-123797.411     7.421    -0.04    0.40
-123419.511     7.391    -0.08    0.42
-123041.544     7.396     0.01    0.42
-122663.511     7.384    -0.03    0.43
-122285.412     7.387     0.01    0.43
-121907.247     7.413     0.07    0.41
-121529.015     7.434     0.05    0.39
-121150.718     7.305    -0.34    0.59
-120772.354     7.259    -0.12    0.64
-120393.924     7.177    -0.22    0.72
-120015.428     7.109    -0.18    0.76
-119636.865     7.178     0.18    0.75
-119258.236     7.249     0.19    0.70
-118879.540     7.209    -0.11    0.69
-118500.778     7.074    -0.35    0.84
-118121.950     6.921    -0.40    1.02
-117743.055     6.726    -0.51    1.08
-117364.094     6.856     0.34    1.04
-116985.066     6.950     0.25    1.05
-116605.971     6.984     0.09    1.01
-116226.810     7.055     0.19    0.96
-115847.582     7.109     0.14    0.99
-115468.287     6.917    -0.50    1.03
-115088.925     6.821    -0.25    1.10
-114709.497     6.711    -0.29    1.13
-114330.002     6.583    -0.34    1.22
-113950.440     6.721     0.36    1.21
-113570.811     6.608    -0.30    1.23
-113191.115     6.976     0.97    1.12
-112811.352     7.332     0.94    0.80
-112431.522     6.971    -0.95    1.06
-112057.817     6.634    -0.90    1.21
-111690.790     6.535    -0.27    1.42
-111323.701     6.283    -0.68    1.41
-110956.550     6.059    -0.61    1.39
-110589.337     5.753    -0.83    1.26
-110222.062     5.559    -0.53    0.87
-109854.725     5.582     0.06    0.93
-109487.325     5.734     0.41    0.93
-109119.863     5.950     0.59    0.87
-108752.339     6.134     0.50    0.78
-108384.753     6.241     0.29    0.72
-108017.104     6.334     0.25    0.66
-107649.393     6.467     0.36    0.51
-107281.619     6.559     0.25    0.24
-106913.783     6.533    -0.07    0.29
-106545.885     6.546     0.04    0.27
-106177.924     6.609     0.17    0.11
-105809.901     6.621     0.03    0.00
-105441.815     6.621     0.00    0.00
-105073.666     6.621     0.00    0.00
-104705.455     6.621     0.00    0.00
-104337.181     6.621     0.00    0.00
-103968.845     6.621     0.00    0.00
-103600.445     6.621     0.00    0.00
-103231.983     6.621     0.00    0.00
-102863.459     6.621     0.00    0.00
-102494.871     6.621     0.00    0.00
-102126.221     6.621     0.00    0.00
-101757.507     6.621     0.00    0.00
-101388.731     6.621     0.00    0.00
-101019.892     6.621     0.00    0.00
-100650.990     6.621     0.00    0.00
-100282.025     6.621     0.00    0.00
 -99912.997     6.621     0.00    0.00
 -99543.906     6.621     0.00    0.00
 -99174.751     6.621     0.00    0.00
 -98805.534     6.621     0.00    0.00
 -98436.253     6.621     0.00    0.00
 -98066.909     6.621     0.00    0.00
 -97697.502     6.621     0.00    0.00
 -97328.032     6.596    -0.07    0.23
 -96958.498     6.621     0.07    0.00
 -96588.901     6.621     0.00    0.00
 -96219.241     6.621     0.00    0.00
 -95849.517     6.609    -0.03    0.11
 -95479.730     6.582    -0.07    0.20
 -95109.879     6.608     0.07    0.20
 -94739.965     6.700     0.25    0.27
 -94369.987     6.745     0.12    0.33
 -93999.946     6.621    -0.33    0.69
 -93629.841     6.436    -0.50    0.87
 -93259.673     6.076    -0.97    1.07
 -92889.441     6.115     0.11    1.21
 -92519.145     6.442     0.88    1.17
 -92148.785     6.709     0.72    1.25
 -91778.362     7.095     1.04    0.87
 -91407.875     7.109     0.04    1.01
 -91037.324     6.929    -0.49    1.25
 -90666.709     6.942     0.04    1.29
 -90296.030     7.390     1.21    0.84
 -89925.288     7.634     0.66    0.34
 -89554.481     7.556    -0.21    0.41
 -89183.610     7.498    -0.16    0.43
 -88812.676     8.001     1.36    1.60
 -88441.677     9.016     2.74    2.55
 -88070.614    10.249     3.32    3.04
 -87699.487    11.671     3.83    2.82
 -87328.296    12.309     1.72    2.57
 -86957.041    11.288    -2.75    3.63
 -86585.722    10.292    -2.68    3.99
 -86214.338     8.463    -4.93    3.99
 -85842.890     6.775    -4.54    3.26
 -85471.377     5.859    -2.47    2.50
 -85099.801     4.881    -2.63    1.87
 -84728.159     4.140    -1.99    1.72
 -84356.454     3.545    -1.60    1.69
 -83984.684     2.880    -1.79    1.58
 -83612.849     2.674    -0.56    1.33
 -83240.950     3.059     1.03    1.38
 -82868.987     3.465     1.09    1.42
 -82496.958     3.337    -0.34    1.46
 -82124.865     2.686    -1.75    1.29
 -81752.708     1.804    -2.37    1.10
 -81380.486     1.076    -1.96    0.77
 -81008.199     0.609    -1.25    0.83
 -80635.847     0.234    -1.00    0.77
 -80263.430     0.021    -0.57    0.72
 -79890.949    -0.132    -0.41    0.61
 -79518.403    -0.245    -0.30    0.44
 -79145.791    -0.352    -0.29    0.16
 -78773.115    -0.379    -0.07    0.00
 -78400.374    -0.274     0.28    0.42
 -78027.568     0.140     1.11    0.84
 -77654.697     0.674     1.43    0.95
 -77281.761     1.201     1.41    0.76
 -76908.759     1.542     0.91    0.36
 -76535.693     1.559     0.05    0.33
 -76162.561     1.608     0.13    0.11
 -75789.364     1.621     0.04    0.00
 -75416.102     1.621     0.00    0.00
 -75042.775     1.621     0.00    0.00
 -74669.382     1.621     0.00    0.00
 -74295.924     1.621     0.00    0.00
 -73922.401     1.621     0.00    0.00
 -73548.812     1.621     0.00    0.00
 -73175.157     1.621     0.00    0.00
 -72801.437     1.421    -0.54    0.60
 -72427.652     0.946    -1.27    0.95
 -72053.801     0.411    -1.43    0.98
 -71679.885    -0.151    -1.50    0.64
 -71305.903    -0.079     0.19    0.99
 -70931.855     2.773     7.62    8.90
 -70557.741    11.809    24.15   19.98
 -70183.562    25.071    35.44   23.69
 -69809.317    36.300    30.00   21.65
 -69435.006    45.659    25.00   16.89
 -69060.630    47.533     5.01   15.76
 -68686.187    52.296    12.72   15.83
 -68311.679    59.359    18.86   14.49
 -67937.104    62.485     8.35   13.08
 -67562.464    64.066     4.22   13.41
 -67187.758    68.226    11.10   15.11
 -66812.985    72.557    11.56   15.03
 -66438.147    74.209     4.41   12.92
 -66063.242    72.461    -4.66   15.21
 -65688.271    65.572   -18.37   19.03
 -65313.234    55.279   -27.44   17.84
 -64938.131    44.769   -28.02   15.22
 -64562.962    34.673   -26.91   12.47
 -64187.726    24.979   -25.83   12.28
 -63812.424    16.673   -22.13   10.07
 -63437.056    10.684   -15.96    5.69
 -63061.621     8.208    -6.59    1.77
 -62686.120     8.362     0.41    1.39
 -62310.552     8.972     1.63    2.17
 -61934.918     9.843     2.32    2.57
 -61559.217    11.322     3.94    4.24
 -61183.450    13.292     5.24   10.29
 -60807.616    15.753     6.55   13.24
 -60431.715    15.846     0.25   13.30
 -60055.748    16.659     2.16   12.49
 -59679.714    16.669     0.03   10.78
 -59303.613    17.241     1.52    9.44
 -58927.445    18.646     3.73    8.29
 -58551.211    19.457     2.15    8.39
 -58174.910    19.498     0.11    9.92
 -57798.542    19.769     0.72   11.91
 -57422.107    21.201     3.80   14.43
 -57045.605    20.819    -1.02   13.58
 -56669.036    18.722    -5.57   11.09
 -56292.400    18.016    -1.87    9.77
 -55915.696    15.393    -6.96    7.80
 -55538.926    13.790    -4.26    7.04
 -55162.089    12.646    -3.03    6.34
 -54785.184    11.296    -3.58    4.49
 -54408.212    10.924    -0.99    4.80
 -54031.173    10.152    -2.05    5.42
 -53654.067     8.326    -4.84    5.29
 -53276.893     5.967    -6.26    3.75
 -52899.652     4.305    -4.40    2.19
 -52522.344     3.473    -2.21    1.36
 -52144.968     3.064    -1.08    0.83
 -51767.524     3.014    -0.13    0.94
 -51390.014     3.001    -0.03    1.00
 -51012.435     2.721    -0.74    0.47
 -50634.789     2.584    -0.36    0.19
 -50257.075     2.522    -0.16    0.30
 -49879.294     2.485    -0.10    0.34
 -49501.445     2.536     0.13    0.28
 -49123.529     2.596     0.16    0.16
 -48745.544     2.571    -0.07    0.22
 -48367.492     2.547    -0.06    0.26
 -47989.372     2.571     0.06    0.22
 -47611.184     2.621     0.13    0.00
 -47232.928     2.594    -0.07    0.16
 -46854.604     2.548    -0.12    0.26
 -46476.212     2.542    -0.02    0.27
 -46097.752     2.526    -0.04    0.30
 -45719.224     2.454    -0.19    0.38
 -45340.628     2.461     0.02    0.37
 -44961.964     2.457    -0.01    0.37
 -44583.232     2.438    -0.05    0.39
 -44204.432     2.473     0.09    0.36
 -43825.563     2.450    -0.06    0.38
 -43446.626     2.337    -0.30    0.53
 -43067.620     1.900    -1.15    1.05
 -42688.547     1.475    -1.12    1.34
 -42309.405     0.963    -1.35    1.39
 -41930.194     0.407    -1.47    1.23
 -41550.915     0.037    -0.98    0.95
 -41171.568    -0.280    -0.84    0.44
 -40792.152    -0.379    -0.26    0.00
 -40412.667    -0.379     0.00    0.00
 -40033.114    -0.379     0.00    0.00
 -39653.492    -0.379     0.00    0.00
 -39273.801    -0.379     0.00    0.00
 -38894.042    -0.367     0.03    0.11
 -38514.214    -0.255     0.29    0.48
 -38134.317     0.024     0.73    0.87
 -37754.352     0.461     1.15    1.16
 -37376.893     0.846     1.02    1.26
 -37010.065     1.399     1.51    1.21
 -36643.173     1.893     1.35    0.97
 -36276.218     2.194     0.82    0.75
 -35909.199     2.238     0.12    0.73
 -35542.116     2.346     0.29    0.62
 -35174.970     2.414     0.18    0.56
 -34807.760     2.520     0.29    0.38
 -34440.486     2.609     0.24    0.11
 -34073.148     2.621     0.03    0.00
 -33705.746     2.621     0.00    0.00
 -33338.281     2.621     0.00    0.00
 -32970.751     2.621     0.00    0.00
 -32603.158     2.621     0.00    0.00
 -32235.501     2.621     0.00    0.00
 -31867.779     2.621     0.00    0.00
 -31499.994     2.621     0.00    0.00
 -31132.144     2.621     0.00    0.00
 -30764.231     2.621     0.00    0.00
 -30396.253     2.621     0.00    0.00
 -30028.211     2.485    -0.37    0.49
 -29660.105     2.330    -0.42    0.68
 -29291.935     2.276    -0.15    0.72
 -28923.700     2.238    -0.10    0.72
 -28555.401     2.284     0.12    0.69
 -28187.038     2.337     0.15    0.64
 -27818.610     2.060    -0.75    0.85
 -27450.118     2.060     0.00    0.80
 -27081.561     2.097     0.10    0.80
 -26712.940     2.203     0.29    0.76
 -26344.254     2.585     1.03    0.19
 -25975.504     2.535    -0.14    0.28
 -25606.689     2.414    -0.33    0.41
 -25237.810     2.312    -0.27    0.46
 -24868.866     2.201    -0.30    0.50
 -24499.857     2.296     0.26    0.47
 -24130.783     2.469     0.47    0.36
 -23761.645     2.572     0.28    0.22
 -23392.442     2.621     0.13    0.00
 -23023.174     2.621     0.00    0.00
 -22653.841     2.696     0.20    0.27
 -22284.444     2.886     0.51    0.44
 -21914.981     3.359     1.28    0.82
 -21545.454     4.321     2.60    1.37
 -21175.861     5.352     2.79    1.30
 -20806.203     5.859     1.37    1.51
 -20436.481     6.193     0.90    1.74
 -20066.693     6.560     0.99    1.82
 -19696.840     6.990     1.16    1.61
 -19326.922     7.510     1.41    0.63
 -18956.939     7.621     0.30    0.00
 -18586.890     7.621     0.00    0.00
 -18216.776     7.569    -0.14    0.22
 -17846.597     7.377    -0.52    0.43
 -17476.353     7.141    -0.64    0.50
 -17106.043     6.883    -0.70    0.44
 -16735.668     6.699    -0.50    0.27
 -16365.227     6.621    -0.21    0.00
 -15994.721     6.621     0.00    0.00
 -15624.149     6.621     0.00    0.00
 -15253.511     6.621     0.00    0.00
 -14882.809     6.621     0.00    0.00
 -14512.040     6.621     0.00    0.00
 -14141.206     6.621     0.00    0.00
 -13770.306     6.343    -0.75    0.88
 -13399.340     5.902    -1.19    1.28
 -13028.309     5.724    -0.48    1.35
 -12657.212     5.633    -0.24    1.45
 -12286.049     5.735     0.27    1.47
 -11914.820     5.847     0.30    1.48
 -11543.525     5.695    -0.41    1.60
 -11172.164     5.411    -0.76    1.73
 -10800.737     5.189    -0.60    1.81
 -10429.245     4.880    -0.83    1.90
 -10057.686     4.734    -0.39    1.94
  -9686.061     4.633    -0.27    1.89
  -9314.370     4.658     0.07    1.92
  -8942.613     4.452    -0.55    1.94
  -8570.789     4.393    -0.16    1.95
  -8198.900     4.304    -0.24    1.89
  -7826.944     4.312     0.02    1.90
  -7454.922     4.127    -0.50    1.93
  -7082.833     4.115    -0.03    1.98
  -6710.679     4.050    -0.17    1.94
  -6338.457     4.090     0.11    1.96
  -5966.170     4.004    -0.23    1.97
  -5593.815     4.059     0.15    2.00
  -5221.395     3.910    -0.40    2.00
  -4848.908     3.682    -0.61    2.08
  -4476.354     3.436    -0.66    2.03
  -4103.733     3.201    -0.63    2.14
  -3731.046     2.727    -1.27    2.19
  -3358.293     2.296    -1.16    2.04
  -2985.472     1.769    -1.41    1.88
  -2612.585     1.374    -1.06    1.61
  -2239.631     0.978    -1.06    1.45
  -1866.610     0.672    -0.82    1.38
  -1493.522     0.362    -0.83    1.20
  -1120.368     0.184    -0.48    1.07
   -747.146    -0.078    -0.70    0.76
   -373.857    -0.252    -0.47    0.49
     -0.502    -0.355    -0.27    0.15
    372.921    -0.379    -0.06    0.00
    746.411    -0.231     0.40    0.42
   1119.967     0.034     0.71    0.79
   1493.591     0.633     1.60    1.22
   1867.283     1.184     1.47    1.24
   2241.041     1.448     0.71    1.14
   2614.867     1.621     0.46    1.22
   2988.760     1.383    -0.64    1.44
   3362.720     1.237    -0.39    1.67
   3736.748     1.353     0.31    1.96
   4110.843     1.777     1.13    2.53
   4485.006     2.927     3.07    2.99
   4859.236     3.790     2.31    2.61
   5233.533     4.055     0.71    2.17
   5607.898     4.660     1.62    1.93
   5982.331     5.204     1.46    1.79
   6356.832     5.416     0.56    1.74
   6731.400     4.975    -1.18    1.88
   7106.035     4.258    -1.91    1.75
   7480.739     3.958    -0.80    1.43
   7855.510     3.963     0.01    1.15
   8230.349     3.780    -0.49    1.07
   8605.256     3.454    -0.87    1.01
   8980.231     2.731    -1.93    0.86
   9355.274     2.064    -1.78    0.71
   9730.385     1.597    -1.25    0.81
  10105.563     1.325    -0.73    0.66
  10480.810     1.251    -0.20    0.64
  10856.125     1.234    -0.05    0.63
  11231.508     1.308     0.20    0.56
  11606.959     1.365     0.15    0.52
  11982.478     1.365     0.00    0.52
  12358.066     1.499     0.36    0.33
  12733.722     1.414    -0.23    0.46
  13109.446     1.158    -0.68    0.55
  13485.238     0.963    -0.52    0.53
  13861.099     0.804    -0.42    0.39
  14237.028     0.856     0.14    0.43
  14613.026     0.883     0.07    0.44
  14989.092     0.922     0.10    0.46
  15365.226     0.790    -0.35    0.38
  15741.430     0.684    -0.28    0.25
  16117.701     0.645    -0.10    0.15
  16494.042     0.671     0.07    0.22
  16870.451     0.695     0.07    0.35
  17246.929     0.685    -0.03    0.47
  17623.475     0.645    -0.11    0.46
  18000.091     0.595    -0.13    0.43
  18376.775     0.573    -0.06    0.27
  18753.528     0.570    -0.01    0.22
  19130.350     0.609     0.10    0.11
  19507.241     0.621     0.03    0.00
  19884.201     0.621     0.00    0.00
  20261.230     0.621     0.00    0.00
  20638.327     0.621     0.00    0.00
  21015.494     0.621     0.00    0.00
  21392.731     0.621     0.00    0.00
  21770.036     0.621     0.00    0.00
  22147.410     0.621     0.00    0.00
  22524.854     0.621     0.00    0.00
  22902.367     0.609    -0.03    0.11
  23279.949     0.621     0.03    0.22
  23657.601     0.670     0.13    0.31
  24035.322     0.681     0.03    0.28
  24413.113     0.804     0.33    0.39
  24790.973     0.950     0.39    0.47
  25168.902     1.077     0.33    0.50
  25546.901     1.174     0.26    0.50
  25924.970     1.165    -0.02    0.50
  26303.108     1.036    -0.34    0.50
  26681.316     0.993    -0.11    0.49
  27059.593     1.062     0.18    0.50
  27437.941     1.070     0.02    0.50
  27816.358     1.121     0.14    0.50
  28194.845     1.059    -0.17    0.50
  28573.402     1.040    -0.05    0.50
  28952.028     0.926    -0.30    0.46
  29330.725     0.792    -0.35    0.38
  29709.491     0.816     0.06    0.40
  30088.328     0.865     0.13    0.43
  30467.235     0.850    -0.04    0.42
  30846.211     0.707    -0.38    0.28
  31225.258     0.633    -0.19    0.11
  31604.375     0.621    -0.03    0.00
  31983.562     0.804     0.48    0.39
  32362.820     0.959     0.41    0.48
  32742.147     1.103     0.38    0.50
  33121.545     1.249     0.38    0.49
  33501.014     1.236    -0.04    0.49
  33880.553     1.095    -0.37    0.50
  34260.162     0.998    -0.26    0.49
  34639.842     1.146     0.39    0.50
  35019.592     1.320     0.46    0.46
  35399.413     1.465     0.38    0.37
  35779.304     1.419    -0.12    0.40
  36159.266     1.231    -0.49    0.49
  36539.299     1.127    -0.27    0.50
  36919.402     1.019    -0.29    0.49
  37299.576     0.914    -0.28    0.46
  37667.557     0.862    -0.14    0.43
  38034.247     0.794    -0.19    0.38
  38401.001     0.778    -0.04    0.40
  38767.821     0.646    -0.36    0.47
  39134.706     0.316    -0.90    0.56
  39501.656     0.109    -0.56    0.55
  39868.672    -0.029    -0.38    0.48
  40235.753    -0.005     0.07    0.49
  40602.899     0.084     0.24    0.50
  40970.111     0.048    -0.10    0.50
  41337.388    -0.033    -0.22    0.48
  41704.731    -0.010     0.06    0.49
  42072.139     0.019     0.08    0.49
  42439.613     0.207     0.51    0.50
  42807.152     0.442     0.64    0.39
  43174.758     0.586     0.39    0.19
  43542.428     0.621     0.10    0.00
  43910.165     0.621     0.00    0.00
  44277.967     0.621     0.00    0.00
  44645.835     0.621     0.00    0.00
  45013.769     0.621     0.00    0.00
  45381.769     0.621     0.00    0.00
  45749.834     0.621     0.00    0.00
  46117.966     0.548    -0.20    0.26
  46486.163     0.328    -0.60    0.46
  46854.427     0.163    -0.45    0.50
  47222.756     0.121    -0.11    0.50
  47591.152     0.171     0.14    0.50
  47959.614     0.362     0.52    0.44
  48328.141     0.548     0.50    0.26
  48696.735     0.597     0.13    0.15
  49065.396     0.584    -0.04    0.19
  49434.122     0.586     0.01    0.19
  49802.915     0.621     0.10    0.00
  50171.774     0.621     0.00    0.00
  50540.699     0.621     0.00    0.00
  50909.691     0.609    -0.03    0.11
  51278.749     0.608    -0.00    0.11
  51647.874     0.609     0.00    0.11
  52017.065     0.558    -0.14    0.25
  52386.323     0.550    -0.02    0.26
  52755.647     0.559     0.03    0.24
  53125.038     0.562     0.01    0.24
  53494.496     0.571     0.03    0.22
  53864.020     0.585     0.04    0.19
  54233.611     0.598     0.03    0.15
  54603.268     0.609     0.03    0.11
  54972.993     0.596    -0.03    0.16
  55342.784     0.597     0.00    0.15
  55712.642     0.597     0.00    0.15
  56082.567     0.597    -0.00    0.16
  56452.559     0.621     0.07    0.00
  56822.618     0.609    -0.03    0.11
  57192.744     0.368    -0.65    0.44
  57562.937     0.085    -0.77    0.50
  57933.197    -0.174    -0.70    0.41
  58303.524    -0.355    -0.49    0.15
  58673.919    -0.379    -0.06    0.00
  59044.380    -0.379     0.00    0.00
  59414.909    -0.379     0.00    0.00
  59785.505    -0.379     0.00    0.00
  60156.168    -0.379     0.00    0.00
  60526.899    -0.379     0.00    0.00
  60897.697    -0.379     0.00    0.00
  61268.562    -0.379     0.00    0.00
  61639.495    -0.379     0.00    0.00
  62010.495    -0.379     0.00    0.00
  62381.563    -0.379     0.00    0.00
  62752.699    -0.379     0.00    0.00
  63123.902    -0.379     0.00    0.00
  63495.172    -0.379     0.00    0.00
  63866.511    -0.379     0.00    0.00
  64237.916    -0.379     0.00    0.00
  64609.390    -0.379     0.00    0.00
  64980.932    -0.379     0.00    0.00
  65352.541    -0.379     0.00    0.00
  65724.218    -0.379     0.00    0.00
  66095.963    -0.379     0.00    0.00
  66467.776    -0.379     0.00    0.00
  66839.657    -0.379     0.00    0.00
  67211.606    -0.379     0.00    0.00
  67583.623    -0.379     0.00    0.00
  67955.708    -0.379     0.00    0.00
  68327.861    -0.379     0.00    0.00
  68700.082    -0.379     0.00    0.00
  69072.372    -0.379     0.00    0.00
  69444.730    -0.379     0.00    0.00
  69817.156    -0.379     0.00    0.00
  70189.650    -0.379     0.00    0.00
  70562.213    -0.379     0.00    0.00
  70934.843    -0.379     0.00    0.00
  71307.543    -0.379     0.00    0.00
  71680.311    -0.379     0.00    0.00
  72053.147    -0.379     0.00    0.00
  72426.052    -0.379     0.00    0.00
  72799.025    -0.379     0.00    0.00
  73172.067    -0.379     0.00    0.00
  73545.178    -0.379     0.00    0.00
  73918.357    -0.379     0.00    0.00
  74291.605    -0.379     0.00    0.00
  74664.922    -0.379     0.00    0.00
  75038.308    -0.379     0.00    0.00
  75411.762    -0.379     0.00    0.00
  75785.285    -0.379     0.00    0.00
  76158.877    -0.379     0.00    0.00
  76532.539    -0.379     0.00    0.00
  76906.269    -0.379     0.00    0.00
  77280.068    -0.379     0.00    0.00
  77653.936    -0.379     0.00    0.00
  78027.873    -0.379     0.00    0.00
  78401.880    -0.379     0.00    0.00
  78775.955    -0.379     0.00    0.00
  79150.100    -0.379     0.00    0.00
  79524.314    -0.379     0.00    0.00
  79898.597    -0.379     0.00    0.00
  80272.950    -0.379     0.00    0.00
  80647.372    -0.379     0.00    0.00
  81021.863    -0.379     0.00    0.00
  81396.424    -0.379     0.00    0.00
  81771.054    -0.379     0.00    0.00
  82145.754    -0.379     0.00    0.00
  82520.523    -0.379     0.00    0.00
  82895.362    -0.379     0.00    0.00
  83270.271    -0.379     0.00    0.00
  83645.249    -0.379     0.00    0.00
  84020.297    -0.379     0.00    0.00
  84395.415    -0.379     0.00    0.00
  84770.603    -0.379     0.00    0.00
  85145.860    -0.379     0.00    0.00
  85521.187    -0.379     0.00    0.00
  85896.584    -0.379     0.00    0.00
  86272.051    -0.379     0.00    0.00
  86647.588    -0.379     0.00    0.00
  87023.195    -0.379     0.00    0.00
  87398.872    -0.379     0.00    0.00
  87774.620    -0.379     0.00    0.00
  88150.437    -0.379     0.00    0.00
  88526.325    -0.379     0.00    0.00
  88902.282    -0.379     0.00    0.00
  89278.310    -0.379     0.00    0.00
  89654.409    -0.379     0.00    0.00
  90030.577    -0.379     0.00    0.00
  90406.816    -0.379     0.00    0.00
  90783.126    -0.379     0.00    0.00
  91159.506    -0.379     0.00    0.00
  91535.956    -0.379     0.00    0.00
  91912.477    -0.379     0.00    0.00
  92289.068    -0.379     0.00    0.00
  92665.730    -0.379     0.00    0.00
  93042.463    -0.379     0.00    0.00
  93419.267    -0.379     0.00    0.00
  93796.141    -0.379     0.00    0.00
  94173.086    -0.379     0.00    0.00
  94550.101    -0.379     0.00    0.00
  94927.188    -0.379     0.00    0.00
  95304.345    -0.379     0.00    0.00
  95681.574    -0.379     0.00    0.00
  96058.873    -0.379     0.00    0.00
  96436.244    -0.379     0.00    0.00
  96813.685    -0.379     0.00    0.00
  97191.198    -0.379     0.00    0.00
  97568.781    -0.379     0.00    0.00
  97946.436    -0.379     0.00    0.00
  98324.162    -0.379     0.00    0.00
  98701.959    -0.379     0.00    0.00
  99079.828    -0.379     0.00    0.00
  99457.768    -0.379     0.00    0.00
  99835.779    -0.379     0.00    0.00
 100213.862    -0.379     0.00    0.00
 100592.016    -0.379     0.00    0.00
 100970.241    -0.379     0.00    0.00
 101348.539    -0.379     0.00    0.00
 101726.907    -0.379     0.00    0.00
 102105.348    -0.379     0.00    0.00
 102483.860    -0.379     0.00    0.00
 102862.443    -0.379     0.00    0.00
 103241.099    -0.379     0.00    0.00
 103619.826    -0.379     0.00    0.00
 103998.625    -0.379     0.00    0.00
 104377.496    -0.379     0.00    0.00
 104756.438    -0.379     0.00    0.00
 105135.453    -0.379     0.00    0.00
 105514.540    -0.379     0.00    0.00
 105893.698    -0.379     0.00    0.00
 106272.929    -0.379     0.00    0.00
 106652.232    -0.379     0.00    0.00
 107031.607    -0.379     0.00    0.00
 107411.054    -0.379     0.00    0.00
 107790.573    -0.379     0.00    0.00
 108170.165    -0.379     0.00    0.00
 108549.829    -0.379     0.00    0.00
 108929.565    -0.379     0.00    0.00
 109309.374    -0.379     0.00    0.00
 109689.255    -0.379     0.00    0.00
 110069.209    -0.379     0.00    0.00
 110449.235    -0.379     0.00    0.00
 110829.333    -0.379     0.00    0.00
 111209.505    -0.379     0.00    0.00
 111589.748    -0.379     0.00    0.00
 111970.065    -0.379     0.00    0.00
 112342.101    -0.379     0.00    0.00
 112708.581    -0.379     0.00    0.00
 113075.128    -0.379     0.00    0.00
 113441.742    -0.379     0.00    0.00
 113808.423    -0.379     0.00    0.00
 114175.170    -0.379     0.00    0.00
 114541.985    -0.379     0.00    0.00
 114908.866    -0.379     0.00    0.00
 115275.815    -0.379     0.00    0.00
 115642.830    -0.379     0.00    0.00
 116009.913    -0.379     0.00    0.00
 116377.062    -0.379     0.00    0.00
 116744.279    -0.379     0.00    0.00
 117111.563    -0.379     0.00    0.00
 117478.914    -0.379     0.00    0.00
 117846.333    -0.379     0.00    0.00
 118213.819    -0.379     0.00    0.00
 118581.372    -0.379     0.00    0.00
 118948.992    -0.379     0.00    0.00
 119316.680    -0.379     0.00    0.00
 119684.436    -0.379     0.00    0.00
 120052.259    -0.379     0.00    0.00
 120420.149    -0.379     0.00    0.00
 120788.107    -0.379     0.00    0.00
 121156.133    -0.379     0.00    0.00
 121524.226    -0.379     0.00    0.00
 121892.387    -0.379     0.00    0.00
 122260.615    -0.379     0.00    0.00
 122628.912    -0.379     0.00    0.00
 122997.276    -0.379     0.00    0.00
 123365.708    -0.379     0.00    0.00
 123734.208    -0.379     0.00    0.00
 124102.776    -0.379     0.00    0.00
 124471.411    -0.379     0.00    0.00
 124840.115    -0.379     0.00    0.00
 125208.887    -0.379     0.00    0.00
 125577.726    -0.379     0.00    0.00
 125946.634    -0.379     0.00    0.00
 126315.610    -0.379     0.00    0.00
 126684.654    -0.379     0.00    0.00
 127053.767    -0.379     0.00    0.00
 127422.947    -0.379     0.00    0.00
 127792.196    -0.379     0.00    0.00
 128161.513    -0.379     0.00    0.00
 128530.899    -0.379     0.00    0.00
 128900.352    -0.379     0.00    0.00
 129269.875    -0.379     0.00    0.00
 129639.466    -0.379     0.00    0.00
 130009.125    -0.379     0.00    0.00
 130378.853    -0.379     0.00    0.00
 130748.649    -0.379     0.00    0.00
 131118.514    -0.379     0.00    0.00
 131488.448    -0.379     0.00    0.00
 131858.450    -0.379     0.00    0.00
 132228.521    -0.379     0.00    0.00
 132598.661    -0.379     0.00    0.00
 132968.870    -0.379     0.00    0.00
 133339.147    -0.379     0.00    0.00
 133709.494    -0.379     0.00    0.00
 134079.909    -0.379     0.00    0.00
 134450.393    -0.379     0.00    0.00
 134820.947    -0.379     0.00    0.00
 135191.569    -0.379     0.00    0.00
 135562.261    -0.379     0.00    0.00
 135933.021    -0.379     0.00    0.00
 136303.851    -0.379     0.00    0.00
 136674.750    -0.379     0.00    0.00
 137045.718    -0.379     0.00    0.00
 137416.755    -0.379     0.00    0.00
 137787.862    -0.379     0.00    0.00
 138159.038    -0.379     0.00    0.00
 138530.284    -0.379     0.00    0.00
 138901.598    -0.379     0.00    0.00
 139272.983    -0.379     0.00    0.00
 139644.437    -0.379     0.00    0.00
 140015.960    -0.379     0.00    0.00
 140387.553    -0.379     0.00    0.00
 140759.216    -0.379     0.00    0.00
 141130.948    -0.379     0.00    0.00
 141502.750    -0.379     0.00    0.00
 141874.621    -0.379     0.00    0.00
 142246.563    -0.379     0.00    0.00
 142618.574    -0.379     0.00    0.00
 142990.655    -0.379     0.00    0.00
 143362.806    -0.379     0.00    0.00
 143735.027    -0.379     0.00    0.00
 144107.318    -0.379     0.00    0.00
 144479.679    -0.379     0.00    0.00
 144852.110    -0.379     0.00    0.00
 145224.611    -0.379     0.00    0.00
 145597.183    -0.379     0.00    0.00
 145969.824    -0.379     0.00    0.00
 146342.536    -0.379     0.00    0.00
 146715.318    -0.379     0.00    0.00
 147088.170    -0.379     0.00    0.00
 147461.092    -0.379     0.00    0.00
 147834.085    -0.379     0.00    0.00
 148207.148    -0.379     0.00    0.00
 148580.282    -0.379     0.00    0.00
 148953.486    -0.379     0.00    0.00
 149326.761    -0.379     0.00    0.00
 149700.106    -0.379     0.00    0.00
 150073.522    -0.379     0.00    0.00
 150447.009    -0.379     0.00    0.00
 150820.566    -0.379     0.00    0.00
 151194.194    -0.379     0.00    0.00
 151567.893    -0.379     0.00    0.00
 151941.662    -0.379     0.00    0.00
 152315.503    -0.379     0.00    0.00
 152689.414    -0.379     0.00    0.00
 153063.396    -0.379     0.00    0.00
 153437.449    -0.379     0.00    0.00
 153811.573    -0.379     0.00    0.00
 154185.769    -0.379     0.00    0.00
 154560.035    -0.379     0.00    0.00
 154934.372    -0.379     0.00    0.00
 155308.781    -0.379     0.00    0.00
 155683.261    -0.379     0.00    0.00
 156057.812    -0.379     0.00    0.00
 156432.434    -0.379     0.00    0.00
 156807.128    -0.379     0.00    0.00
 157181.893    -0.379     0.00    0.00
 157556.729    -0.379     0.00    0.00
 157931.637    -0.379     0.00    0.00
