-259630.140   676.776     0.00    9.51
-259250.265   679.728     7.77   11.01
-258870.319   685.804    15.99   14.62
-258490.302   693.095    19.18   18.70
-258110.214   715.331    58.49   47.15
-257741.929   745.321    81.41   85.30
-257375.336   806.138   165.86  145.87
-257008.677   851.740   124.35  162.60
-256641.954   925.264   200.45  180.85
-256275.165  1009.240   228.90  203.71
-255908.311  1092.646   227.31  210.60
-255541.392  1144.152   140.35  202.67
-255174.407  1137.384   -18.44  207.81
-254807.356  1040.106  -264.97  187.94
-254440.240   958.959  -220.99  157.63
-254073.059   900.359  -159.56  110.24
-253705.812   859.331  -111.70   64.83
-253338.499   838.554   -56.55   28.28
-252971.121   836.613    -5.28   12.22
-252603.677   845.136    23.19   12.31
-252236.168   852.997    21.39   14.01
-251868.593   861.764    23.85   13.25
-251500.952   869.823    21.92   12.59
-251133.245   882.378    34.14   19.65
-250765.472   895.576    35.88   27.11
-250397.634   908.264    34.49   22.67
-250029.729   917.910    26.21   19.31
-249661.759   925.441    20.46   14.54
-249293.722   930.252    13.07   15.66
-248925.620   947.308    46.33   43.12
-248557.451   979.140    86.44   81.12
-248189.217  1037.923   159.60  134.25
-247820.916  1104.757   181.43  172.57
-247452.549  1187.112   223.52  187.13
-247084.116  1256.162   187.38  186.24
-246715.617  1326.134   189.85  189.14
-246347.051  1353.815    75.09  188.04
-245978.419  1398.416   120.97  173.59
-245609.721  1417.171    50.86  140.33
-245240.957  1420.087     7.91  104.93
-244872.126  1430.130    27.22   79.58
-244503.228  1410.651   -52.79   73.21
-244134.264  1354.206  -152.95   78.92
-243765.234  1293.522  -164.41   82.20
-243396.137  1241.483  -140.96   73.15
-243026.973  1206.516   -94.70   50.34
-242657.743  1190.506   -43.35   23.54
-242288.446  1192.659     5.83   18.06
-241919.083  1203.849    30.29   16.13
-241549.652  1216.243    33.54   15.44
-241180.155  1226.947    28.96   13.96
-240810.591  1235.194    22.31   16.05
-240440.961  1246.166    29.68   18.01
-240071.263  1256.569    28.13   17.65
-239701.498  1267.345    29.14   15.12
-239331.667  1280.130    34.56   15.86
-238961.768  1293.783    36.90   20.20
-238591.803  1305.923    32.81   26.26
-238221.770  1329.260    63.06   51.28
-237851.671  1363.297    91.95   93.31
-237481.504  1402.816   106.74  124.58
-237111.270  1435.116    87.22  125.59
-236740.969  1478.545   117.26  120.92
-236370.600  1529.309   137.04  144.28
-236000.164  1613.423   227.03  164.22
-235629.661  1673.574   162.32  156.96
-235259.091  1710.874   100.64  142.19
-234888.453  1716.240    14.47  124.47
-234517.748  1699.391   -45.44  101.13
-234146.975  1696.413    -8.03  108.90
-233776.135  1688.410   -21.57  108.47
-233405.227  1704.910    44.48  115.52
-233034.252  1820.428   311.33  195.50
-232663.209  1945.900   338.10  215.23
-232292.099  2050.367   281.44  176.30
-231920.920  2020.742   -79.80  193.42
-231549.674  1920.934  -268.80  213.83
-231178.361  1803.194  -317.03  180.80
-230806.979  1715.559  -235.93  112.56
-230435.530  1660.830  -147.31   56.80
-230064.012  1651.921   -23.98   64.76
-229692.427  1686.312    92.54  122.90
-229320.774  1766.447   215.58  187.76
-228949.053  1855.878   240.54  185.95
-228577.264  1903.818   128.92  157.42
-228205.407  1891.304   -33.65  166.64
-227833.481  1844.523  -125.76  160.30
-227461.488  1847.512     8.03  151.28
-227089.426  1831.034   -44.28  149.20
-226717.296  1773.721  -153.99  175.25
-226345.098  1658.706  -308.96  182.94
-225972.832  1546.818  -300.51  134.26
-225600.497  1501.719  -121.10   85.44
-225228.094  1578.554   206.29  174.99
-224855.623  1690.809   301.32  198.89
-224483.083  1798.218   288.26  152.34
-224110.475  1824.177    69.66  131.26
-223737.798  1723.839  -269.19  183.23
-223365.053  1583.554  -376.29  190.94
-222992.239  1458.794  -334.58  136.68
-222619.356  1403.284  -148.84  101.37
-222246.405  1474.677   191.39  182.22
-221873.385  1612.113   368.38  218.08
-221500.296  1725.197   303.05  179.33
-221127.139  1770.921   122.51  140.72
-220753.912  1735.029   -96.15  148.43
-220380.617  1644.447  -242.61  118.37
-220007.253  1600.042  -118.91   98.54
-219633.820  1565.947   -91.29  117.24
-219260.318  1492.277  -197.21  140.13
-218886.747  1410.212  -219.64  170.64
-218513.107  1288.638  -325.32  163.73
-218139.398  1180.147  -290.26  109.58
-217765.620  1124.971  -147.59   83.39
-217391.773  1084.357  -108.62   48.70
-217017.856  1096.328    32.01   68.98
-216643.871  1134.617   102.36  100.88
-216269.816  1196.842   166.32  106.56
-215895.691  1242.009   120.71   78.63
-215521.498  1298.959   152.17  125.51
-215147.234  1359.728   162.34  156.86
-214772.902  1414.866   147.27  148.26
-214398.500  1442.491    73.77   97.86
-214024.028  1365.203  -206.36  139.33
-213649.487  1268.197  -258.96  147.21
-213274.877  1164.197  -277.57  131.02
-212900.197  1061.314  -274.54   95.32
-212525.447   987.878  -195.93   84.87
-212150.627   923.134  -172.70   55.69
-211775.738   884.935  -101.88   33.13
-211400.779   861.397   -62.77   21.88
-211025.750   850.030   -30.30   14.84
-210650.651   843.618   -17.09    7.02
-210275.483   845.721     5.61   10.92
-209900.244   871.179    67.83   44.46
-209524.936   902.429    83.25   58.98
-209149.557   932.065    78.94   54.55
-208774.108   944.124    32.11   41.31
-208398.590   938.058   -16.15   29.68
-208023.001   931.709   -16.90   19.25
-207647.342   939.525    20.80   38.03
-207271.613   967.019    73.16   65.25
-206895.813  1023.742   150.91   80.62
-206519.944  1073.866   133.33   68.78
-206144.004  1103.248    78.14   67.39
-205767.993  1109.851    17.56   75.22
-205391.913  1092.157   -47.04   80.63
-205015.761  1060.260   -84.78   74.30
-204639.540  1032.790   -73.00   76.76
-204263.247   997.646   -93.38   69.29
-203886.885   964.606   -87.77   50.72
-203510.451   953.651   -29.10   35.70
-203133.947   946.665   -18.55   22.08
-202757.373   942.320   -11.54   19.01
-202380.727   941.383    -2.49   17.88
-202004.011   936.569   -12.78   17.45
-201627.224   935.594    -2.59   19.09
-201250.366   940.374    12.68   29.24
-200873.438   952.273    31.56   41.88
-200496.438   959.478    19.11   47.39
-200119.368   961.876     6.36   50.31
-199742.226   956.547   -14.13   53.29
-199365.013   944.112   -32.96   50.06
-198987.730   930.643   -35.70   45.71
-198610.375   915.959   -38.91   36.71
-198232.949   910.643   -14.08   29.68
-197855.452   906.312   -11.47   24.73
-197477.884   905.054    -3.33   27.64
-197100.244   906.808     4.64   34.01
-196722.533   910.910    10.86   41.53
-196344.751   925.733    39.23   44.51
-195966.897   944.019    48.39   39.82
-195588.972   948.019    10.58   38.54
-195210.975   938.209   -25.95   52.77
-194832.907   922.258   -42.18   58.03
-194454.768   913.489   -23.19   49.35
-194076.556   918.959    14.46   42.56
-193698.273   936.622    46.68   36.22
-193319.919   938.080     3.85   38.91
-192941.493   933.761   -11.41   40.71
-192562.994   943.995    27.03   46.08
-192184.425   968.650    65.12   55.78
-191805.783  1003.272    91.42   37.49
-191427.069  1009.653    16.85   27.84
-191048.284   987.184   -59.31   48.64
-190669.426   927.136  -158.48   87.83
-190290.497   859.247  -179.13  108.43
-189911.495   792.324  -176.55  103.32
-189532.422   733.809  -154.34   49.68
-189153.276   721.143   -33.40   28.37
-188774.058   746.272    66.26   50.89
-188394.768   802.209   147.46   84.28
-188015.405   873.508   187.92   98.90
-187635.971   928.383   144.60   86.51
-187256.464   976.959   127.98   78.63
-186876.884  1012.531    93.70   90.48
-186497.232  1036.531    63.21  101.70
-186117.508  1072.285    94.14  105.60
-185737.711  1076.227    10.38   91.40
-185357.842  1047.032   -76.84   82.12
-184977.900   981.227  -173.17   98.61
-184597.886   921.691  -156.64   67.03
-184217.798   934.901    34.75   80.95
-183837.639   990.309   145.73  116.08
-183457.406  1058.888   180.33   93.37
-183085.026  1085.359    71.08   63.73
-182718.640  1042.736  -116.32   94.26
-182352.188   958.809  -228.99   94.55
-181985.668   883.227  -206.19   96.02
-181619.082   825.971  -156.16   75.94
-181252.429   792.173   -92.17   54.36
-180885.709   797.747    15.20   70.73
-180518.921   825.718    76.25   89.61
-180152.067   859.150    91.12   83.11
-179785.146   908.155   133.54   88.89
-179418.157   947.495   107.18  103.98
-179051.101   961.288    37.57  101.91
-178683.978   970.831    25.99   92.37
-178316.788   965.435   -14.69   75.42
-177949.531   957.603   -21.32   64.30
-177582.206   980.712    62.90   66.16
-177214.814  1001.564    56.75   90.50
-176847.354  1018.172    45.19  110.53
-176479.827  1036.132    48.86  100.36
-176112.233  1036.379     0.67   89.39
-175744.571  1002.051   -93.36   96.26
-175376.841   941.313  -165.15  107.46
-175009.044   867.090  -201.78  102.49
-174641.179   796.260  -192.52   90.33
-174273.247   721.806  -202.33   88.15
-173905.247   661.157  -164.79   79.86
-173537.179   603.614  -156.32   71.18
-173169.043   568.900   -94.28   55.24
-172800.840   574.575    15.41   75.94
-172432.568   624.831   136.45  112.72
-172064.229   686.243   166.70   92.35
-171695.822   686.685     1.20   82.19
-171327.347   639.996  -126.69  103.44
-170958.804   587.568  -142.24   85.26
-170590.193   554.672   -89.23   63.81
-170221.514   541.750   -35.04   76.97
-169852.767   543.309     4.23   78.14
-169483.951   550.300    18.95   74.17
-169115.068   568.084    48.20   75.79
-168746.116   611.017   116.35   71.45
-168377.096   636.712    69.62   54.23
-168008.007   616.614   -54.45   71.21
-167638.851   586.520   -81.51   67.88
-167269.625   579.292   -19.57   53.44
-166900.332   584.889    15.15   47.36
-166530.970   596.029    30.15   47.01
-166161.540   581.550   -39.19   63.43
-165792.041   534.924  -126.17   70.83
-165422.473   495.099  -107.75   52.31
-165052.837   474.839   -54.80   44.10
-164683.132   456.042   -50.84   43.72
-164313.359   430.157   -69.99   50.53
-163943.516   403.736   -71.43   51.33
-163573.605   365.221  -104.11   44.34
-163203.626   327.324  -102.42   41.27
-162833.577   293.240   -92.10   41.12
-162463.460   265.913   -73.82   37.65
-162093.273   237.792   -75.95   21.62
-161723.018   219.982   -48.10   20.22
-161352.694   203.675   -44.03   20.14
-160982.301   189.818   -37.41   15.52
-160611.838   178.647   -30.15    9.57
-160241.307   171.459   -19.40    8.56
-159870.706   165.672   -15.61   10.10
-159500.036   161.823   -10.38    9.57
-159129.297   158.384    -9.27    9.28
-158758.489   152.672   -15.40   11.75
-158387.611   145.597   -19.07   13.08
-158016.665   139.626   -16.09   10.88
-157645.648   135.562   -10.95    6.63
-157274.563   136.680     3.01    7.79
-156903.408   140.839    11.20    9.49
-156532.183   144.331     9.41    9.38
-156160.889   144.312    -0.05   10.56
-155789.525   141.155    -8.50   11.57
-155418.092   135.183   -16.08   13.37
-155046.589   128.783   -17.23   13.71
-154675.016   124.020   -12.82   12.71
-154303.374   119.552   -12.02   10.74
-153931.662   115.738   -10.26    9.31
-153559.880   111.876   -10.39    7.65
-153188.028   108.764    -8.37    6.32
-152816.106   106.789    -5.31    5.35
-152444.115   105.221    -4.21    4.19
-152072.053   104.783    -1.18    4.33
-151699.922   104.800     0.05    5.11
-151327.720   105.554     2.03    6.16
-150955.448   106.054     1.34    6.59
-150583.107   106.006    -0.13    6.13
-150210.695   104.483    -4.09    5.17
-149838.213   102.352    -5.72    3.88
-149465.660   100.277    -5.57    2.37
-149093.038    98.430    -4.96    1.99
-148720.345    97.230    -3.22    1.86
-148347.582    96.285    -2.53    1.56
-147974.748    95.831    -1.22    1.56
-147601.844    95.610    -0.59    1.53
-147228.869    95.453    -0.42    1.36
-146855.824    94.865    -1.58    1.18
-146482.708    94.265    -1.61    1.11
-146109.522    93.529    -1.97    1.33
-145736.265    92.808    -1.93    1.49
-145362.938    92.057    -2.01    1.70
-144989.540    91.413    -1.72    1.86
-144616.070    90.757    -1.76    1.70
-144242.531    90.407    -0.94    1.53
-143868.920    89.971    -1.17    1.21
-143495.239    90.017     0.12    1.27
-143121.486    90.008    -0.03    1.28
-142747.663    90.075     0.18    1.37
-142373.768    89.959    -0.31    1.55
-141999.803    89.614    -0.92    1.72
-141625.767    89.424    -0.51    2.65
-141251.659    89.285    -0.37    3.31
-140877.480    88.752    -1.42    3.66
-140503.230    87.890    -2.30    3.63
-140128.909    86.864    -2.74    2.90
-139754.517    86.660    -0.54    2.24
-139380.053    87.634     2.60    4.17
-139005.518    92.424    12.79    9.92
-138630.911    99.727    19.49   12.37
-138256.233   104.166    11.85   10.54
-137881.484   102.594    -4.19   11.31
-137506.663    96.902   -15.19   12.95
-137131.770    87.157   -25.99    7.73
-136756.806    82.622   -12.09    2.98
-136381.771    80.887    -4.63    1.41
-136006.663    80.407    -1.28    0.89
-135631.484    80.878     1.25    1.24
-135256.233    81.806     2.47    1.56
-134880.910    83.192     3.69    1.90
-134505.516    85.110     5.11    2.92
-134130.049    89.357    11.31    6.11
-133754.511    96.152    18.09   10.82
-133378.901   104.706    22.77   12.75
-133003.218   112.816    21.59   11.41
-132627.464   120.488    20.41    9.98
-132251.637   126.794    16.78    9.36
-131875.739   135.126    22.16   11.48
-131499.768   144.050    23.73   16.30
-131123.725   158.924    39.55   27.90
-130747.609   174.842    42.32   39.57
-130371.422   204.084    77.73   56.99
-129995.162   228.448    64.74   60.31
-129618.829   269.785   109.83   66.03
-129242.425   309.389   105.21   72.68
-128865.948   333.053    62.85   68.41
-128489.398   338.448    14.32   76.84
-128112.776   326.145   -32.66   88.36
-127736.081   312.140   -37.18   93.00
-127359.313   301.465   -28.33   92.64
-126982.473   291.536   -26.35   86.73
-126605.560   256.660   -92.52   82.79
-126228.574   214.550  -111.69   72.34
-125851.516   177.529   -98.17   52.69
-125474.385   149.618   -74.00   22.35
-125097.180   139.396   -27.10    8.84
-124719.903   138.070    -3.51    8.24
-124342.553   136.524    -4.10   10.32
-123965.130   131.849   -12.38   14.00
-123587.634   125.823   -15.96   15.16
-123210.065   123.520    -6.10   13.74
-122832.423   127.277     9.95   14.89
-122454.707   131.423    10.97   13.55
-122076.918   130.189    -3.26   13.73
-121699.056   122.292   -20.90   11.51
-121321.121   116.591   -15.08    3.84
-120943.112   115.292    -3.44    0.50
-120565.030   115.465     0.46    0.63
-120186.875   115.733     0.71    0.78
-119808.646   115.959     0.60    0.87
-119430.343   116.075     0.31    0.86
-119051.967   116.052    -0.06    0.82
-118673.517   116.511     1.21    1.42
-118294.994   118.039     4.04    3.65
-117916.397   121.209     8.37    5.58
-117537.726   125.384    11.03    7.12
-117158.982   129.802    11.66    6.66
-116780.163   133.900    10.82    4.24
-116401.271   136.878     7.86    3.09
-116022.305   139.087     5.83    3.05
-115643.265   141.844     7.27    2.81
-115264.151   144.245     6.33    2.53
-114884.963   146.499     5.95    2.29
-114505.701   148.081     4.17    1.85
-114126.365   148.391     0.82    3.23
-113746.954   146.593    -4.74    6.82
-113367.470   143.775    -7.43    8.23
-112987.911   142.032    -4.59    8.24
-112608.278   139.660    -6.25    7.77
-112228.570   137.757    -5.01    6.12
-111848.788   138.051     0.77    5.24
-111468.932   140.019     5.18    4.81
-111089.001   142.564     6.70    4.17
-110708.996   145.041     6.52    2.73
-110328.916   146.512     3.87    1.22
-109948.762   147.107     1.56    0.75
-109568.533   147.743     1.67    1.14
-109188.229   148.794     2.76    1.90
-108807.851   150.273     3.89    2.49
-108431.028   151.645     3.64    2.35
-108064.856   152.371     1.98    2.24
-107698.617   152.561     0.52    2.85
-107332.309   152.194    -1.00    3.59
-106965.932   151.087    -3.02    3.90
-106599.487   150.522    -1.54    3.19
-106232.973   151.995     4.02    4.70
-105866.390   159.005    19.12   14.34
-105499.739   175.823    45.87   29.31
-105133.019   195.171    52.75   32.12
-104766.230   207.849    34.56   25.26
-104399.373   208.074     0.61   23.87
-104032.446   199.531   -23.28   25.82
-103665.451   187.357   -33.17   21.08
-103298.386   179.419   -21.62   14.57
-102931.253   174.747   -12.72    9.51
-102564.051   178.493    10.20   14.70
-102196.779   194.155    42.64   33.96
-101829.439   217.506    63.56   49.66
-101462.029   248.668    84.81   60.51
-101094.550   282.857    93.03   65.52
-100727.002   319.260    99.04   65.25
-100359.385   341.402    60.23   51.93
 -99991.698   348.313    18.79   37.46
 -99623.942   344.285   -10.95   30.87
 -99256.117   336.618   -20.84   28.19
 -98888.222   337.584     2.63   22.75
 -98520.258   340.435     7.75   18.43
 -98152.224   334.596   -15.87   19.25
 -97784.121   322.270   -33.48   22.25
 -97415.948   307.195   -40.94   22.36
 -97047.706   291.459   -42.73   18.46
 -96679.394   276.232   -41.34   16.06
 -96311.012   268.184   -21.85   13.08
 -95942.561   263.007   -14.05   11.20
 -95574.040   262.391    -1.67   13.51
 -95205.449   261.192    -3.25   17.02
 -94836.788   258.823    -6.43   16.40
 -94468.057   257.578    -3.38   13.72
 -94099.256   259.201     4.40   12.60
 -93730.386   266.923    20.93    8.29
 -93361.445   270.626    10.04    5.37
 -92992.434   269.849    -2.10    7.31
 -92623.354   268.409    -3.90   12.40
 -92254.203   266.019    -6.47   16.33
 -91884.982   260.686   -14.44   17.66
 -91515.691   254.052   -17.96   15.95
 -91146.329   246.097   -21.54   12.35
 -90776.897   240.396   -15.43    7.88
 -90407.395   237.802    -7.02    4.04
 -90037.823   237.842     0.11    4.43
 -89668.180   240.618     7.51    6.12
 -89298.467   244.914    11.62    7.69
 -88928.683   252.007    19.18    9.30
 -88558.828   259.743    20.91   11.53
 -88188.904   268.660    24.10   15.01
 -87818.908   274.368    15.43   17.02
 -87448.842   274.019    -0.94   18.58
 -87078.705   267.959   -16.37   19.30
 -86708.498   257.044   -29.48   15.47
 -86338.219   241.510   -41.95   22.21
 -85967.870   219.923   -58.28   30.30
 -85597.450   200.748   -51.76   29.22
 -85226.960   187.020   -37.05   20.38
 -84856.398   179.120   -21.32   14.37
 -84485.765   177.240    -5.07   12.99
 -84115.061   177.686     1.21   11.67
 -83744.287   178.328     1.73   12.42
 -83373.441   182.402    10.99   13.42
 -83002.524   188.383    16.12   11.84
 -82631.536   191.857     9.36    9.55
 -82260.476   193.304     3.90    8.48
 -81889.346   193.040    -0.71    8.72
 -81518.144   193.668     1.69    9.11
 -81146.870   196.552     7.77    8.52
 -80775.526   200.482    10.58    6.95
 -80404.110   203.505     8.14    7.57
 -80032.622   206.552     8.20    7.79
 -79661.063   207.132     1.56    6.89
 -79289.433   204.430    -7.27    9.36
 -78917.731   196.516   -21.29   14.71
 -78545.957   186.600   -26.67   17.94
 -78174.111   173.773   -34.49   18.00
 -77802.194   160.402   -35.95   17.23
 -77430.206   150.936   -25.45   15.64
 -77058.145   149.300    -4.40   13.75
 -76686.012   151.233     5.19   16.15
 -76313.808   159.664    22.65   19.41
 -75941.532   171.889    32.84   18.17
 -75569.184   182.307    27.98   13.83
 -75196.764   190.465    21.90    6.60
 -74824.271   193.315     7.65    3.25
 -74451.707   193.056    -0.70    4.28
 -74079.071   191.810    -3.34    5.49
 -73706.362   191.971     0.43    6.89
 -73333.581   194.396     6.50    6.71
 -72960.728   196.337     5.21    5.19
 -72587.803   196.027    -0.83    6.74
 -72214.805   195.694    -0.89    8.40
 -71841.735   195.190    -1.35    8.14
 -71468.593   197.019     4.90    7.40
 -71095.378   198.775     4.71    8.18
 -70722.091   202.593    10.23    9.53
 -70348.731   202.173    -1.13   10.58
 -69975.299   196.646   -14.80   13.99
 -69601.793   187.453   -24.61   14.83
 -69228.216   177.947   -25.44   12.54
 -68854.565   170.881   -18.91   10.10
 -68480.842   167.273    -9.65    8.50
 -68107.046   165.215    -5.51    8.57
 -67733.177   166.866     4.42    9.06
 -67359.236   171.698    12.92    8.25
 -66985.221   177.590    15.75   10.40
 -66611.134   187.130    25.50   15.30
 -66236.973   197.273    27.11   18.94
 -65862.739   206.734    25.28   21.15
 -65488.433   219.541    34.21   27.56
 -65114.053   236.645    45.68   33.32
 -64739.600   260.913    64.81   42.87
 -64365.074   295.266    91.72   45.23
 -63990.474   310.575    40.87   36.58
 -63615.802   306.330   -11.33   42.33
 -63241.056   292.810   -36.08   46.45
 -62866.236   277.060   -42.02   45.42
 -62491.343   276.296    -2.04   51.72
 -62116.377   270.611   -15.16   53.24
 -61741.337   251.494   -50.97   60.25
 -61366.224   215.209   -96.73   66.74
 -60991.037   178.430   -98.02   59.34
 -60615.776   141.891   -97.37   37.67
 -60240.442   123.901   -47.93   20.88
 -59865.034   121.482    -6.44   16.53
 -59489.552   131.741    27.32   23.19
 -59113.996   151.004    51.29   22.29
 -58738.367   162.424    30.40   14.27
 -58362.663   160.800    -4.32   16.34
 -57986.886   149.785   -29.31   20.57
 -57611.035   137.970   -31.43   20.80
 -57235.109   130.948   -18.68   22.05
 -56859.110   129.914    -2.75   22.32
 -56483.036   133.099     8.47   19.34
 -56106.889   134.959     4.95   13.24
 -55730.667   134.157    -2.13   11.04
 -55354.370   130.737    -9.09   12.33
 -54978.000   124.672   -16.11   13.60
 -54601.555   117.555   -18.91   13.78
 -54225.036   110.703   -18.20   14.94
 -53848.443    99.847   -28.83   21.83
 -53471.774    88.343   -30.54   25.86
 -53095.032    71.936   -43.55   25.86
 -52718.215    55.008   -44.92   22.00
 -52341.323    44.414   -28.11   19.89
 -51964.357    37.152   -19.26   22.49
 -51587.316    35.492    -4.40   24.45
 -51210.200    34.912    -1.54   26.02
 -50833.009    33.285    -4.31   24.65
 -50455.744    34.340     2.80   21.11
 -50078.404    35.357     2.69   17.55
 -49700.989    47.020    30.90   21.27
 -49323.499    63.752    44.32   21.73
 -48945.934    79.996    43.02   17.88
 -48568.293    95.209    40.28   15.94
 -48190.578   109.971    39.08   18.00
 -47812.788   119.675    25.68   15.69
 -47434.923   119.018    -1.74   17.41
 -47056.982   107.415   -30.70   25.57
 -46678.966    86.373   -55.66   26.32
 -46300.875    65.726   -54.61   21.04
 -45922.708    54.471   -29.76   14.47
 -45544.466    57.005     6.70   17.75
 -45166.149    71.168    37.44   25.34
 -44787.756    88.970    47.04   25.08
 -44409.287   108.867    52.57   20.87
 -44030.743   123.675    39.12   16.65
 -43652.123   136.868    34.84   14.57
 -43273.428   140.004     8.28   16.39
 -42894.657   140.959     2.52   17.78
 -42515.810   142.118     3.06   17.04
 -42136.888   145.903     9.99   17.03
 -41757.889   155.596    25.57   17.83
 -41378.815   167.600    31.67   11.56
 -40999.665   171.690    10.79    8.12
 -40620.439   168.824    -7.56   11.37
 -40241.136   159.580   -24.37   17.78
 -39861.758   144.059   -40.91   21.62
 -39482.304   134.324   -25.66   19.00
 -39102.773   126.229   -21.33   17.66
 -38723.166   119.185   -18.55   17.29
 -38343.483   106.243   -34.09   19.83
 -37963.724    92.152   -37.10   17.67
 -37583.888    87.481   -12.30   14.27
 -37203.976    89.531     5.39   14.72
 -36823.988    98.166    22.72   13.70
 -36443.923   102.995    12.71   10.45
 -36063.781   100.081    -7.66   13.40
 -35683.563    95.166   -12.93   15.85
 -35303.268    89.307   -15.40   17.85
 -34922.897    73.856   -40.62   25.61
 -34542.449    57.116   -44.00   29.29
 -34161.924    35.350   -57.20   21.23
 -33781.323    23.757   -30.46   11.53
 -33414.340    18.741   -13.67    3.25
 -33048.318    17.959    -2.14    0.00
 -32682.224    17.959     0.00    0.00
 -32316.061    18.231     0.74    0.94
 -31949.827    21.257     8.26    9.51
 -31583.524    38.278    46.47   29.26
 -31217.149    57.448    52.32   35.19
 -30850.705    79.914    61.31   31.89
 -30484.190    96.143    44.28   19.81
 -30117.604   106.304    27.72   10.82
 -29750.948   107.521     3.32    8.56
 -29384.221   108.368     2.31    5.77
 -29017.424   109.409     2.84    5.59
 -28650.556   110.134     1.98    5.91
 -28283.618   111.105     2.65    5.89
 -27916.609   111.508     1.10    6.10
 -27549.529   108.555    -8.05    8.53
 -27182.378   102.983   -15.17   10.55
 -26815.156    97.060   -16.13   11.53
 -26447.864    94.810    -6.13   10.52
 -26080.501    94.072    -2.01    9.88
 -25713.066    95.135     2.89   10.16
 -25345.561    96.504     3.72    9.90
 -24977.984    98.712     6.01    8.42
 -24610.337    99.073     0.98    7.21
 -24242.618    99.768     1.89    5.60
 -23874.829   100.289     1.42    4.04
 -23506.968   101.670     3.76    2.66
 -23139.036   102.634     2.62    1.70
 -22771.032   102.937     0.83    1.90
 -22402.957   102.959     0.06    2.28
 -22034.811   100.715    -6.10    5.31
 -21666.594    96.668   -10.99    8.22
 -21298.305    89.869   -18.46   11.87
 -20929.944    84.683   -14.08   11.66
 -20561.512    78.285   -17.37   10.85
 -20193.008    74.493   -10.29   10.70
 -19824.433    65.982   -23.09   13.94
 -19455.786    55.847   -27.49   16.90
 -19087.068    46.017   -26.66   15.13
 -18718.277    43.804    -6.00   11.96
 -18349.415    45.594     4.85   11.39
 -17980.481    48.218     7.11   10.77
 -17611.475    45.388    -7.67   12.84
 -17242.398    38.050   -19.88   14.38
 -16873.248    28.828   -24.98    7.49
 -16504.026    25.014   -10.33    3.51
 -16134.733    23.371    -4.45    2.16
 -15765.367    22.289    -2.93    2.27
 -15395.929    21.255    -2.80    2.36
 -15026.419    19.734    -4.11    2.38
 -14656.837    17.959    -4.80    2.36
 -14287.182    15.633    -6.29    2.51
 -13917.455    13.584    -5.54    2.61
 -13547.656    11.548    -5.51    1.89
 -13177.785    10.515    -2.79    1.06
 -12807.841    10.057    -1.24    0.42
 -12437.825    10.139     0.22    0.73
 -12067.736    10.471     0.90    1.53
 -11697.574    11.717     3.37    3.66
 -11327.340    12.994     3.45    4.63
 -10957.034    13.083     0.24    4.26
 -10586.654    13.200     0.32    4.30
 -10216.203    12.251    -2.56    3.79
  -9845.678    11.128    -3.03    2.95
  -9475.080    10.274    -2.30    2.90
  -9104.410     9.610    -1.79    2.09
  -8733.667     9.381    -0.62    0.56
  -8362.851     9.357    -0.07    0.52
  -7991.961     9.315    -0.11    0.48
  -7620.999     9.278    -0.10    0.47
  -7249.964     9.215    -0.17    0.44
  -6878.856     9.102    -0.30    0.38
  -6507.675     8.948    -0.41    0.35
  -6136.420     8.824    -0.33    0.40
  -5765.092     8.686    -0.37    0.45
  -5393.691     8.532    -0.42    0.50
  -5022.217     8.333    -0.54    0.68
  -4650.669     7.781    -1.48    1.31
  -4279.048     6.914    -2.33    1.88
  -3907.353     5.794    -3.01    2.28
  -3535.585     4.493    -3.50    2.17
  -3163.744     3.201    -3.48    1.73
  -2791.829     1.471    -4.65    2.45
  -2419.840    -0.674    -5.77    3.12
  -2047.777    -2.684    -5.40    2.81
  -1675.641    -3.412    -1.96    2.50
  -1303.432    -3.088     0.87    3.24
   -931.148    -1.749     3.60    3.91
   -558.790    -0.791     2.57    3.85
   -186.359    -1.663    -2.34    3.43
    186.146    -1.832    -0.45    6.72
    558.725    17.629    52.23   49.44
    931.378    48.880    83.86   70.44
   1304.106    79.937    83.33   70.26
   1676.907    99.375    52.14   58.43
   2049.782    89.804   -25.67   48.84
   2422.732    68.057   -58.31   38.88
   2795.756    54.870   -35.35   20.73
   3168.854    56.476     4.30   19.18
   3542.027    73.993    46.94   26.41
   3915.273    93.266    51.64   25.82
   4288.595   108.759    41.50   15.84
   4661.990   115.070    16.90   10.12
   5035.460   119.608    12.15   10.67
   5409.005   118.926    -1.82   11.49
   5782.624   114.884   -10.82   15.59
   6156.318   106.781   -21.68   18.58
   6530.086    97.737   -24.20   17.63
   6903.930   101.432     9.88   23.87
   7277.848   116.522    40.36   39.72
   7651.840   142.548    69.59   56.15
   8025.908   169.017    70.76   56.70
   8400.050   184.651    41.79   47.49
   8774.268   189.752    13.63   36.41
   9148.560   193.397     9.74   29.29
   9522.928   202.683    24.80   28.61
   9897.370   221.470    50.17   31.38
  10271.888   238.808    46.29   23.99
  10646.480   250.080    30.09   18.49
  11021.148   258.143    21.52   20.63
  11395.892   265.487    19.60   23.15
  11770.710   267.430     5.19   26.05
  12145.604   269.849     6.45   29.44
  12520.573   273.982    11.02   33.40
  12895.618   284.231    27.33   35.35
  13270.738   298.099    36.97   32.71
  13645.933   318.177    53.51   37.13
  14021.204   345.622    73.14   39.92
  14396.551   388.981   115.52   59.08
  14771.974   436.662   127.01   64.81
  15147.472   480.410   116.51   62.58
  15523.046   508.512    74.83   48.06
  15898.695   507.503    -2.69   46.93
  16274.421   485.418   -58.78   55.94
  16650.222   445.692  -105.71   65.55
  17026.099   417.566   -74.83   49.75
  17402.052   415.375    -5.83   38.31
  17778.082   427.697    32.77   37.10
  18154.187   453.148    67.67   31.94
  18530.368   468.900    41.87   21.26
  18906.626   470.091     3.16   24.79
  19282.960   462.347   -20.58   29.20
  19659.370   448.640   -36.42   28.20
  20035.856   435.590   -34.66   29.35
  20412.418   414.198   -56.81   35.53
  20789.057   392.703   -57.07   36.72
  21165.773   372.361   -54.00   36.82
  21542.565   348.959   -62.11   33.38
  21919.433   321.209   -73.63   47.12
  22296.378   285.599   -94.47   48.95
  22673.400   259.166   -70.11   39.76
  23050.498   240.855   -48.56   25.55
  23427.673   246.476    14.90   34.35
  23804.924   259.453    34.40   39.56
  24182.253   271.568    32.11   42.42
  24559.658   280.308    23.16   42.32
  24937.140   286.481    16.35   40.59
  25314.700   294.465    21.15   36.92
  25692.336   299.126    12.34   28.43
  26070.049   294.715   -11.68   22.93
  26447.839   279.137   -41.24   25.70
  26825.706   262.715   -43.46   26.28
  27203.651   251.465   -29.77   25.22
  27581.673   237.706   -36.40   25.94
  27959.772   225.069   -33.42   28.95
  28337.948   205.465   -51.84   28.61
  28716.202   190.135   -40.53   24.76
  29094.533   173.695   -43.46   16.15
  29472.941   164.568   -24.12   14.99
  29851.427   153.672   -28.79   15.29
  30229.991   145.148   -22.52   14.95
  30608.632   135.159   -26.38   12.93
  30987.351   129.014   -16.23   10.54
  31366.147   120.948   -21.29   10.45
  31745.021   111.237   -25.63   13.85
  32123.973   101.937   -24.54   13.14
  32503.003    96.137   -15.30    8.98
  32882.111    96.322     0.49    7.40
  33261.296   101.526    13.72    7.47
  33640.560   106.959    14.33    5.96
  34019.901   108.368     3.71    6.55
  34399.321   104.004   -11.50   13.81
  34778.819    96.118   -20.78   18.46
  35158.395    87.608   -22.42   18.46
  35538.049    79.407   -21.60   14.89
  35917.781    74.622   -12.60   11.41
  36297.592    70.709   -10.30    5.90
  36677.481    69.579    -2.98    2.97
  37057.448    72.971     8.93   12.64
  37437.494    95.600    59.55   46.07
  37817.619   130.843    92.72   63.86
  38197.821   172.209   108.80   64.57
  38578.103   210.913   101.78   46.34
  38958.463   240.481    77.74   27.73
  39338.902   259.029    48.76   19.07
  39719.420   272.285    34.84   12.39
  40100.016   276.273    10.48    8.83
  40480.691   268.198   -21.21   18.21
  40861.445   251.858   -42.92   26.56
  41233.238   232.644   -51.68   29.46
  41599.040   215.773   -46.12   26.19
  41964.913   198.329   -47.68   25.47
  42330.858   182.959   -42.00   24.44
  42696.876   165.135   -48.70   25.90
  43062.965   154.113   -30.11   22.38
  43429.126   148.069   -16.51   11.91
  43795.359   149.926     5.07    9.14
  44161.665   157.118    19.63   13.39
  44528.042   166.122    24.58   17.73
  44894.492   175.993    26.94   20.01
  45261.014   180.884    13.34   22.18
  45627.609   181.192     0.84   25.53
  45994.276   174.503   -18.24   30.03
  46361.015   165.737   -23.90   33.72
  46727.826   151.058   -40.02   32.65
  47094.710   137.077   -38.11   27.71
  47461.667   124.948   -33.06   17.59
  47828.696   119.242   -15.55    8.85
  48195.798   116.334    -7.92    2.50
  48562.972   116.937     1.64    1.95
  48930.219   118.660     4.69    2.80
  49297.539   120.359     4.63    3.43
  49664.932   122.324     5.35    4.41
  50032.397   124.926     7.08    6.09
  50399.935   129.064    11.26    8.15
  50767.546   134.046    13.55    8.31
  51135.230   138.164    11.20    6.38
  51502.988   141.443     8.92    4.07
  51870.818   143.337     5.15    3.23
  52238.721   145.282     5.29    3.80
  52606.697   147.355     5.63    4.47
  52974.747   150.237     7.83    5.44
  53342.869   153.807     9.70    6.61
  53711.065   158.668    13.20    6.90
  54079.334   164.090    14.72    7.66
  54447.677   168.867    12.97    6.86
  54816.093   172.970    11.14    6.62
  55184.582   175.792     7.66    5.03
  55553.145   177.687     5.14    4.00
  55921.781   179.047     3.69    3.68
  56290.491   181.383     6.34    5.34
  56659.275   184.372     8.11    6.58
  57028.132   186.442     5.61    6.42
  57397.063   183.100    -9.06   12.03
  57766.067   172.116   -29.77   19.47
  58135.146   159.067   -35.36   19.89
  58504.298   146.442   -34.20   11.28
  58873.524   141.841   -12.46    2.64
  59242.823   142.672     2.25    2.53
  59612.197   145.422     7.44    3.38
  59981.645   148.581     8.55    3.85
  60351.167   152.557    10.76    4.61
  60720.763   156.548    10.80    4.64
  61090.433   161.111    12.34    4.87
  61460.177   165.135    10.88    4.75
  61829.996   169.470    11.72    4.43
  62199.888   173.046     9.67    4.28
  62569.855   176.626     9.68    4.44
  62939.897   180.242     9.77    5.56
  63310.013   184.591    11.75    6.53
  63680.203   189.503    13.27    7.53
  64050.467   194.465    13.40    6.90
  64420.807   198.344    10.47    5.59
  64791.220   201.738     9.16    4.61
  65161.709   205.422     9.94    4.56
  65532.272   209.235    10.29    4.81
  65902.909   213.198    10.69    5.58
  66273.622   216.115     7.87    6.38
  66644.409   221.568    14.71    8.70
  67015.271   228.815    19.54   13.58
  67386.208   246.231    46.95   25.01
  67757.220   264.437    49.08   28.28
  68128.307   284.361    53.69   25.95
  68499.469   297.318    34.91   25.35
  68870.706   312.684    41.39   29.99
  69242.018   332.611    53.67   39.12
  69613.405   366.637    91.62   45.77
  69984.868   401.325    93.39   49.88
  70356.405   435.834    92.89   38.43
  70728.018   453.712    48.11   27.84
  71099.707   458.889    13.93   20.93
  71471.470   445.357   -36.40   23.08
  71843.309   425.833   -52.51   26.54
  72215.224   398.746   -72.83   32.78
  72587.214   370.027   -77.21   34.51
  72959.280   336.927   -88.97   36.96
  73331.421   307.915   -77.96   31.81
  73703.638   285.249   -60.90   22.94
  74075.931   271.004   -38.27   11.17
  74448.299   265.122   -15.80    4.62
  74820.743   265.666     1.46    7.48
  75193.263   271.655    16.08   13.50
  75565.859   276.361    12.63   14.51
  75938.531   280.622    11.43   12.72
  76311.279   278.611    -5.40   11.85
  76684.102   271.597   -18.82   12.46
  77057.002   261.379   -27.40   12.78
  77429.978   250.237   -29.87   11.28
  77803.030   240.753   -25.42   10.48
  78176.159   230.781   -26.72    9.52
  78549.363   223.246   -20.19    9.63
  78922.644   216.039   -19.31    7.86
  79296.001   211.228   -12.89    5.68
  79669.435   207.831    -9.10    3.24
  80042.945   206.196    -4.38    1.64
  80416.532   205.389    -2.16    1.28
  80790.195   205.002    -1.04    1.15
  81163.934   204.785    -0.58    1.04
  81537.751   205.014     0.61    1.07
  81911.644   206.050     2.77    2.20
  82285.613   210.486    11.86    7.50
  82659.660   217.750    19.42   12.19
  83033.783   230.417    33.86   16.55
  83407.983   244.640    38.01   17.77
  83782.260   262.372    47.38   21.11
  84156.614   280.361    48.06   23.90
  84531.045   300.937    54.96   24.21
  84905.553   318.206    46.11   21.65
  85280.138   335.772    46.90   18.56
  85654.800   347.809    32.13   17.51
  86029.539   355.872    21.52   22.25
  86404.356   354.524    -3.60   29.75
  86779.250   345.633   -23.72   33.30
  87154.221   333.830   -31.48   30.06
  87529.270   321.553   -32.74   20.99
  87904.396   316.406   -13.72   15.76
  88279.599   314.579    -4.87   16.24
  88654.880   317.524     7.85   21.20
  89030.239   324.303    18.06   21.64
  89405.675   323.090    -3.23   24.27
  89781.189   304.551   -49.37   39.11
  90156.781   278.470   -69.44   41.84
  90532.450   250.644   -74.08   26.97
  90908.197   235.120   -41.32   17.87
  91284.022   223.764   -30.22   14.09
  91659.925   216.959   -18.10   12.63
  92035.906   210.542   -17.07    6.78
  92411.965   213.024     6.60   10.39
  92788.101   220.245    19.20   14.18
  93164.316   226.917    17.74   13.21
  93540.609   229.080     5.75   12.46
  93916.981   223.991   -13.52   14.10
  94293.430   217.715   -16.67   11.50
  94669.958   214.629    -8.19    7.15
  95046.564   216.204     4.18    7.40
  95423.249   220.768    12.12   10.51
  95800.012   229.161    22.28   16.02
  96176.853   240.661    30.52   20.85
  96553.773   255.555    39.52   23.04
  96930.771   268.368    33.99   20.56
  97307.849   274.757    16.95   18.19
  97685.004   273.111    -4.36   18.36
  98062.239   268.615   -11.92   17.04
  98439.552   271.088     6.56   20.98
  98816.944   268.459    -6.97   22.83
  99194.415   261.422   -18.65   26.07
  99571.965   250.881   -27.92   22.24
  99949.594   245.129   -15.23   14.99
 100327.302   249.292    11.02   18.32
 100705.089   263.325    37.15   25.83
 101082.955   280.993    46.76   28.83
 101460.900   292.766    31.15   22.12
 101838.924   291.049    -4.54   23.68
 102217.028   274.655   -43.36   29.50
 102595.211   254.481   -53.35   21.31
 102973.473   246.416   -21.32   10.21
 103351.815   253.670    19.18   18.04
 103730.236   273.120    51.40   29.29
 104108.737   295.392    58.85   28.23
 104487.317   301.583    16.35   23.74
 104865.977   293.553   -21.21   30.14
 105244.717   280.064   -35.62   27.38
 105623.536   271.597   -22.36   14.55
 106002.435   276.832    13.82   14.49
 106381.414   281.036    11.10   14.52
 106760.472   268.289   -33.63   28.82
 107139.611   240.927   -72.18   41.53
 107518.829   209.379   -83.20   36.04
 107898.128   184.508   -65.58   19.97
 108277.506   174.177   -27.23    8.58
 108656.965   174.214     0.10   11.54
 109036.503   175.778     4.12   16.15
 109416.122   173.080    -7.11   19.68
 109795.822   164.289   -23.15   21.15
 110175.601   150.531   -36.23   15.65
 110555.461   141.206   -24.55    7.86
 110935.401   136.048   -13.58    4.23
 111315.422   133.292    -7.25    3.10
 111695.523   130.590    -7.11    4.15
 112075.705   128.906    -4.43    5.65
 112455.967   126.329    -6.78    6.69
 112836.311   123.842    -6.54    7.35
 113216.734   120.035   -10.01    5.69
 113597.239   117.361    -7.03    5.10
 113977.824   114.895    -6.48    4.80
 114358.490   112.608    -6.01    4.79
 114739.237   110.746    -4.89    7.13
 115120.065   108.537    -5.80    7.25
 115500.975   106.896    -4.31    7.52
 115877.968   105.060    -4.87    6.65
 116243.540   104.151    -2.49    5.86
 116609.185   103.079    -2.93    3.79
 116974.903   102.087    -2.71    0.79
 117340.695   101.959    -0.35    0.00
 117706.561   101.959     0.00    0.00
 118072.501   101.959     0.00    0.00
 118438.514   101.959     0.00    0.00
 118804.602   101.959     0.00    0.00
 119170.763   101.959     0.00    0.00
 119536.998   102.528     1.55    1.83
 119903.308   105.804     8.94    7.67
 120269.691   114.832    24.64   16.70
 120636.148   127.035    33.30   22.52
 121002.680   141.926    40.63   25.47
 121369.285   153.629    31.93   25.70
 121735.965   163.482    26.87   26.02
 122102.719   171.770    22.60   23.76
 122469.548   180.292    23.24   22.41
 122836.451   193.328    35.53   23.86
 123203.428   204.811    31.30   19.76
 123570.480   208.714    10.63   16.39
 123937.606   208.079    -1.73   15.96
 124304.806   208.583     1.37   19.56
 124672.082   217.873    25.30   27.05
 125039.431   238.566    56.33   35.38
 125406.856   261.321    61.94   34.51
 125774.355   279.715    50.06   28.13
 126141.929   295.180    42.08   31.60
 126509.578   310.684    42.18   34.96
 126877.302   322.183    31.27   36.26
 127245.100   319.003    -8.65   40.74
 127612.974   299.034   -54.29   56.87
 127980.922   266.497   -88.44   60.97
 128348.946   242.655   -64.79   52.08
 128717.044   238.884   -10.25   48.64
 129085.218   244.926    16.41   42.85
 129453.467   237.475   -20.24   36.42
 129821.791   222.777   -39.91   38.75
 130190.190   197.022   -69.92   35.56
 130558.665   170.448   -72.13   29.07
 130927.215   148.801   -58.74   27.51
 131295.840   129.077   -53.51   25.29
 131664.541   115.142   -37.80   20.21
 132033.318   106.970   -22.16   16.54
 132402.169   103.487    -9.44   18.13
 132771.097   102.780    -1.91   20.95
 133140.100   102.139    -1.74   23.33
 133509.179   100.238    -5.15   23.16
 133878.333    97.570    -7.23   21.23
 134247.563    94.001    -9.67   17.21
 134616.869    89.981   -10.89   11.47
 134986.251    87.970    -5.45    7.69
 135355.709    88.619     1.76    7.09
 135725.243    90.379     4.76    8.56
 136094.852    94.108    10.09   10.59
 136464.538    99.159    13.66   12.81
 136834.300   105.108    16.09   15.23
 137204.138   115.432    27.92   19.06
 137574.052   130.151    39.79   25.97
 137944.043   151.798    58.51   38.13
 138314.109   177.873    70.47   46.11
 138684.252   213.401    95.99   53.26
 139054.472   255.864   114.71   63.55
 139424.768   289.201    90.04   59.29
 139795.140   316.587    73.95   40.53
 140165.589   324.239    20.66   34.58
 140536.114   314.087   -27.40   44.82
 140906.716   295.486   -50.20   47.38
 141277.394   267.927   -74.35   44.06
 141648.150   244.608   -62.90   33.83
 142018.982   225.079   -52.67   22.97
 142389.890   213.528   -31.15   18.47
 142760.876   207.937   -15.07   18.45
 143131.939   209.622     4.54   17.37
 143503.078   213.459    10.34   17.82
 143874.295   215.671     5.96   18.07
 144245.588   211.015   -12.54   22.39
 144616.959   197.759   -35.70   25.08
 144988.406   179.959   -47.93   24.73
 145359.931   168.064   -32.02   21.55
 145731.533   160.172   -21.24   19.32
 146103.213   159.992    -0.48   17.44
 146474.969   159.544    -1.20   14.49
 146846.803   157.329    -5.96   13.88
 147218.715   152.980   -11.69   16.18
 147590.704   147.122   -15.75   19.38
 147962.770   142.427   -12.62   24.99
 148334.914   135.046   -19.84   30.52
 148707.135   123.949   -29.82   29.83
 149079.435   109.141   -39.78   28.39
 149451.811    94.555   -39.17   23.61
 149824.266    82.061   -33.55   18.40
 150196.799    73.108   -24.04   12.72
 150569.409    66.869   -16.75    8.89
 150942.097    62.667   -11.28    5.63
 151314.863    60.405    -6.07    4.59
 151687.707    58.538    -5.01    4.75
 152060.629    56.166    -6.36    5.20
 152433.630    53.370    -7.50    5.42
 152806.708    51.151    -5.95    3.61
 153179.864    52.321     3.14    5.22
 153553.099    55.619     8.84    7.21
 153926.412    59.622    10.73    6.19
 154299.804    61.615     5.34    4.90
 154673.273    61.733     0.32    4.81
 155046.821    60.854    -2.35    4.21
 155420.448    60.394    -1.23    2.79
 155794.153    67.147    18.07   15.20
 156167.937    80.399    35.46   23.33
 156541.799    93.612    35.35   23.97
 156915.740   107.718    37.73   16.65
 157289.760   114.938    19.31    7.67
 157663.859   117.248     6.18    5.96
 158038.036   119.042     4.79    5.28
 158412.292   120.340     3.47    5.27
 158786.627   121.126     2.10    5.33
 159161.041   121.992     2.31    5.87
 159535.534   123.864     5.00    6.65
 159910.107   125.937     5.53    7.72
 160284.758   129.532     9.60    9.22
 160659.488   132.992     9.23   10.21
 161034.298   137.801    12.83   12.04
 161409.187   141.629    10.21   13.19
 161784.155   145.406    10.07   13.55
 162159.203   148.852     9.19   14.34
 162534.330   152.949    10.92   16.21
 162909.536   156.852    10.40   17.94
 163284.822   163.385    17.41   20.93
 163660.187   168.534    13.72   23.68
 164035.633   177.683    24.37   26.71
 164411.157   181.254     9.51   28.30
 164786.762   184.720     9.23   27.11
 165162.446   185.147     1.14   24.34
 165538.210   183.174    -5.25   20.43
 165914.054   185.209     5.41   18.43
 166289.978   188.753     9.43   16.89
 166665.982   192.917    11.08   15.92
 167042.066   203.750    28.81   18.50
 167418.230   218.355    38.83   25.32
 167794.474   237.192    50.07   27.00
 168170.798   254.292    45.44   25.30
 168547.202   267.840    36.00   22.11
 168923.687   275.570    20.53   23.58
 169300.252   276.404     2.21   32.65
 169676.897   271.042   -14.24   40.66
 170053.623   259.285   -31.21   46.48
 170430.429   238.491   -55.19   41.89
 170807.316   217.971   -54.45   35.37
 171184.283   198.310   -52.16   26.56
 171561.331   184.380   -36.95   19.33
 171938.460   179.230   -13.66   15.94
 172315.669   178.237    -2.63   16.39
 172692.959   179.714     3.92   17.59
 173070.330   180.476     2.02   17.17
 173447.782   178.720    -4.65   15.16
 173825.315   176.847    -4.96   13.51
 174202.928   173.275    -9.46   11.99
 174580.623   170.857    -6.40   10.46
 174958.399   171.896     2.75    9.74
 175336.256   174.152     5.97    9.83
 175714.194   175.845     4.48   11.03
 176092.213   174.256    -4.20   12.97
 176470.314   167.664   -17.44   12.79
 176848.496   159.948   -20.41   11.48
 177226.760   152.105   -20.74   12.03
 177605.104   145.037   -18.68   12.28
 177983.531   138.264   -17.90    9.89
 178362.039   133.633   -12.24    5.83
 178740.628   131.243    -6.31    0.97
 179119.299   131.015    -0.60    0.27
 179498.052   131.062     0.13    0.37
 179876.887   131.185     0.32    0.55
 180255.803   131.359     0.46    0.66
 180634.801   131.503     0.38    0.70
 181013.882   132.022     1.37    1.42
 181393.044   132.871     2.24    2.63
 181772.288   135.084     5.84    5.32
 182151.614   136.836     4.62    6.47
 182531.023   137.438     1.59    6.50
 182910.513   137.003    -1.15    5.51
 183290.086   136.361    -1.69    4.36
 183669.741   135.959    -1.06    4.33
 184049.479   134.877    -2.85    3.51
 184429.298   133.626    -3.29    2.92
 184809.201   131.105    -6.64    3.91
 185189.185   128.630    -6.52    3.98
 185569.253   126.661    -5.18    3.25
 185949.402   125.510    -3.03    2.38
 186329.635   125.074    -1.15    1.97
 186709.950   124.872    -0.53    1.19
 187090.348   125.161     0.76    1.63
 187470.829   125.392     0.61    2.38
 187851.393   123.073    -6.10    4.82
 188232.039   120.686    -6.27    5.51
 188612.769   119.885    -2.11    4.84
 188993.581   120.063     0.47    4.99
 189374.477   122.598     6.66    5.87
 189755.456   126.137     9.29    6.27
 190136.518   130.475    11.38    8.21
 190517.663   136.214    15.06    9.12
 190884.471   142.382    16.82    9.20
 191249.883   148.442    16.59   10.14
 191615.370   152.433    10.92   10.25
 191980.933   155.833     9.30    9.65
 192346.571   159.917    11.17    8.08
 192712.284   163.629    10.15    6.94
 193078.073   167.883    11.63    6.83
 193443.938   170.928     8.32    8.07
 193809.879   174.130     8.75   11.18
 194175.895   175.626     4.09   14.62
 194541.987   177.693     5.65   17.10
 194908.154   178.667     2.66   18.72
 195274.398   180.728     5.63   20.55
 195640.717   178.172    -6.98   20.19
 196007.113   177.584    -1.60   18.42
 196373.584   174.438    -8.59   15.66
 196740.131   174.122    -0.86   16.84
 197106.755   176.715     7.07   18.75
 197473.454   182.522    15.84   20.10
 197840.230   192.209    26.42   20.36
 198207.082   205.115    35.19   20.37
 198574.010   216.780    31.79   20.96
 198941.015   230.842    38.32   19.35
 199308.096   241.834    29.95   16.53
 199675.253   251.192    25.49   14.28
 200042.487   258.557    20.06   13.54
 200409.797   264.575    16.38   13.89
 200777.184   267.570     8.15   14.08
 201144.647   264.300    -8.90   19.63
 201512.187   255.076   -25.10   24.17
 201879.804   243.636   -31.12   24.22
 202247.497   223.757   -54.07   21.63
 202615.268   208.296   -42.05   22.76
 202983.115   193.850   -39.28   18.66
 203351.039   182.855   -29.89   10.04
 203719.040   175.868   -18.99    5.97
 204087.118   171.536   -11.77    7.21
 204455.273   170.776    -2.06    8.17
 204823.505   175.615    13.14   11.62
 205191.814   184.316    23.63   14.42
 205560.200   194.608    27.94   11.38
 205928.664   202.671    21.88   11.29
 206297.205   211.128    22.95   11.79
 206665.823   219.753    23.40   12.95
 207034.518   229.248    25.76   11.76
 207403.291   237.743    23.04    9.85
 207772.141   243.003    14.26    7.55
 208141.069   248.856    15.87    6.72
 208510.075   254.183    14.44    9.53
 208879.158   260.001    15.77   12.19
 209248.319   267.694    20.84   14.94
 209617.557   278.927    30.43   20.72
 209986.873   295.327    44.41   26.94
 210356.267   324.502    78.99   34.86
 210725.739   357.899    90.40   42.30
 211095.289   393.677    96.83   39.46
 211464.916   422.279    77.39   32.77
 211834.622   437.655    41.60   22.49
 212204.405   443.949    17.02   18.59
 212574.267   442.023    -5.21   23.20
 212944.207   432.053   -26.95   30.12
 213314.225   424.898   -19.34   30.45
 213684.322   416.023   -23.98   24.93
 214054.496   419.928    10.55   34.31
 214424.749   451.725    85.89   77.65
 214795.081   478.245    71.62   91.41
 215165.490   480.059     4.90   93.16
 215535.979   454.763   -68.29   93.01
 215906.546   423.048   -85.60   74.04
 216277.191   404.825   -49.17   55.18
 216647.915   416.959    32.74   74.70
 217018.718   446.444    79.53  104.50
 217389.599   463.980    47.29  114.44
 217760.559   464.853     2.35  104.02
 218131.599   474.897    27.07   82.46
 218502.717   488.532    36.75   70.41
 218873.913   548.824   162.45  101.74
 219245.189   632.829   226.29  116.83
 219616.544   711.022   210.59  107.16
 219987.978   778.566   181.87   85.23
 220359.491   810.093    84.87   69.25
 220731.084   831.512    57.65   79.69
 221102.755   818.130   -36.01   98.46
 221474.506   804.739   -36.03  104.94
