# NaN NaN NaN ;Mean Elev.(m), Avg Gradient(m/km), RMS Gradient(m/km) - SRTM1     
#   95.414 -12.222  21.506 ;Mean Elev.(m), Avg Gradient(m/km), RMS Gradient(m/km) - ASTER GDEM
#   93.141 -11.563  17.442 ;Mean Elev.(m), Avg Gradient(m/km), RMS Gradient(m/km) - GMTED2010 
  6 211.368431  66.122898    94.294    94.294  2 52440.27477601 38.609
  7 211.375868  66.120506    92.956    93.311  3 52475.27477307 31.016
  8 211.393962  66.119765    93.676    93.676  2 52510.27473023 53.192
  9 211.373784  66.119069    93.480    93.416  3 52545.27474080 45.167
 10 211.376282  66.119889    91.244    91.261  4 52580.27477130 48.732
 11 211.388930  66.119831    91.679    91.679  2 52615.27473933 21.676
 12 211.379797  66.120511    91.335    91.347  4 52650.27471824 16.822
 13 211.393856  66.120344    92.591    92.591  2 52685.27470372 13.180
 14 211.376676  66.121312    92.970    92.798  4 52720.27475583 11.079
 15 211.378196  66.120507    90.426    90.185  5 52755.27477965 25.395
 17 211.371953  66.120950    93.255    93.255  2 52825.27479827 45.797
 18 211.377070  66.119050    92.214    92.218  4 52860.27484364 50.699
 19 211.375468  66.126089   107.629   107.629  2 52895.27487561 36.961
 20 211.395179  66.118973    92.697    92.685  3 52930.27482265 45.005
 21 211.369415  66.122367    91.774    91.774  2 52965.27481544 20.907
 22 211.376989  66.119545    91.971    91.942  4 53000.27484865 18.346
 23 211.392093  66.119845    92.118    91.897  3 53035.27479773 12.807
 24 211.378290  66.121768    94.015    94.013  5 53070.27481758  9.743
 26 211.376458  66.119110    96.189    96.336  4 53140.27482360 42.412
 28 211.380171  66.121669    93.862    93.140  4 53210.27487569 40.871
 29 211.390632  66.119360    92.117    92.117  2 53245.27484291 43.848
 31 211.378544  66.119873    90.177    90.174  4 53315.27484297 22.277
 32 211.390659  66.120083    92.471    92.562  3 53350.27480836 15.231
 34 211.390345  66.120139    92.493    92.711  3 53420.27479310  7.402
 36 211.370009  66.121370    89.837    89.837  2 53490.27488487 34.532
 37 211.385380  66.119446    98.324    98.117  3 53525.27486868 32.955
 38 211.376138  66.122819    93.191    93.198  3 53560.27489704 44.561
 41 211.374603  66.121403    92.729    92.704  4 53665.27485190 44.446
 42 211.391509  66.118979    91.219    91.219  2 53700.27480524 23.260
 44 211.383261  66.119897    91.204    91.320  3 53770.27471620 14.070
 49 211.373877  66.121566    92.388    92.369  4 53945.27484418 48.967
 57 211.377820  66.119532    92.689    92.607  4 54225.27477215 29.063
 58 211.380831  66.120951    95.902    95.996  5 54260.27479276 45.808
 59 211.384091  66.119432    95.257    95.114  3 54295.27479608 44.482
 62 211.384533  66.119170    93.619    93.321  3 54400.27473020 40.208
 63 211.395352  66.118877    92.764    92.764  2 54435.27468729 26.536
 64 211.375610  66.121304    93.267    93.304  4 54470.27471453 19.116
 65 211.394783  66.119761    93.654    93.589  3 54505.27470126 10.300
 66 211.385310  66.119799    93.857    93.029  4 54540.27472900  7.377
 69 211.383903  66.119747    93.992    93.968  3 54645.27472882 25.518
 70 211.387028  66.117433    96.336    96.336  2 54680.27472972 38.996
 72 211.376701  66.120204    94.349    94.474  4 54750.27470100 41.348
 73 211.392824  66.118771    94.487    94.487  2 54785.27466888 24.301
 74 211.375858  66.121530    91.832    91.787  4 54820.27469431 10.898
 75 211.392218  66.118990    92.925    93.179  3 54855.27466551 10.097
 76 211.383324  66.119769    92.123    91.873  3 54890.27469784  8.792
 78 211.377314  66.119502    97.044    96.966  4 54960.27469627 40.842
 79 211.379339  66.121999    96.378    96.482  5 54995.27471826 46.541
 80 211.385300  66.119556    92.437    92.374  3 55030.27470744 51.159
 81 211.389641  66.119120    91.664    91.664  2 55065.27469794 50.655
 83 211.378205  66.120429    93.238    92.719  4 55135.27464340 40.429
 84 211.395096  66.118932    92.788    92.788  2 55170.27460615 16.222
 85 211.377308  66.120507    92.185    92.303  4 55205.27463677 11.302
 86 211.395732  66.118499    93.174    93.174  2 55240.27461226  9.546
 87 211.387579  66.118892    91.257    91.261  3 55275.27463013 10.579
 89 211.386130  66.119281    94.830    94.849  4 55345.27459909 43.856
 91 211.371529  66.125186    93.343    93.343  2 55415.27462020 14.369
