# NaN NaN NaN ;Mean Elev.(m), Avg Gradient(m/km), RMS Gradient(m/km) - SRTM1     
#   11.605  -0.357   3.159 ;Mean Elev.(m), Avg Gradient(m/km), RMS Gradient(m/km) - ASTER GDEM
#    0.000  -0.965   2.245 ;Mean Elev.(m), Avg Gradient(m/km), RMS Gradient(m/km) - GMTED2010 
  7 196.144833  62.318380     4.189     4.097  6 52444.32588967 16.833
  8 196.149047  62.322567     3.604     3.117  6 52479.32588363 19.674
  9 196.157157  62.338109    -1.000    -0.883  8 52514.32583232 44.740
 11 196.152116  62.331266     2.730     2.240  7 52584.32586364 31.448
 12 196.152767  62.331870     1.513     1.514  8 52619.32584143 38.167
 13 196.150817  62.329017     1.457     1.456  7 52654.32582461 23.527
 14 196.155037  62.334773     1.347     1.333  8 52689.32582147 21.629
 15 196.149840  62.325941     1.060     1.055  7 52724.32586457 29.003
 16 196.150253  62.322964     5.460     5.797  7 52759.32588369 26.600
 17 196.147174  62.321377     3.546     3.559  6 52794.32583829 41.337
 18 196.148837  62.322076     5.065     4.969  7 52829.32590553 19.326
 19 196.151445  62.327296     3.793     3.792  7 52864.32595093 51.469
 20 196.151440  62.328509     3.838     3.741  7 52899.32598034 23.435
 21 196.154579  62.332474     4.254     4.255  8 52934.32592482 20.972
 22 196.147672  62.321310     1.404     1.415  6 52969.32593725 32.543
 23 196.147730  62.322988     1.682     1.669  6 53004.32595679 17.589
 25 196.150037  62.326636     1.506     1.370  7 53074.32593695 13.805
 26 196.140917  62.315134     2.879     1.732  8 53109.32590501 31.680
 27 196.148206  62.320680     3.741     3.698  6 53144.32594684 28.355
 28 196.151831  62.327916     4.831     4.729  7 53179.32596370 17.647
 29 196.150253  62.324211     2.713     2.684  7 53214.32598454 50.439
 30 196.154369  62.333050     2.450     2.450  8 53249.32595578 36.884
 31 196.142303  62.317433     1.932     1.949  7 53284.32594829 50.873
 32 196.150745  62.328898     0.845     0.852  7 53319.32594016 31.185
 33 196.155307  62.338121     1.202     1.218  8 53354.32590883 24.177
 34 196.144517  62.318349     1.492     1.452  6 53389.32590841 21.614
 35 196.153909  62.332969     2.314     2.444  7 53424.32590953 14.461
 36 196.148512  62.322426     1.782     1.384  6 53459.32591285 14.048
 37 196.144987  62.319550     2.104     1.643  6 53494.32599781 30.306
 38 196.152877  62.332479     4.857     4.911  7 53529.32597571 37.546
 39 196.150133  62.325017     4.085     4.439  7 53564.32600483 30.401
 40 196.155104  62.333879     2.790     2.776  8 53599.32594786 22.733
 41 196.144323  62.315648     3.504     3.035  7 53634.32594116 23.070
 42 196.147653  62.321391     4.854     4.798  7 53669.32596369 21.463
 43 196.155178  62.335070     1.948     1.939  8 53704.32590483 21.817
 44 196.159866  62.344570     2.891     3.011  8 53739.32581582 13.069
 45 196.151879  62.327028     2.795     3.163  7 53774.32583159 10.969
 46 196.156004  62.339006     1.817     1.783  9 53809.32581783 16.085
 48 196.150781  62.324347     4.252     3.882  7 53879.32588591 36.422
 49 196.146489  62.321134     4.194     4.061  6 53914.32594097 17.512
 50 196.147669  62.322508     4.109     3.671  6 53949.32595223 19.332
 51 196.152826  62.334050     3.638     3.580  8 53984.32589297 35.495
 52 196.147544  62.320860     3.077     3.095  7 54019.32592495 26.153
 53 196.153769  62.331605     1.318     1.310  7 54054.32591731 33.212
 54 196.153743  62.332970     1.911     1.903  7 54089.32590836 18.391
 55 196.145324  62.319457     1.835     1.853  6 54124.32583018 14.870
 56 196.150350  62.326443     1.134     1.133  7 54159.32587290 26.076
 57 196.145772  62.319942     1.172     1.017  6 54194.32583274 31.010
 58 196.150188  62.324649     2.824     2.858  7 54229.32588504 35.522
 59 196.151527  62.323866     4.830     4.710  7 54264.32590302 19.593
 60 196.151300  62.327390     3.044     2.910  7 54299.32590717 17.363
 61 196.152442  62.332673     3.313     3.215  7 54334.32589844 32.214
 63 196.150864  62.330239     2.643     2.639  7 54404.32584184 49.478
 64 196.144025  62.316061     3.348     3.398  7 54439.32579673 23.987
 65 196.151683  62.323757     1.858     1.787  7 54474.32582712 19.771
 66 196.146246  62.318929     2.078     2.108  7 54509.32580980 16.422
 67 196.151799  62.328436     1.469     1.416  6 54544.32584239 13.370
 68 196.149408  62.325184     1.347     1.352  7 54579.32581034 43.793
 69 196.150859  62.329260     4.910     4.903  7 54614.32583260 41.665
 70 196.149962  62.322808     3.521     3.611  7 54649.32584108 31.563
 71 196.152364  62.331276     3.908     3.653  7 54684.32583949 22.885
 72 196.146574  62.319009     3.549     3.304  7 54719.32578489 25.237
 73 196.150225  62.324861     2.390     2.358  7 54754.32581181 46.112
 74 196.144509  62.319292     2.062     2.076  6 54789.32577836 22.725
 75 196.150048  62.322502     3.582     3.746  7 54824.32580698 10.966
 76 196.145928  62.319706     3.877     3.905  7 54859.32577146  9.687
 77 196.151835  62.327966     4.629     4.536  7 54894.32580949 10.425
 78 196.145028  62.319870     4.230     4.196  6 54929.32577123  9.490
 79 196.151397  62.323900     4.504     3.796  7 54964.32580902 28.304
 80 196.150612  62.324273     5.105     5.127  7 54999.32582936 21.355
 81 196.151125  62.322904     3.784     3.405  7 55034.32581607 24.227
 82 196.153750  62.332361     3.388     3.661  7 55069.32580714 23.543
 83 196.144909  62.319059     3.008     2.645  7 55104.32574511 31.210
 84 196.152117  62.325419     1.678     1.697  7 55139.32575317 39.155
 85 196.145291  62.319441     2.069     2.072  6 55174.32571281 35.532
 86 196.149338  62.325181     2.082     1.758  7 55209.32574840 20.309
 87 196.147301  62.319132     3.155     3.070  6 55244.32571855 16.246
 88 196.152204  62.329359     2.272     2.222  8 55279.32574287 11.190
 89 196.150152  62.323936     4.806     4.825  6 55314.32570642 10.880
 90 196.151912  62.330463     4.881     4.917  7 55349.32571412 22.607
 91 196.146597  62.319695     2.805     2.798  6 55384.32570468 46.776
 92 196.151930  62.323480     4.087     4.131  7 55419.32573161 24.190
 93 196.154775  62.332644     3.429     3.490  8 55454.32571160 46.694
 94 196.156461  62.340454     1.702     1.677  9 55489.32563258 50.105
