# NaN NaN NaN ;Mean Elev.(m), Avg Gradient(m/km), RMS Gradient(m/km) - SRTM1     
#   50.664 -10.374  73.128 ;Mean Elev.(m), Avg Gradient(m/km), RMS Gradient(m/km) - ASTER GDEM
#   63.026  -9.226  71.233 ;Mean Elev.(m), Avg Gradient(m/km), RMS Gradient(m/km) - GMTED2010 
 11    64.099 52616.89045561 33.74 208.236826  65.109216 11.458
 11    63.870 52616.89045625 33.19 208.233826  65.106116 11.458
 11    63.970 52616.89045690 33.41 208.230836  65.103006 11.458
 11    64.166 52616.89045754 34.24 208.227836  65.099906 11.458
 15    64.045 52756.89049651 40.45 208.232276  65.110103 35.614
 15    64.004 52756.89049716 45.88 208.229276  65.106993 35.614
 15    63.943 52756.89049780 50.53 208.226286  65.103893 35.614
 15    63.869 52756.89049845 48.42 208.223286  65.100783 35.614
 15    63.880 52756.89049909 49.20 208.220286  65.097683 35.614
 15    63.901 52756.89049974 49.92 208.217296  65.094573 35.614
 20    63.493 52931.89053869 42.16 208.233660  65.107869 28.506
 20    63.552 52931.89053933 37.43 208.230670  65.104759 28.506
 20    63.305 52931.89053998 38.23 208.227670  65.101659 28.506
 20    63.313 52931.89054062 37.09 208.224670  65.098549 28.506
 23    63.879 53036.89051604 18.10 208.236530  65.109409  5.587
 23    63.889 53036.89051669 19.65 208.233530  65.106299  5.587
 23    64.037 53036.89051733 19.65 208.230530  65.103199  5.587
 23    63.931 53036.89051798 18.37 208.227540  65.100089  5.587
 25    63.611 53106.89051681 32.13 208.233567  65.110707 19.999
 25    63.723 53106.89051746 30.23 208.230567  65.107597 19.999
 25    63.831 53106.89051810 31.08 208.227567  65.104497 19.999
 25    63.525 53106.89051875 34.02 208.224577  65.101387 19.999
 25    63.247 53106.89051939 38.39 208.221577  65.098287 19.999
 25    63.451 53106.89052003 36.18 208.218587  65.095177 19.999
 38    64.487 53561.89061458 24.49 208.239699  65.108216 29.948
 38    64.690 53561.89061523 29.23 208.236699  65.105116 29.948
 43    63.745 53736.89042965 17.58 208.237874  65.108080  4.608
 43    63.672 53736.89043029 19.39 208.234874  65.104970  4.608
 43    63.748 53736.89043094 17.73 208.231884  65.101870  4.608
 49    64.570 53946.89056207 42.08 208.237968  65.106898 26.546
 49    64.422 53946.89056272 38.32 208.234968  65.103798 26.546
 50    64.127 53981.89050560 32.49 208.240688  65.108562 16.639
 50    64.056 53981.89050625 35.15 208.237686  65.105453 23.930
 54    63.522 54121.89044375 16.98 208.233545  65.112210  4.060
 54    63.759 54121.89044440 17.86 208.230545  65.109110  4.060
 54    63.819 54121.89044504 17.92 208.227554  65.106004  4.296
 54    63.736 54121.89044569 18.32 208.224554  65.102894  4.296
 54    63.520 54121.89044633 18.40 208.221554  65.099794  4.296
 54    63.946 54121.89044698 15.75 208.218564  65.096684  4.296
 56    63.659 54191.89044311 20.24 208.236552  65.108585  5.467
 56    63.850 54191.89044375 18.72 208.233552  65.105475  5.467
 56    63.651 54191.89044440 18.36 208.230562  65.102375  5.467
 61    66.131 54366.89044895 24.23 208.237580  65.108366 17.353
 61    65.298 54366.89044959 22.29 208.234580  65.105256 17.353
 61    65.543 54366.89045024 22.64 208.231580  65.102156 17.353
 63    64.088 54436.89040687 26.34 208.239915  65.107188  5.388
 63    64.051 54436.89040751 27.17 208.236925  65.104088  5.388
 65    64.107 54506.89041910 18.49 208.237570  65.106408  4.755
 65    64.154 54506.89041974 19.07 208.234570  65.103308  4.755
 71    64.224 54716.89039690 27.28 208.238262  65.107930 20.499
 71    64.078 54716.89039755 26.42 208.235262  65.104830 20.499
 71    64.172 54716.89039819 27.19 208.232272  65.101720 20.499
 73    64.306 54786.89038695 32.28 208.241588  65.107684  9.080
 73    64.443 54786.89038760 35.34 208.238588  65.104584  9.080
 77    65.508 54926.89038090  9.85 208.236797  65.110071  4.451
 77    65.521 54926.89038154  9.46 208.233797  65.106961  4.451
 77    64.281 54926.89038219 10.18 208.230797  65.103861  4.451
 77    65.101 54926.89038283  9.34 208.227807  65.100751  4.451
 82    64.175 55101.89035606 33.52 208.236168  65.110556 23.088
 82    63.869 55101.89035670 27.71 208.233178  65.107456 23.088
 82    63.691 55101.89035735 28.31 208.230178  65.104346 23.088
 82    63.557 55101.89035799 31.50 208.227178  65.101246 23.088
 82    63.687 55101.89035864 31.49 208.224188  65.098136 23.088
 86    63.625 55241.89032978 17.37 208.235863  65.106680  5.219
 86    63.656 55241.89033043 18.02 208.232873  65.103580  5.219
 93    63.205 55486.89024482 30.88 208.235699  65.107854 12.970
 93    63.198 55486.89024546 31.99 208.232709  65.104744 12.970
 93    63.195 55486.89024611 31.68 208.229709  65.101644 12.970
