# NaN NaN NaN ;Mean Elev.(m), Avg Gradient(m/km), RMS Gradient(m/km) - SRTM1     
#    6.344   0.201   8.303 ;Mean Elev.(m), Avg Gradient(m/km), RMS Gradient(m/km) - ASTER GDEM
#   11.555  -1.331   7.625 ;Mean Elev.(m), Avg Gradient(m/km), RMS Gradient(m/km) - GMTED2010 
  6    11.468 52441.32174160 51.82 198.166352  61.569709 25.325
  6    11.426 52441.32174225 48.50 198.163962  61.572869 25.325
  6    11.380 52441.32174289 50.60 198.161562  61.576019 25.325
  6    11.351 52441.32174354 50.64 198.159162  61.579169 25.325
  7    10.175 52476.32173833 46.54 198.169963  61.571010 18.287
  7     9.726 52476.32173898 33.31 198.167573  61.574160 18.287
  7     9.687 52476.32173962 43.26 198.165173  61.577320 18.287
  7     9.721 52476.32174027 41.17 198.162773  61.580470 18.287
  7     9.773 52476.32174091 34.49 198.160383  61.583620 18.287
  8     9.117 52511.32169001 47.71 198.184499  61.576906 40.509
  8     9.003 52511.32169066 41.15 198.182099  61.580056 40.509
  8     9.134 52511.32169130 52.23 198.179699  61.583206 40.509
  8     9.035 52511.32169195 53.30 198.177309  61.586366 40.509
  8     9.082 52511.32169259 52.88 198.174909  61.589516 40.509
  9     9.992 52546.32171208 28.39 198.168634  61.568953 15.764
  9     9.959 52546.32171273 29.88 198.166234  61.572103 15.764
  9    10.040 52546.32171337 24.37 198.163844  61.575253 15.764
  9     9.783 52546.32171402 20.86 198.161444  61.578413 15.764
  9    10.844 52546.32171466 16.46 198.159044  61.581563 15.764
 10     7.718 52581.32173223 33.19 198.173701  61.569620 22.992
 10     7.695 52581.32173287 32.28 198.171301  61.572780 22.992
 10     7.360 52581.32173352 36.04 198.168901  61.575930 22.992
 10     7.344 52581.32173416 42.88 198.166511  61.579080 22.992
 10     7.183 52581.32173481 53.39 198.164111  61.582240 22.992
 11     8.541 52616.32170337 28.05 198.177764  61.575251 10.227
 11     7.213 52616.32170402 29.72 198.175374  61.578401 10.227
 11     8.024 52616.32170466 29.02 198.172979  61.581548  9.613
 11     7.314 52616.32170531 33.95 198.170579  61.584708  9.613
 11     7.165 52616.32170595 35.46 198.168179  61.587858  9.613
 12    10.294 52651.32167935 15.90 198.176758  61.571192  4.430
 12     8.929 52651.32168000 16.11 198.174368  61.574352  4.430
 12     8.187 52651.32168064 15.85 198.171968  61.577502  4.430
 12     7.744 52651.32168129 15.19 198.169568  61.580652  4.430
 12     7.412 52651.32168193 14.87 198.167168  61.583812  4.430
 12     7.319 52651.32168257 14.55 198.164772  61.586963  2.760
 13     9.316 52686.32167159 21.14 198.181624  61.577172  5.112
 13     9.002 52686.32167223 22.24 198.179234  61.580332  5.112
 13     8.524 52686.32167288 24.15 198.176834  61.583482  5.112
 13     8.485 52686.32167352 22.74 198.174434  61.586632  5.112
 13     7.865 52686.32167416 22.69 198.172034  61.589792  5.112
 14    10.685 52721.32171976 19.20 198.174360  61.569708  3.643
 14    10.259 52721.32172040 18.55 198.171960  61.572858  3.643
 14     8.285 52721.32172105 19.40 198.169563  61.576013  3.284
 14     7.715 52721.32172169 21.24 198.167173  61.579163  3.284
 14     7.782 52721.32172234 18.97 198.164773  61.582313  3.284
 14     7.177 52721.32172298 20.42 198.162373  61.585473  3.284
 15     7.742 52756.32174332 30.57 198.170967  61.570906 25.369
 15     8.129 52756.32174396 28.12 198.168567  61.574056 25.369
 15     7.682 52756.32174461 30.64 198.166170  61.577204 11.376
 15     7.222 52756.32174525 33.97 198.163780  61.580364 11.376
 15     6.668 52756.32174590 34.00 198.161380  61.583514 11.376
 16    10.410 52791.32169304 50.87 198.165877  61.568718 36.296
 16    10.334 52791.32169369 43.59 198.163477  61.571878 36.296
 16    10.305 52791.32169433 50.41 198.161074  61.575029 12.449
 16    10.373 52791.32169498 48.16 198.158674  61.578179 12.449
 17    10.704 52826.32176205 27.41 198.170967  61.569620 28.368
 17    10.942 52826.32176269 29.59 198.168567  61.572780 28.368
 17    10.831 52826.32176334 25.71 198.166171  61.575932  8.981
 17    10.608 52826.32176398 17.91 198.163771  61.579082  8.981
 17    10.349 52826.32176463 15.01 198.161371  61.582232  8.981
 18    10.878 52861.32180782 48.57 198.172811  61.571104 34.625
 18    10.761 52861.32180846 39.89 198.170411  61.574264 34.625
 18    10.575 52861.32180911 29.72 198.168014  61.577417 10.159
 18    10.328 52861.32180975 24.31 198.165614  61.580567 10.159
 18    10.957 52861.32181040 21.46 198.163224  61.583717 10.159
 19    11.233 52896.32183834 34.89 198.174766  61.573140 36.336
 19    11.252 52896.32183898 34.10 198.172366  61.576290 36.336
 19    10.984 52896.32183963 31.37 198.169971  61.579447 12.131
 19    10.859 52896.32184027 25.18 198.167571  61.582597 12.131
 19    10.770 52896.32184092 18.25 198.165181  61.585747 12.131
 20     8.599 52931.32178607 30.23 198.182153  61.574240 21.832
 20     8.512 52931.32178671 29.18 198.179753  61.577400 21.832
 20     8.414 52931.32178736 27.12 198.177363  61.580550 21.832
 20     8.418 52931.32178800 27.72 198.174969  61.583708  7.328
 20     8.049 52931.32178865 28.54 198.172569  61.586858  7.328
 20     7.956 52931.32178929 20.43 198.170169  61.590008  7.328
 21     8.844 52966.32178306 25.99 198.170097  61.568678 11.265
 21     8.339 52966.32178370 28.36 198.167707  61.571828 11.265
 21     6.221 52966.32178435 31.55 198.165307  61.574988 11.265
 21     6.349 52966.32178499 37.16 198.162904  61.578138  6.372
 21     6.322 52966.32178564 30.67 198.160514  61.581288  6.372
 22     9.319 53001.32181348 14.07 198.169459  61.572113  4.638
 22     7.394 53001.32181413 17.96 198.167059  61.575263  4.638
 22     6.714 53001.32181477 21.61 198.164659  61.578413  4.638
 22     6.465 53001.32181542 19.44 198.162269  61.581573  4.638
 23    10.616 53036.32176305 11.28 198.179517  61.575460  3.570
 23    10.074 53036.32176369 11.79 198.177123  61.578609  2.582
 23     9.041 53036.32176434 11.93 198.174723  61.581769  2.582
 23     6.675 53036.32176498 10.89 198.172333  61.584919  2.582
 23     6.458 53036.32176563 11.19 198.169933  61.588079  2.582
 24    10.671 53071.32178435 13.28 198.174862  61.570762  2.710
 24     9.652 53071.32178500 12.48 198.172472  61.573912  2.710
 24    11.266 53071.32178564 12.09 198.170072  61.577072  2.710
 24     7.521 53071.32178629 11.67 198.167672  61.580222  2.710
 24     6.840 53071.32178693 11.63 198.165282  61.583372  2.710
 25     8.800 53106.32176415 37.68 198.182444  61.575921 28.373
 25     9.490 53106.32176479 34.03 198.180048  61.579071 13.120
 25     9.040 53106.32176543 39.40 198.177648  61.582231 13.120
 25     6.439 53106.32176608 36.21 198.175258  61.585381 13.120
 25     5.265 53106.32176672 43.13 198.172858  61.588531 13.120
 26    10.611 53141.32179204 49.16 198.170679  61.570350 23.925
 26    10.515 53141.32179269 37.02 198.168279  61.573510 23.925
 26    10.681 53141.32179333 50.75 198.165879  61.576660 23.925
 26    10.568 53141.32179398 51.54 198.163489  61.579810 23.925
 26    10.659 53141.32179462 42.10 198.161089  61.582960 23.925
 27    12.709 53176.32182139 25.47 198.173548  61.572581 34.033
 27    12.553 53176.32182203 25.96 198.171148  61.575731 34.033
 27    12.315 53176.32182268 19.04 198.168752  61.578886  9.553
 27    12.043 53176.32182332 13.33 198.166352  61.582036  9.553
 27    12.054 53176.32182397 13.02 198.163952  61.585186  9.553
 28     9.488 53211.32184050 50.66 198.173718  61.572807 26.999
 28     9.096 53211.32184114 37.26 198.171318  61.575954 13.720
 28     9.029 53211.32184179 37.53 198.168918  61.579114 13.720
 28     8.983 53211.32184243 37.47 198.166518  61.582264 13.720
 28     9.011 53211.32184308 38.38 198.164128  61.585414 13.720
 29     8.778 53246.32180910 37.36 198.179238  61.575687 11.926
 29     8.711 53246.32180974 34.15 198.176848  61.578837 11.926
 29     8.561 53246.32181039 27.17 198.174448  61.581987 11.926
 29     8.455 53246.32181103 18.22 198.172048  61.585147 11.926
 29     8.480 53246.32181168 15.55 198.169648  61.588297 11.926
 30     7.675 53281.32179405 33.18 198.164142  61.568965  9.435
 30     7.364 53281.32179470 27.58 198.161742  61.572125  9.435
 30     6.908 53281.32179534 23.72 198.159352  61.575275  9.435
 31     7.411 53316.32180480 29.19 198.173731  61.571182  8.562
 31     7.405 53316.32180545 26.20 198.171331  61.574332  8.562
 31     6.467 53316.32180609 30.01 198.168931  61.577482  8.562
 31     6.207 53316.32180674 32.31 198.166541  61.580632  8.562
 31     6.073 53316.32180738 31.73 198.164141  61.583792  8.562
 32     8.274 53351.32177127 21.25 198.180862  61.576793  4.376
 32     6.761 53351.32177192 23.08 198.178462  61.579943  4.376
 32     6.261 53351.32177256 23.93 198.176062  61.583093  4.376
 32     6.288 53351.32177321 22.90 198.173672  61.586253  4.376
 32     6.238 53351.32177385 22.95 198.171272  61.589403  4.376
 33     7.557 53386.32175631 14.45 198.165336  61.570226  6.926
 33     5.904 53386.32175696 20.13 198.162946  61.573376  6.926
 33     6.023 53386.32175760 20.44 198.160546  61.576526  6.926
 33     5.998 53386.32175825 33.11 198.158146  61.579686  6.926
 34    11.976 53421.32175975  9.64 198.181567  61.574322  2.175
 34    11.144 53421.32176040 10.05 198.179167  61.577472  2.175
 34    11.321 53421.32176104  9.90 198.176767  61.580622  2.175
 34    10.440 53421.32176169  9.90 198.174377  61.583782  2.175
 34     9.790 53421.32176233  9.87 198.171977  61.586932  2.175
 35    10.521 53456.32176508 10.06 198.166900  61.571012  4.643
 35     9.645 53456.32176573  9.30 198.164510  61.574162  4.643
 35     7.551 53456.32176637  9.84 198.162110  61.577322  4.643
 35     5.501 53456.32176702 33.84 198.159710  61.580472  4.643
 36    11.030 53491.32184993 28.94 198.167713  61.568472 18.652
 36     9.725 53491.32185057 32.49 198.165313  61.571622 18.652
 36     5.881 53491.32185122 35.96 198.162913  61.574772 18.652
 36     5.765 53491.32185186 39.99 198.160523  61.577932 18.652
 36     5.521 53491.32185250 39.93 198.158123  61.581082 18.652
 37    12.891 53526.32183315 24.85 198.176834  61.574621 15.980
 37    11.936 53526.32183380 19.91 198.174434  61.577771 15.980
 37    12.351 53526.32183444 18.74 198.172044  61.580931 15.980
 37    12.798 53526.32183509 16.08 198.169644  61.584081 15.980
 37    12.681 53526.32183573 15.20 198.167244  61.587231 15.980
 38    11.024 53561.32186100 25.94 198.172525  61.571582 16.208
 38    10.778 53561.32186165 24.22 198.170135  61.574732 16.208
 38    10.732 53561.32186229 19.76 198.167735  61.577882 16.208
 38    10.327 53561.32186294 17.87 198.165335  61.581042 16.208
 38    11.265 53561.32186358 13.65 198.162945  61.584192 16.208
 39     9.569 53596.32180049 47.76 198.184475  61.576897 23.595
 39     9.592 53596.32180113 41.28 198.182075  61.580047 23.595
 39     9.441 53596.32180178 34.51 198.179675  61.583207 23.595
 39     9.419 53596.32180242 31.89 198.177285  61.586357 23.595
 39     9.390 53596.32180307 39.38 198.174885  61.589507 23.595
 40     9.371 53631.32179405 46.71 198.159055  61.568613 30.000
 40     9.528 53631.32179470 50.28 198.156665  61.571763 30.000
 40     9.366 53631.32179534 53.63 198.154265  61.574913 30.000
 41    10.052 53666.32181713 24.59 198.169846  61.571580  7.828
 41     9.797 53666.32181777 26.72 198.167446  61.574730  7.828
 41     9.546 53666.32181842 25.73 198.165046  61.577880  7.828
 41     8.968 53666.32181906 23.61 198.162656  61.581040  7.828
 42     9.628 53701.32176738 21.14 198.182109  61.573320  5.468
 42     7.136 53701.32176802 23.81 198.179719  61.576480  5.468
 42     6.953 53701.32176867 24.66 198.177319  61.579630  5.468
 42     6.794 53701.32176931 22.57 198.174919  61.582780  5.468
 42     7.153 53701.32176996 20.59 198.172519  61.585940  5.468
 42     6.916 53701.32177060 18.55 198.170129  61.589090  5.468
 43     9.922 53736.32167820 11.09 198.190956  61.577901  2.949
 43     9.847 53736.32167884 11.52 198.188556  61.581051  2.949
 43     7.631 53736.32167949 12.63 198.186166  61.584201  2.949
 43     8.007 53736.32168013 11.46 198.183766  61.587361  2.949
 43     7.860 53736.32168078 11.06 198.181376  61.590511  2.949
 43     7.532 53736.32168142 10.87 198.178976  61.593661  2.949
 44    11.730 53771.32168271  8.32 198.175779  61.573976  2.396
 44    10.721 53771.32168336  8.90 198.173379  61.577126  2.396
 44    10.764 53771.32168400  8.88 198.170989  61.580276  2.396
 44     9.916 53771.32168465  8.66 198.168589  61.583436  2.396
 44     9.250 53771.32168529  8.05 198.166189  61.586586  2.396
 45    12.037 53806.32167436  5.30 198.183659  61.578271  2.027
 45    11.630 53806.32167500  5.51 198.181259  61.581421  2.027
 45    10.691 53806.32167565  5.85 198.178859  61.584581  2.027
 45    10.168 53806.32167629  5.03 198.176469  61.587731  2.027
 45     8.641 53806.32167694  5.29 198.174069  61.590881  2.027
 47    10.437 53876.32174121 31.22 198.173955  61.571520 14.153
 47     9.995 53876.32174186 32.82 198.171555  61.574670 14.153
 47    10.134 53876.32174250 32.26 198.169165  61.577820 14.153
 47     9.988 53876.32174315 35.30 198.166765  61.580980 14.153
 47     9.883 53876.32174379 36.61 198.164365  61.584130 14.153
 48    10.633 53911.32178998 25.14 198.168466  61.568547 16.078
 48    10.841 53911.32179063 24.90 198.166076  61.571707 16.078
 48    10.663 53911.32179127 22.84 198.163676  61.574857 16.078
 48    10.611 53911.32179192 20.05 198.161276  61.578007 16.078
 48    10.597 53911.32179256 17.04 198.158886  61.581167 16.078
 49    11.184 53946.32180827 22.13 198.169452  61.571093 15.719
 49    11.064 53946.32180891 24.48 198.167062  61.574253 15.719
 49    10.975 53946.32180955 21.89 198.164662  61.577403 15.719
 49    10.860 53946.32181020 18.36 198.162262  61.580553 15.719
 50    12.563 53981.32175346 25.40 198.179971  61.574754 11.308
 50    12.324 53981.32175411 22.54 198.177571  61.577904 11.308
 50    12.521 53981.32175475 18.65 198.175181  61.581064 11.308
 50    12.701 53981.32175540 13.53 198.172781  61.584214 11.308
 50    11.130 53981.32175604 13.74 198.170381  61.587364 11.308
 51     8.881 54016.32177555 30.53 198.166956  61.570325  8.066
 51     9.384 54016.32177619 25.31 198.164556  61.573475  8.066
 51     9.490 54016.32177684 25.24 198.162166  61.576625  8.066
 51     8.848 54016.32177748 24.48 198.159766  61.579785  8.066
 52    12.557 54051.32177486 23.61 198.180007  61.574405 11.610
 52     7.395 54051.32177550 27.11 198.177607  61.577565 11.610
 52     6.623 54051.32177614 29.80 198.175207  61.580715 11.610
 52     6.586 54051.32177679 32.65 198.172817  61.583865 11.610
 52     6.757 54051.32177743 48.90 198.170417  61.587015 11.610
 53    10.353 54086.32176675 10.92 198.179821  61.573492  3.931
 53    10.060 54086.32176740 11.35 198.177431  61.576642  3.931
 53     7.066 54086.32176804 12.91 198.175031  61.579802  3.931
 53     6.825 54086.32176869 14.05 198.172631  61.582952  3.931
 53     6.877 54086.32176933 13.43 198.170231  61.586102  3.931
 54    12.127 54121.32169278  9.62 198.189556  61.577257  6.422
 54    11.724 54121.32169343  9.73 198.187156  61.580417  6.422
 54    11.294 54121.32169407 10.58 198.184756  61.583567  6.422
 54    10.475 54121.32169471 10.63 198.182366  61.586717  6.422
 54     6.991 54121.32169536 12.91 198.179966  61.589877  6.422
 54     6.603 54121.32169600 23.39 198.177576  61.593027  6.422
 55    11.562 54156.32172605 11.68 198.175575  61.570760  2.406
 55    10.664 54156.32172670 11.31 198.173185  61.573920  2.406
 55     9.444 54156.32172734 11.41 198.170785  61.577070  2.406
 55     8.785 54156.32172799 11.54 198.168385  61.580220  2.406
 55     7.777 54156.32172863 11.20 198.165995  61.583370  2.406
 56     8.872 54191.32169099 12.00 198.183895  61.578110  2.925
 56     8.311 54191.32169164 12.00 198.181505  61.581260  2.925
 56     8.328 54191.32169228 13.73 198.179105  61.584420  2.925
 56     8.178 54191.32169293 13.03 198.176715  61.587570  2.925
 56     7.573 54191.32169357 10.57 198.174315  61.590720  2.925
 57     8.352 54226.32173767 27.47 198.172789  61.571108 18.455
 57     7.872 54226.32173832 29.77 198.170399  61.574258 18.455
 57     7.897 54226.32173896 38.87 198.167999  61.577408 18.455
 57     7.862 54226.32173961 39.43 198.165599  61.580568 18.455
 57     7.820 54226.32174025 37.14 198.163199  61.583718 18.455
 58    10.622 54261.32175727 22.89 198.175907  61.570351 23.843
 58    10.625 54261.32175791 27.90 198.173507  61.573511 23.843
 58    10.375 54261.32175855 29.82 198.171117  61.576661 23.843
 58    10.381 54261.32175920 22.03 198.168717  61.579811 23.843
 58    10.102 54261.32175984 18.88 198.166317  61.582971 23.843
 58    10.003 54261.32176049 15.12 198.163917  61.586121 23.843
 59    10.048 54296.32176168 27.08 198.177387  61.571919 22.289
 59     9.884 54296.32176233 31.49 198.174997  61.575069 22.289
 59     9.734 54296.32176297 27.48 198.172597  61.578219 22.289
 59     9.592 54296.32176362 22.43 198.170197  61.581379 22.289
 59    10.032 54296.32176426 17.65 198.167797  61.584529 22.289
 60    10.814 54331.32175344 24.74 198.181513  61.573606 13.493
 60    10.822 54331.32175408 22.52 198.179113  61.576756 13.493
 60    10.809 54331.32175473 21.86 198.176723  61.579906 13.493
 60    10.721 54331.32175537 19.39 198.174323  61.583066 13.493
 60    10.502 54331.32175602 14.61 198.171923  61.586216 13.493
 60    10.039 54331.32175666 15.79 198.169533  61.589366 13.493
 61    10.643 54366.32169673 21.95 198.185172  61.575548 13.658
 61    11.023 54366.32169738 19.75 198.182772  61.578698 13.658
 61    10.660 54366.32169802 21.61 198.180382  61.581848 13.658
 61    10.300 54366.32169867 22.55 198.177982  61.585008 13.658
 61    10.277 54366.32169931 19.78 198.175582  61.588158 13.658
 61     9.974 54366.32169996 17.64 198.173192  61.591308 13.658
 62     7.532 54401.32169582 32.50 198.176142  61.574158 16.076
 62     7.035 54401.32169646 31.98 198.173742  61.577308 16.076
 62     7.290 54401.32169711 37.65 198.171342  61.580468 16.076
 62     7.063 54401.32169775 49.44 198.168942  61.583618 16.076
 62     6.947 54401.32169839 43.35 198.166552  61.586768 16.076
 63     7.575 54436.32165299 33.43 198.182228  61.574662 13.049
 63     7.469 54436.32165363 26.39 198.179838  61.577812 13.049
 63     6.973 54436.32165428 28.07 198.177438  61.580972 13.049
 63     6.891 54436.32165492 31.41 198.175048  61.584122 13.049
 63     6.912 54436.32165556 47.81 198.172648  61.587272 13.049
 64    11.089 54471.32167997 13.18 198.172081  61.572115  7.042
 64     7.302 54471.32168062 15.78 198.169691  61.575265  7.042
 64     5.913 54471.32168126 21.14 198.167291  61.578415  7.042
 64     5.953 54471.32168191 23.76 198.164891  61.581575  7.042
 64     6.018 54471.32168255 26.19 198.162491  61.584725  7.042
 65    11.803 54506.32166577  8.89 198.183592  61.575601  3.661
 65    11.593 54506.32166642  8.63 198.181192  61.578761  3.661
 65    10.076 54506.32166706  9.46 198.178802  61.581911  3.661
 65     6.144 54506.32166771 12.40 198.176402  61.585061  3.661
 65     5.771 54506.32166835 15.36 198.174002  61.588221  3.661
 66    11.485 54541.32169494  7.35 198.176486  61.573865  3.032
 66    11.782 54541.32169559  7.03 198.174086  61.577025  3.032
 66    11.020 54541.32169623  8.00 198.171686  61.580175  3.032
 66    10.215 54541.32169688  7.24 198.169286  61.583325  3.032
 66     9.541 54541.32169752  7.30 198.166896  61.586475  3.032
 67    12.098 54576.32166783  8.00 198.183523  61.577060  8.183
 67    11.391 54576.32166848  8.68 198.181123  61.580210  8.183
 67     9.987 54576.32166912  9.77 198.178733  61.583360  8.183
 67     5.130 54576.32166977 20.86 198.176333  61.586520  8.183
 67     5.232 54576.32167041 32.95 198.173933  61.589670  8.183
 68    12.489 54611.32168655 26.43 198.176497  61.573015 10.605
 68    12.479 54611.32168720 27.88 198.174097  61.576165 10.605
 68    12.417 54611.32168784 20.85 198.171697  61.579315 10.605
 68    12.239 54611.32168849 15.32 198.169297  61.582475 10.605
 68    12.018 54611.32168913 14.16 198.166907  61.585625 10.605
 69    10.607 54646.32169377 41.80 198.175129  61.573062 12.708
 69    10.696 54646.32169441 34.22 198.172739  61.576212 12.708
 69    10.489 54646.32169506 27.12 198.170339  61.579372 12.708
 69    10.344 54646.32169570 21.55 198.167939  61.582522 12.708
 69    10.029 54646.32169635 20.10 198.165549  61.585672 12.708
 70    11.028 54681.32169513 29.64 198.176305  61.574595 10.779
 70    10.921 54681.32169577 30.15 198.173915  61.577745 10.779
 70    10.852 54681.32169642 25.65 198.171515  61.580905 10.779
 70    10.806 54681.32169706 19.34 198.169115  61.584055 10.779
 70    10.633 54681.32169771 15.54 198.166725  61.587205 10.779
 71     9.876 54716.32164463 39.72 198.185352  61.576954 14.150
 71    10.048 54716.32164527 31.68 198.182952  61.580114 14.150
 71     9.938 54716.32164591 31.95 198.180562  61.583264 14.150
 71     9.794 54716.32164656 33.61 198.178162  61.586414 14.150
 71     9.907 54716.32164720 31.16 198.175762  61.589574 14.150
 72     8.620 54751.32166587 30.61 198.171916  61.571128  7.921
 72     8.555 54751.32166652 26.66 198.169516  61.574278  7.921
 72     8.788 54751.32166716 24.60 198.167116  61.577438  7.921
 72     8.448 54751.32166781 21.54 198.164726  61.580588  7.921
 72     8.881 54751.32166845 17.37 198.162326  61.583738  7.921
 73     7.971 54786.32163381 26.79 198.180828  61.575659  8.416
 73     7.560 54786.32163446 26.60 198.178428  61.578809  8.416
 73     7.553 54786.32163510 28.89 198.176038  61.581969  8.416
 73     7.093 54786.32163575 33.69 198.173638  61.585119  8.416
 73     7.565 54786.32163639 26.29 198.171238  61.588269  8.416
 74     7.689 54821.32165983 20.01 198.171079  61.572569  4.435
 74     7.220 54821.32166047 20.49 198.168679  61.575729  4.435
 74     6.937 54821.32166112 20.35 198.166279  61.578879  4.435
 74     6.793 54821.32166176 17.69 198.163889  61.582029  4.435
 75    11.652 54856.32162987  9.02 198.181783  61.574278  2.351
 75    11.641 54856.32163052  7.39 198.179383  61.577438  2.351
 75    11.092 54856.32163116  8.25 198.176993  61.580588  2.351
 75    11.181 54856.32163181  7.11 198.174593  61.583748  2.351
 75    10.510 54856.32163245  6.77 198.172193  61.586898  2.351
 76    12.471 54891.32166280 14.25 198.177210  61.571254  2.601
 76    12.230 54891.32166345 13.71 198.174810  61.574404  2.601
 76    11.993 54891.32166409 13.48 198.172420  61.577554  2.601
 76    11.628 54891.32166474 13.41 198.170020  61.580714  2.601
 76    10.603 54891.32166538 12.85 198.167620  61.583864  2.601
 76    10.583 54891.32166603 13.14 198.165230  61.587024  2.601
 77    12.719 54926.32162909  9.56 198.182663  61.577751  2.137
 77    12.506 54926.32162973  9.57 198.180263  61.580901  2.137
 77    12.336 54926.32163038  9.16 198.177863  61.584051  2.137
 77    11.510 54926.32163102  9.01 198.175473  61.587211  2.137
 77    10.663 54926.32163167  8.77 198.173073  61.590361  2.137
 78     9.363 54961.32166175 36.09 198.172640  61.570742 12.664
 78    11.934 54961.32166239 32.77 198.170240  61.573892 12.664
 78     9.279 54961.32166304 36.49 198.167840  61.577042 12.664
 78     9.193 54961.32166368 32.70 198.165440  61.580202 12.664
 78     9.051 54961.32166433 28.36 198.163050  61.583352 12.664
 79    12.578 54996.32168305 22.58 198.174690  61.571675  9.549
 79    12.690 54996.32168369 18.87 198.172300  61.574825  9.549
 79    12.153 54996.32168434 18.07 198.169900  61.577975  9.549
 79    12.025 54996.32168498 16.40 198.167500  61.581135  9.549
 79    11.635 54996.32168563 14.92 198.165110  61.584285  9.549
 80    10.364 55031.32167259 39.15 198.177200  61.571629 10.558
 80    10.411 55031.32167324 42.01 198.174810  61.574779 10.558
 80    10.430 55031.32167388 40.80 198.172410  61.577939 10.558
 80    10.146 55031.32167453 30.41 198.170010  61.581089 10.558
 80     9.781 55031.32167517 25.27 198.167610  61.584239 10.558
 80     9.217 55031.32167582 26.60 198.165220  61.587389 10.558
 81     8.640 55066.32166308 27.87 198.179169  61.575552  9.931
 81     8.630 55066.32166373 31.16 198.176779  61.578702  9.931
 81     8.394 55066.32166437 28.65 198.174379  61.581852  9.931
 81     8.360 55066.32166502 20.94 198.171979  61.585012  9.931
 81     8.448 55066.32166566 14.26 198.169589  61.588162  9.931
 82     8.492 55101.32160465 38.02 198.183654  61.578229 11.413
 82     8.418 55101.32160530 40.24 198.181254  61.581389 11.413
 82     8.223 55101.32160594 33.24 198.178864  61.584539 11.413
 82     8.195 55101.32160659 18.16 198.176464  61.587689 11.413
 82     8.060 55101.32160723 15.83 198.174064  61.590849 11.413
 83     5.919 55136.32160813 25.84 198.173151  61.572002  9.596
 83     5.709 55136.32160877 26.91 198.170751  61.575152  9.596
 83     6.072 55136.32160942 26.56 198.168351  61.578312  9.596
 83     6.093 55136.32161006 34.56 198.165951  61.581462  9.596
 83     5.838 55136.32161071 36.01 198.163561  61.584612  9.596
 84     6.720 55171.32157124 29.85 198.182120  61.576189 12.364
 84     6.231 55171.32157188 30.96 198.179720  61.579339 12.364
 84     6.135 55171.32157253 36.13 198.177330  61.582489 12.364
 84     6.084 55171.32157317 40.65 198.174930  61.585649 12.364
 84     5.994 55171.32157382 36.86 198.172530  61.588799 12.364
 85     8.695 55206.32160167 19.44 198.172967  61.570665  3.225
 85     8.523 55206.32160232 18.79 198.170567  61.573815  3.225
 85     7.183 55206.32160296 19.93 198.168167  61.576965  3.225
 85     6.135 55206.32160361 24.13 198.165777  61.580125  3.225
 85     6.185 55206.32160425 18.79 198.163377  61.583275  3.225
 86    10.364 55241.32157657 15.28 198.183111  61.575442  2.794
 86     9.398 55241.32157721 15.06 198.180721  61.578602  2.794
 86     8.746 55241.32157786 14.96 198.178321  61.581752  2.794
 86     8.067 55241.32157850 14.72 198.175931  61.584902  2.794
 86     7.449 55241.32157915 15.10 198.173531  61.588062  2.794
 87     9.343 55276.32159609 22.18 198.177504  61.574135  3.854
 87     9.581 55276.32159673 18.30 198.175114  61.577285  3.854
 87     9.469 55276.32159738 14.65 198.172714  61.580445  3.854
 87     8.904 55276.32159802 13.93 198.170314  61.583595  3.854
 87     8.601 55276.32159867 12.49 198.167914  61.586745  3.854
 88    12.396 55311.32156178 23.51 198.182481  61.577317  7.025
 88    11.066 55311.32156242 23.65 198.180081  61.580467  7.025
 88    10.713 55311.32156307 20.82 198.177691  61.583617  7.025
 88     9.365 55311.32156371 20.30 198.175291  61.586777  7.025
 88     5.291 55311.32156436 26.46 198.172891  61.589927  7.025
 89     9.785 55346.32156559 50.23 198.177226  61.574009 17.213
 89     9.940 55346.32156624 49.53 198.174826  61.577159 17.213
 89     9.887 55346.32156688 43.48 198.172426  61.580319 17.213
 89     9.840 55346.32156752 46.68 198.170026  61.583469 17.213
 89     9.812 55346.32156817 47.09 198.167636  61.586619 17.213
 90     9.320 55381.32155763 30.35 198.180057  61.573478 13.129
 90     9.229 55381.32155828 33.74 198.177657  61.576628 13.129
 90     9.181 55381.32155892 32.36 198.175267  61.579788 13.129
 90     9.083 55381.32155956 28.56 198.172867  61.582938 13.129
 90     8.912 55381.32156021 20.67 198.170467  61.586088 13.129
 91    10.778 55416.32158427 37.52 198.173159  61.569729 13.409
 91    10.839 55416.32158491 37.57 198.170759  61.572879 13.409
 91    10.966 55416.32158556 39.41 198.168359  61.576039 13.409
 91    10.741 55416.32158620 26.31 198.165969  61.579189 13.409
 91    10.458 55416.32158685 24.24 198.163569  61.582339 13.409
 92    10.403 55451.32156867 50.09 198.182341  61.574298 13.856
 92    10.355 55451.32156931 40.31 198.179941  61.577458 13.856
 92    10.455 55451.32156996 37.95 198.177551  61.580608 13.856
 92    10.302 55451.32157060 29.36 198.175151  61.583758 13.856
 92    10.219 55451.32157125 24.95 198.172751  61.586918 13.856
 92    10.492 55451.32157189 29.84 198.170361  61.590068 13.856
 93     7.612 55486.32149297 29.36 198.186056  61.579324  9.798
 93     7.484 55486.32149362 28.29 198.183656  61.582484  9.798
 93     7.185 55486.32149426 28.25 198.181256  61.585634  9.798
 93     6.846 55486.32149491 23.21 198.178866  61.588784  9.798
 93     6.691 55486.32149555 18.80 198.176466  61.591944  9.798
