# NaN NaN NaN ;Mean Elev.(m), Avg Gradient(m/km), RMS Gradient(m/km) - SRTM1     
#    3.209   0.956   4.870 ;Mean Elev.(m), Avg Gradient(m/km), RMS Gradient(m/km) - ASTER GDEM
#    3.566  -0.368   1.686 ;Mean Elev.(m), Avg Gradient(m/km), RMS Gradient(m/km) - GMTED2010 
  7     8.667 52444.32583842 18.73 196.342473  62.068274 26.516
  7     6.794 52444.32583906 18.39 196.340003  62.071424 26.516
  7     6.026 52444.32583971 18.55 196.337543  62.074574 26.516
  7     5.635 52444.32584035 18.64 196.335073  62.077714 26.516
  7     5.547 52444.32584100 19.50 196.332600  62.080862  6.944
  7     5.515 52444.32584164 17.66 196.330130  62.084012  6.944
  8     4.302 52479.32583174 46.12 196.349181  62.069319 37.809
  8     4.304 52479.32583238 47.65 196.346721  62.072459 37.809
  8     4.428 52479.32583302 49.85 196.344249  62.075608 11.785
  8     4.707 52479.32583367 42.63 196.341779  62.078758 11.785
  8     4.431 52479.32583431 46.64 196.339309  62.081908 11.785
  8     4.350 52479.32583496 44.80 196.336839  62.085048 11.785
  9     4.720 52514.32577720 17.29 196.369731  62.069118 38.700
  9     1.101 52514.32577785 18.04 196.367261  62.072268 38.700
  9     0.488 52514.32577849 25.12 196.364791  62.075418 38.700
  9     0.524 52514.32577913 30.07 196.362331  62.078568 38.700
  9     0.594 52514.32577978 31.68 196.359861  62.081718 38.700
  9     0.430 52514.32578042 20.48 196.357391  62.084858 38.700
 11     3.120 52584.32581014 29.98 196.358527  62.070163 31.204
 11     2.923 52584.32581078 28.77 196.356057  62.073303 31.204
 11     3.183 52584.32581143 28.46 196.353592  62.076451  8.607
 11     4.728 52584.32581207 30.05 196.351122  62.079601  8.607
 11     4.584 52584.32581272 31.06 196.348652  62.082751  8.607
 11     3.144 52584.32581336 31.26 196.346182  62.085891  8.607
 12     2.324 52619.32578760 33.39 196.360319  62.069175 10.509
 12     2.141 52619.32578825 35.58 196.357849  62.072315 10.509
 12     2.232 52619.32578889 33.36 196.355389  62.075465 10.509
 12     1.972 52619.32578954 32.74 196.352919  62.078615 10.509
 12     4.410 52619.32579018 32.18 196.350449  62.081765 10.509
 12     2.124 52619.32579083 39.40 196.347979  62.084915 10.509
 13     3.992 52654.32577175 20.90 196.354792  62.071062  3.336
 13     2.669 52654.32577239 21.46 196.352322  62.074212  3.336
 13     4.274 52654.32577304 21.39 196.349852  62.077362  3.336
 13     3.278 52654.32577368 20.71 196.347382  62.080512  3.336
 13     2.073 52654.32577433 20.33 196.344912  62.083652  3.336
 14     6.500 52689.32576700 18.36 196.365082  62.068928  3.619
 14     4.986 52689.32576764 18.90 196.362612  62.072078  3.619
 14     5.319 52689.32576829 19.68 196.360142  62.075228  3.619
 14     1.468 52689.32576893 21.12 196.357682  62.078368  3.619
 14     1.611 52689.32576958 19.96 196.355212  62.081518  3.619
 14     4.197 52689.32577022 19.44 196.352742  62.084668  3.619
 15     7.393 52724.32581170 22.82 196.353740  62.067970  4.754
 15     5.379 52724.32581235 23.70 196.351270  62.071120  4.754
 15     4.548 52724.32581299 24.65 196.348800  62.074270  4.754
 15     4.927 52724.32581364 24.69 196.346330  62.077420  4.754
 15     5.013 52724.32581428 23.98 196.343870  62.080560  4.754
 15     3.122 52724.32581493 23.76 196.341400  62.083710  4.754
 16     2.563 52759.32583147 36.98 196.351543  62.068129 14.251
 16     2.487 52759.32583211 36.00 196.349073  62.071279 14.251
 16     2.611 52759.32583276 36.81 196.346613  62.074419 14.251
 16     4.461 52759.32583340 32.59 196.344143  62.077569 14.251
 16     4.517 52759.32583405 33.45 196.341673  62.080719 14.251
 16     2.708 52759.32583469 35.19 196.339203  62.083869 14.251
 17     9.530 52794.32578639 24.24 196.347422  62.068145  6.202
 17     5.016 52794.32578704 25.58 196.344952  62.071285  6.202
 17     4.958 52794.32578768 26.53 196.342482  62.074435  6.202
 17     4.915 52794.32578833 37.89 196.340012  62.077585  6.202
 17     4.869 52794.32578897 39.28 196.337542  62.080725  6.202
 17     4.896 52794.32578962 26.80 196.335072  62.083875  6.202
 18     4.956 52829.32585395 46.49 196.347853  62.070416 19.017
 18     4.781 52829.32585460 47.36 196.345383  62.073556 19.017
 18     4.917 52829.32585524 46.63 196.342913  62.076706 19.017
 18     4.781 52829.32585588 42.73 196.340443  62.079856 19.017
 18     4.909 52829.32585653 40.75 196.337973  62.083006 19.017
 19     5.162 52864.32589807 50.07 196.355413  62.069337 16.713
 19     5.282 52864.32589871 47.87 196.352943  62.072487 16.713
 19     5.128 52864.32589936 52.60 196.350473  62.075627 16.713
 19     5.213 52864.32590000 42.94 196.348003  62.078777 16.713
 19     5.113 52864.32590065 47.38 196.345533  62.081927 16.713
 19     5.273 52864.32590129 39.25 196.343063  62.085067 16.713
 20     8.162 52899.32592748 19.05 196.355316  62.070531 12.761
 20     5.825 52899.32592812 18.18 196.352846  62.073681 12.761
 20     5.404 52899.32592877 27.32 196.350376  62.076831 12.761
 20     5.437 52899.32592941 30.20 196.347906  62.079981 12.761
 20     5.469 52899.32593006 22.59 196.345436  62.083121 12.761
 20     5.480 52899.32593070 22.75 196.342966  62.086271 12.761
 21     3.152 52934.32587099 27.82 196.362117  62.069765 26.894
 21     3.454 52934.32587164 26.82 196.359651  62.072919 10.206
 21     3.351 52934.32587228 36.23 196.357191  62.076069 10.206
 21     3.484 52934.32587293 38.63 196.354721  62.079209 10.206
 21     4.453 52934.32587357 31.78 196.352251  62.082359 10.206
 21     4.163 52934.32587422 23.10 196.349781  62.085509 10.206
 22     4.539 52969.32588536 27.93 196.347868  62.068079  5.541
 22     2.179 52969.32588600 28.85 196.345398  62.071219  5.541
 22     2.019 52969.32588665 30.55 196.342928  62.074369  5.541
 22     1.537 52969.32588729 31.43 196.340458  62.077519  5.541
 22     1.842 52969.32588794 31.03 196.337988  62.080669  5.541
 22     2.007 52969.32588858 30.53 196.335518  62.083809  5.541
 23     6.487 53004.32590489 15.49 196.347864  62.069748  2.538
 23     4.134 53004.32590554 16.11 196.345394  62.072888  2.538
 23     5.039 53004.32590618 16.02 196.342924  62.076038  2.538
 23     4.381 53004.32590683 15.91 196.340454  62.079188  2.538
 23     1.953 53004.32590747 16.18 196.337994  62.082328  2.538
 23     2.374 53004.32590812 14.75 196.335524  62.085478  2.538
 25     5.467 53074.32588409  9.29 196.353903  62.068669  2.189
 25     5.024 53074.32588473  8.96 196.351433  62.071819  2.189
 25     4.616 53074.32588538  9.38 196.348963  62.074959  2.189
 25     3.737 53074.32588602  9.24 196.346493  62.078109  2.189
 25     3.785 53074.32588667  8.67 196.344023  62.081259  2.189
 25     1.640 53074.32588731  8.28 196.341563  62.084409  2.189
 26     8.412 53109.32585440 24.35 196.336161  62.068198 12.748
 26     4.072 53109.32585504 24.27 196.333691  62.071338 12.748
 26     4.181 53109.32585569 26.25 196.331221  62.074488 12.748
 26     3.725 53109.32585633 28.65 196.328751  62.077638 12.748
 26     3.556 53109.32585698 29.45 196.326281  62.080778 12.748
 26     1.750 53109.32585762 29.59 196.323811  62.083928 12.748
 27     8.090 53144.32589559 21.08 196.345909  62.070576 15.476
 27     5.789 53144.32589623 21.11 196.343439  62.073726 15.476
 27     5.383 53144.32589688 23.53 196.340969  62.076876 15.476
 27     5.342 53144.32589752 31.40 196.338509  62.080026 15.476
 27     5.347 53144.32589817 27.91 196.336029  62.083166 15.476
 28     8.552 53179.32591083 21.54 196.355741  62.069949  8.712
 28     6.097 53179.32591148 22.93 196.353271  62.073099  8.712
 28     6.343 53179.32591212 23.37 196.350801  62.076239  8.712
 28     6.347 53179.32591277 24.65 196.348341  62.079389  8.712
 28     6.364 53179.32591341 24.26 196.345871  62.082539  8.712
 28     6.109 53179.32591406 19.02 196.343401  62.085689  8.712
 29     3.908 53214.32593233 46.66 196.351647  62.069389 13.060
 29     3.882 53214.32593297 39.00 196.349177  62.072539 13.060
 29     3.848 53214.32593362 31.42 196.346717  62.075679 13.060
 29     4.691 53214.32593426 30.46 196.344247  62.078829 13.060
 29     4.437 53214.32593490 31.40 196.341777  62.081979 13.060
 29     3.843 53214.32593555 28.80 196.339307  62.085129 13.060
 30     8.433 53249.32590195 17.64 196.361944  62.070352 10.680
 30     3.934 53249.32590259 25.20 196.359474  62.073502 10.680
 30     4.045 53249.32590324 23.00 196.357014  62.076652 10.680
 30     4.760 53249.32590388 21.88 196.354544  62.079802 10.680
 30     4.693 53249.32590453 23.19 196.352074  62.082942 10.680
 30     3.994 53249.32590517 31.33 196.349604  62.086092 10.680
 31     2.660 53284.32589736 45.35 196.338793  62.068915 23.033
 31     2.692 53284.32589800 43.31 196.336323  62.072065 23.033
 31     2.552 53284.32589865 42.23 196.333853  62.075215 23.033
 31     2.585 53284.32589929 43.03 196.331383  62.078355 23.033
 31     2.694 53284.32589994 43.67 196.328913  62.081505 23.033
 31     2.539 53284.32590058 43.12 196.326443  62.084655 23.033
 32     1.822 53319.32588730 31.49 196.354697  62.070940  6.781
 32     1.825 53319.32588794 30.30 196.352237  62.074090  6.781
 32     1.650 53319.32588859 27.65 196.349767  62.077230  6.781
 32     1.420 53319.32588923 27.59 196.347297  62.080380  6.781
 32     1.707 53319.32588987 27.37 196.344827  62.083530  6.781
 32     1.576 53319.32589052 26.42 196.342357  62.086670  6.781
 33     5.845 53354.32585371 16.53 196.367885  62.069137  2.288
 33     5.178 53354.32585436 16.74 196.365415  62.072287  2.288
 33     4.508 53354.32585500 17.03 196.362955  62.075427  2.288
 33     2.602 53354.32585565 17.62 196.360485  62.078577  2.288
 33     2.644 53354.32585629 16.08 196.358015  62.081727  2.288
 33     1.556 53354.32585694 14.85 196.355545  62.084877  2.288
 34     7.675 53389.32585715 17.24 196.342258  62.068266  2.367
 34     7.233 53389.32585780 17.82 196.339788  62.071406  2.367
 34     6.591 53389.32585844 17.45 196.337318  62.074556  2.367
 34     5.568 53389.32585909 17.06 196.334848  62.077706  2.367
 34     5.040 53389.32585973 16.33 196.332378  62.080846  2.367
 34     4.223 53389.32586038 15.68 196.329908  62.083996  2.367
 35     6.620 53424.32585537 13.79 196.362787  62.068713  2.152
 35     6.496 53424.32585602 13.87 196.360317  62.071863  2.152
 35     6.155 53424.32585666 13.78 196.357847  62.075003  2.152
 35     5.618 53424.32585731 13.72 196.355377  62.078153  2.152
 35     5.175 53424.32585795 13.29 196.352917  62.081303  2.152
 35     5.080 53424.32585860 13.29 196.350447  62.084443  2.152
 36     6.415 53459.32586095 12.14 196.348762  62.069199  2.202
 36     5.144 53459.32586160 12.42 196.346292  62.072339  2.202
 36     4.614 53459.32586224 12.17 196.343822  62.075489  2.202
 36     5.427 53459.32586289 11.97 196.341352  62.078639  2.202
 36     4.640 53459.32586353 11.32 196.338882  62.081789  2.202
 36     2.747 53459.32586418 10.92 196.336412  62.084929  2.202
 37     2.453 53494.32594656 32.27 196.342658  62.069447 15.134
 37     2.342 53494.32594721 32.16 196.340188  62.072597 15.134
 37     2.291 53494.32594785 31.91 196.337718  62.075747 15.134
 37     4.396 53494.32594850 30.34 196.335258  62.078887 15.134
 37     4.176 53494.32594914 32.40 196.332788  62.082037 15.134
 37     3.837 53494.32594979 28.39 196.330318  62.085187 15.134
 38     8.892 53529.32592156 26.54 196.361770  62.068216  9.665
 38     6.691 53529.32592220 19.37 196.359300  62.071356  9.665
 38     6.601 53529.32592285 19.65 196.356830  62.074506  9.665
 38     6.822 53529.32592349 23.45 196.354370  62.077656  9.665
 38     6.868 53529.32592414 25.96 196.351900  62.080806  9.665
 38     6.830 53529.32592478 23.58 196.349430  62.083946  9.665
 39     5.915 53564.32595261 23.78 196.351494  62.070180 13.486
 39     5.843 53564.32595325 25.41 196.349024  62.073330 13.486
 39     6.135 53564.32595390 28.64 196.346554  62.076480 13.486
 39     5.145 53564.32595454 35.39 196.344084  62.079630 13.486
 39     5.219 53564.32595519 29.63 196.341614  62.082770 13.486
 39     5.166 53564.32595583 28.39 196.339144  62.085920 13.486
 40     4.158 53599.32589338 45.26 196.365173  62.068042 20.455
 40     4.203 53599.32589403 47.11 196.362703  62.071182 20.455
 40     4.052 53599.32589467 48.20 196.360243  62.074332 20.455
 40     4.150 53599.32589531 41.41 196.357773  62.077482 20.455
 40     4.095 53599.32589596 43.66 196.355303  62.080632 20.455
 40     4.224 53599.32589660 43.12 196.352833  62.083772 20.455
 40     4.122 53599.32589725 45.80 196.350363  62.086922 20.455
 41     7.547 53634.32589088 20.66 196.338326  62.070272 10.031
 41     5.587 53634.32589152 23.77 196.335856  62.073422 10.031
 41     5.654 53634.32589217 21.86 196.333386  62.076572 10.031
 41     5.864 53634.32589281 20.31 196.330916  62.079712 10.031
 41     5.719 53634.32589346 18.81 196.328446  62.082862 10.031
 42     7.625 53669.32591212 21.95 196.346563  62.069726  7.158
 42     6.773 53669.32591276 21.75 196.344093  62.072866  7.158
 42     6.200 53669.32591341 20.62 196.341623  62.076016  7.158
 42     4.792 53669.32591405 27.40 196.339163  62.079166  7.158
 42     4.943 53669.32591470 23.21 196.336693  62.082306  7.158
 42     3.973 53669.32591534 27.78 196.334223  62.085456  7.158
 43     5.859 53704.32585035 23.92 196.365277  62.069237  4.922
 43     2.813 53704.32585100 25.19 196.362817  62.072387  4.922
 43     2.591 53704.32585164 23.06 196.360347  62.075527  4.922
 43     2.365 53704.32585229 24.24 196.357877  62.078677  4.922
 43     2.552 53704.32585293 23.70 196.355407  62.081827  4.922
 43     2.682 53704.32585358 24.17 196.352937  62.084977  4.922
 44     5.366 53739.32575941 14.16 196.377350  62.069283  2.614
 44     4.981 53739.32576006 13.30 196.374880  62.072433  2.614
 44     3.441 53739.32576070 13.72 196.372420  62.075573  2.614
 44     2.974 53739.32576135 13.34 196.369950  62.078723  2.614
 44     2.691 53739.32576199 13.48 196.367490  62.081873  2.614
 44     2.749 53739.32576264 12.26 196.365020  62.085023  2.614
 45     6.927 53774.32577872 11.98 196.355824  62.069066  2.267
 45     5.896 53774.32577937 12.24 196.353354  62.072216  2.267
 45     6.207 53774.32578001 12.39 196.350884  62.075366  2.267
 45     3.172 53774.32578066 12.52 196.348414  62.078506  2.267
 45     4.457 53774.32578130 11.77 196.345944  62.081656  2.267
 45     2.469 53774.32578194 11.92 196.343474  62.084806  2.267
 46     6.336 53809.32576239  8.30 196.369793  62.068437  2.253
 46     6.078 53809.32576303  8.20 196.367322  62.071591  2.210
 46     5.413 53809.32576368  7.77 196.364852  62.074741  2.210
 46     4.973 53809.32576432  8.01 196.362392  62.077881  2.210
 46     4.390 53809.32576497  7.29 196.359922  62.081031  2.210
 46     3.646 53809.32576561  7.16 196.357452  62.084181  2.210
 46     1.579 53809.32576626  6.81 196.354982  62.087331  2.210
 48     5.629 53879.32583369 37.32 196.352228  62.069536 19.069
 48     5.653 53879.32583433 36.01 196.349758  62.072676 19.069
 48     5.473 53879.32583498 35.29 196.347298  62.075826 19.069
 48     5.502 53879.32583562 34.28 196.344828  62.078976 19.069
 48     5.637 53879.32583627 39.30 196.342358  62.082116 19.069
 48     5.654 53879.32583691 42.18 196.339888  62.085266 19.069
 49     6.893 53914.32588972 19.63 196.344165  62.071030 10.766
 49     5.906 53914.32589036 23.26 196.341695  62.074170 10.766
 49     5.305 53914.32589101 32.63 196.339235  62.077320 10.766
 49     5.343 53914.32589165 31.02 196.336765  62.080470 10.766
 49     5.812 53914.32589229 22.27 196.334295  62.083610 10.766
 50     8.721 53949.32590033 18.26 196.347786  62.069248 10.122
 50     6.568 53949.32590097 19.70 196.345316  62.072388 10.122
 50     5.806 53949.32590162 21.27 196.342846  62.075538 10.122
 50     5.388 53949.32590226 32.40 196.340376  62.078688 10.122
 50     5.289 53949.32590291 34.19 196.337906  62.081838 10.122
 50     5.171 53949.32590355 23.47 196.335446  62.084978 10.122
 51     8.541 53984.32583849 26.62 196.362883  62.068202 31.598
 51     5.379 53984.32583914 23.79 196.360415  62.071355  6.368
 51     5.390 53984.32583978 28.98 196.357955  62.074505  6.368
 51     5.580 53984.32584043 37.29 196.355485  62.077645  6.368
 51     5.498 53984.32584107 33.05 196.353015  62.080795  6.368
 51     5.449 53984.32584172 23.67 196.350545  62.083945  6.368
 51     5.327 53984.32584236 19.64 196.348075  62.087095  6.368
 52     3.969 54019.32587338 27.14 196.346528  62.069193 13.429
 52     3.898 54019.32587402 33.11 196.344058  62.072343 13.429
 52     4.003 54019.32587467 39.14 196.341588  62.075483 13.429
 52     5.027 54019.32587531 36.54 196.339118  62.078633 13.429
 52     3.992 54019.32587596 43.18 196.336648  62.081783 13.429
 52     3.923 54019.32587660 51.36 196.334178  62.084923 13.429
 53     2.348 54054.32586380 34.22 196.360215  62.070499  9.734
 53     2.297 54054.32586445 32.21 196.357745  62.073649  9.734
 53     1.947 54054.32586509 29.86 196.355275  62.076799  9.734
 53     1.874 54054.32586574 28.67 196.352805  62.079939  9.734
 53     2.193 54054.32586638 33.77 196.350335  62.083089  9.734
 53     1.962 54054.32586702 34.09 196.347865  62.086239  9.734
 54     2.261 54089.32585421 16.28 196.362575  62.068704  2.586
 54     1.792 54089.32585485 16.35 196.360111  62.071855  2.945
 54     1.980 54089.32585549 15.45 196.357641  62.075005  2.945
 54     2.010 54089.32585614 15.02 196.355171  62.078155  2.945
 54     1.826 54089.32585678 14.78 196.352701  62.081295  2.945
 54     2.337 54089.32585743 12.67 196.350241  62.084445  2.945
 55     2.253 54124.32577893 26.36 196.343083  62.069372  4.144
 55     2.293 54124.32577957 23.35 196.340623  62.072512  4.144
 55     4.971 54124.32578022 12.20 196.338153  62.075662  4.144
 55     3.745 54124.32578086 11.43 196.335683  62.078812  4.144
 55     3.462 54124.32578151 10.49 196.333203  62.081962  4.144
 55     3.272 54124.32578215  9.53 196.330733  62.085102  4.144
 56     7.464 54159.32582004 10.46 196.354241  62.068473  2.226
 56     6.159 54159.32582068 10.85 196.351771  62.071623  2.226
 56     6.115 54159.32582133 10.36 196.349301  62.074773  2.226
 56     5.420 54159.32582197 10.51 196.346831  62.077913  2.226
 56     4.569 54159.32582262 10.57 196.344361  62.081063  2.226
 56     3.304 54159.32582326  9.79 196.341891  62.084213  2.226
 57     3.486 54194.32578149 20.58 196.343524  62.069858  9.418
 57     4.739 54194.32578213 19.41 196.341054  62.073008  9.418
 57     2.658 54194.32578278 22.95 196.338584  62.076158  9.418
 57     5.452 54194.32578342 20.73 196.336114  62.079298  9.418
 57     5.240 54194.32578406 20.21 196.333644  62.082448  9.418
 57     4.527 54194.32578471 21.71 196.331174  62.085598  9.418
 58     3.986 54229.32583282 37.79 196.351613  62.069831 24.179
 58     4.183 54229.32583346 42.78 196.349143  62.072971 24.179
 58     4.014 54229.32583411 49.54 196.346673  62.076121 24.179
 58     5.387 54229.32583475 35.11 196.344203  62.079271 24.179
 58     3.940 54229.32583540 45.57 196.341743  62.082421 24.179
 58     4.037 54229.32583604 42.50 196.339273  62.085561 24.179
 59     9.091 54264.32585080 20.87 196.352945  62.069038 12.162
 59     5.855 54264.32585144 20.33 196.350475  62.072188 12.162
 59     5.004 54264.32585209 22.00 196.348005  62.075328 12.162
 59     5.387 54264.32585273 26.56 196.345535  62.078478 12.162
 59     5.227 54264.32585338 28.62 196.343065  62.081628 12.162
 59     4.680 54264.32585402 21.55 196.340605  62.084778 12.162
 60     8.716 54299.32585431 19.17 196.355207  62.069426 10.758
 60     4.594 54299.32585495 22.56 196.352737  62.072566 10.758
 60     4.823 54299.32585560 21.09 196.350267  62.075716 10.758
 60     4.782 54299.32585624 23.37 196.347807  62.078866 10.758
 60     4.848 54299.32585689 24.24 196.345337  62.082016 10.758
 60     4.608 54299.32585753 24.79 196.342867  62.085156 10.758
 61     5.295 54334.32584429 48.43 196.361285  62.068408 17.165
 61     5.212 54334.32584494 45.00 196.358825  62.071558 17.165
 61     4.970 54334.32584558 24.11 196.356355  62.074698 17.165
 61     5.269 54334.32584623 26.43 196.353885  62.077848 17.165
 61     5.043 54334.32584687 26.87 196.351415  62.080998 17.165
 61     5.070 54334.32584751 19.57 196.348945  62.084148 17.165
 63     3.437 54404.32578833 47.89 196.357243  62.069127 18.454
 63     3.373 54404.32578897 50.05 196.354773  62.072267 18.454
 63     3.000 54404.32578962 46.79 196.352303  62.075417 18.454
 63     2.957 54404.32579026 29.94 196.349833  62.078567 18.454
 63     3.297 54404.32579091 34.57 196.347373  62.081717 18.454
 63     3.210 54404.32579155 51.54 196.344903  62.084857 18.454
 64     7.135 54439.32574645 22.43 196.338067  62.070695  3.807
 64     6.604 54439.32574709 22.47 196.335597  62.073845  3.807
 64     5.673 54439.32574774 22.14 196.333127  62.076995  3.807
 64     4.920 54439.32574838 21.87 196.330657  62.080135  3.807
 64     4.161 54439.32574903 21.32 196.328187  62.083285  3.807
 65     4.286 54474.32577491 14.46 196.353106  62.068945  2.460
 65     5.563 54474.32577555 14.52 196.350636  62.072085  2.460
 65     2.412 54474.32577619 14.58 196.348166  62.075235  2.460
 65     2.058 54474.32577684 15.01 196.345706  62.078385  2.460
 65     2.836 54474.32577748 13.58 196.343236  62.081525  2.460
 65     2.354 54474.32577813 13.58 196.340766  62.084675  2.460
 66     5.650 54509.32575887 10.79 196.342760  62.070423  1.967
 66     5.390 54509.32575952 10.60 196.340290  62.073563  1.967
 66     4.344 54509.32576016 10.24 196.337820  62.076713  1.967
 66     4.135 54509.32576081  9.74 196.335350  62.079863  1.967
 66     2.837 54509.32576145  9.33 196.332880  62.083013  1.967
 67     5.740 54544.32578920 10.45 196.356924  62.068896  2.454
 67     5.184 54544.32578985 10.20 196.354456  62.072045  2.049
 67     4.784 54544.32579049 10.82 196.351996  62.075195  2.049
 67     4.346 54544.32579114 10.35 196.349526  62.078345  2.049
 67     4.252 54544.32579178  9.64 196.347056  62.081485  2.049
 67     2.303 54544.32579243  8.98 196.344586  62.084635  2.049
 68     7.663 54579.32575812 17.34 196.350848  62.070364 21.632
 68     4.095 54579.32575876 23.29 196.348382  62.073513 10.513
 68     4.155 54579.32575941 24.03 196.345912  62.076663 10.513
 68     5.689 54579.32576005 24.84 196.343442  62.079813 10.513
 68     2.088 54579.32576070 22.25 196.340972  62.082953 10.513
 68     1.821 54579.32576134 27.60 196.338502  62.086103 10.513
 69     9.097 54614.32577909 32.46 196.357244  62.068137 42.491
 69     6.219 54614.32577974 21.47 196.354774  62.071288  8.796
 69     6.288 54614.32578038 24.70 196.352314  62.074438  8.796
 69     6.402 54614.32578103 28.56 196.349844  62.077578  8.796
 69     6.500 54614.32578167 25.82 196.347374  62.080728  8.796
 69     6.422 54614.32578232 17.49 196.344904  62.083878  8.796
 70     5.129 54649.32578886 41.72 196.351370  62.067989 12.477
 70     4.960 54649.32578951 40.52 196.348900  62.071139 12.477
 70     5.102 54649.32579015 42.86 196.346430  62.074279 12.477
 70     4.907 54649.32579080 44.65 196.343960  62.077429 12.477
 70     5.336 54649.32579144 29.49 196.341490  62.080579 12.477
 70     4.836 54649.32579208 28.08 196.339030  62.083729 12.477
 71     5.328 54684.32578598 19.51 196.358732  62.070154 36.060
 71     5.408 54684.32578663 24.20 196.356259  62.073306 12.814
 71     5.359 54684.32578727 29.90 196.353789  62.076456 12.814
 71     5.240 54684.32578792 33.17 196.351329  62.079596 12.814
 71     5.194 54684.32578856 29.43 196.348859  62.082746 12.814
 71     5.085 54684.32578921 22.77 196.346389  62.085896 12.814
 72     7.231 54719.32573397 19.25 196.343102  62.070491 11.149
 72     4.961 54719.32573461 22.70 196.340632  62.073641 11.149
 72     5.116 54719.32573525 31.36 196.338162  62.076781 11.149
 72     4.937 54719.32573590 33.49 196.335682  62.079931 11.149
 72     4.939 54719.32573654 20.62 196.333212  62.083081 11.149
 73     3.490 54754.32575959 48.57 196.351641  62.070045 15.845
 73     3.435 54754.32576024 49.61 196.349181  62.073195 15.845
 73     3.326 54754.32576088 38.21 196.346711  62.076345 15.845
 73     3.282 54754.32576153 36.12 196.344241  62.079485 15.845
 73     3.376 54754.32576217 46.00 196.341771  62.082635 15.845
 73     3.417 54754.32576282 43.90 196.339301  62.085785 15.845
 74     3.300 54789.32572711 27.37 196.342252  62.069215  5.168
 74     3.435 54789.32572775 24.71 196.339792  62.072355  5.168
 74     3.090 54789.32572840 23.19 196.337312  62.075505  5.168
 74     3.108 54789.32572904 22.84 196.334842  62.078655  5.168
 74     3.287 54789.32572969 23.04 196.332372  62.081805  5.168
 74     3.061 54789.32573033 20.89 196.329902  62.084945  5.168
 75     6.548 54824.32575541 10.62 196.349006  62.070835  1.979
 75     6.118 54824.32575605 10.63 196.346536  62.073985  1.979
 75     5.640 54824.32575669 10.06 196.344066  62.077125  1.979
 75     4.916 54824.32575734  9.49 196.341596  62.080275  1.979
 75     4.081 54824.32575798  9.19 196.339126  62.083425  1.979
 76     7.746 54859.32571989  9.85 196.344929  62.068046  1.906
 76     7.150 54859.32572053  9.76 196.342459  62.071196  1.906
 76     6.896 54859.32572118  9.15 196.339989  62.074346  1.906
 76     6.264 54859.32572182  9.32 196.337519  62.077486  1.906
 76     5.663 54859.32572247  8.48 196.335049  62.080636  1.906
 76     5.170 54859.32572311  8.38 196.332579  62.083786  1.906
 77     7.391 54894.32575663  8.86 196.355707  62.070001  1.954
 77     6.929 54894.32575727  8.86 196.353237  62.073151  1.954
 77     6.504 54894.32575792  9.16 196.350767  62.076301  1.954
 77     6.133 54894.32575856  9.15 196.348297  62.079441  1.954
 77     5.943 54894.32575921  8.80 196.345837  62.082591  1.954
 77     5.367 54894.32575985  7.99 196.343367  62.085741  1.954
 78     7.813 54929.32571998  8.82 196.342771  62.069783  2.128
 78     7.426 54929.32572062  8.91 196.340301  62.072933  2.128
 78     6.786 54929.32572127  8.53 196.337831  62.076073  2.128
 78     6.444 54929.32572191  8.65 196.335361  62.079223  2.128
 78     6.117 54929.32572256  8.51 196.332891  62.082373  2.128
 78     5.841 54929.32572320  7.65 196.330421  62.085523  2.128
 79     7.455 54964.32575680 24.86 196.352800  62.069070 14.496
 79     5.268 54964.32575744 28.90 196.350330  62.072220 14.496
 79     5.205 54964.32575809 35.95 196.347870  62.075370 14.496
 79     5.275 54964.32575873 35.35 196.345400  62.078510 14.496
 79     5.391 54964.32575938 33.78 196.342930  62.081660 14.496
 79     5.237 54964.32576002 32.98 196.340460  62.084810 14.496
 80     8.352 54999.32577714 18.01 196.352003  62.069446  4.620
 80     7.148 54999.32577779 17.95 196.349533  62.072596  4.620
 80     6.687 54999.32577843 15.13 196.347073  62.075746  4.620
 80     6.574 54999.32577908 17.72 196.344603  62.078886  4.620
 80     6.565 54999.32577972 14.25 196.342133  62.082036  4.620
 80    18.069 54999.32578037 13.85 196.339663  62.085186  4.620
 81     8.690 55034.32576386 23.42 196.352536  62.068088 34.690
 81     7.344 55034.32576450 17.22 196.350066  62.071238 34.690
 81     6.391 55034.32576515 17.14 196.347596  62.074378 34.690
 81     5.829 55034.32576579 18.10 196.345126  62.077528 34.690
 81     4.730 55034.32576643 26.07 196.342660  62.080674  7.207
 81     4.640 55034.32576708 22.68 196.340190  62.083824  7.207
 82     8.736 55069.32575299 22.20 196.362574  62.068090 34.399
 82     7.926 55069.32575363 19.02 196.360114  62.071230 34.399
 82     4.809 55069.32575428 19.27 196.357641  62.074383  8.324
 82     3.839 55069.32575492 20.23 196.355171  62.077533  8.324
 82     3.735 55069.32575557 31.42 196.352711  62.080683  8.324
 82     3.559 55069.32575621 31.22 196.350241  62.083823  8.324
 82     3.460 55069.32575686 21.60 196.347771  62.086973  8.324
 83     2.660 55104.32569418 23.20 196.341419  62.070540 16.235
 83     3.650 55104.32569482 24.08 196.338949  62.073690 16.235
 83     3.859 55104.32569547 26.42 196.336479  62.076840 16.235
 83     3.635 55104.32569611 27.16 196.334009  62.079980 16.235
 83     3.490 55104.32569676 25.26 196.331539  62.083130 16.235
 84     2.470 55139.32570095 38.08 196.353518  62.070605 11.088
 84     2.401 55139.32570160 37.84 196.351048  62.073755 11.088
 84     2.280 55139.32570224 40.64 196.348588  62.076905 11.088
 84     2.140 55139.32570288 34.35 196.346118  62.080045 11.088
 84     2.394 55139.32570353 35.69 196.343648  62.083195 11.088
 84     2.292 55139.32570417 34.65 196.341178  62.086345 11.088
 85     2.589 55174.32566156 33.24 196.343058  62.069355  9.616
 85     2.607 55174.32566220 33.24 196.340588  62.072505  9.616
 85     2.574 55174.32566285 33.13 196.338118  62.075655  9.616
 85     2.371 55174.32566349 31.89 196.335648  62.078795  9.616
 85     2.510 55174.32566414 30.26 196.333178  62.081945  9.616
 85     2.517 55174.32566478 29.94 196.330708  62.085095  9.616
 86     5.904 55209.32569618 19.68 196.350779  62.070363  2.680
 86     5.418 55209.32569682 19.83 196.348309  62.073513  2.680
 86     4.379 55209.32569747 19.70 196.345839  62.076663  2.680
 86     3.196 55209.32569811 19.34 196.343369  62.079803  2.680
 86     2.181 55209.32569876 18.74 196.340899  62.082953  2.680
 86     2.360 55209.32569940 18.12 196.338429  62.086103  2.680
 87     7.586 55244.32566730 15.74 196.345023  62.069045  2.531
 87     6.916 55244.32566794 16.04 196.342553  62.072195  2.531
 87     6.220 55244.32566859 15.61 196.340083  62.075345  2.531
 87     5.555 55244.32566923 15.56 196.337613  62.078485  2.531
 87     4.435 55244.32566988 15.02 196.335143  62.081635  2.531
 87     2.978 55244.32567052 14.98 196.332673  62.084785  2.531
 88     5.729 55279.32568969 11.60 196.357321  62.069818  2.216
 88     6.352 55279.32569033 11.61 196.354851  62.072968  2.216
 88     4.165 55279.32569098 11.58 196.352381  62.076118  2.216
 88     3.634 55279.32569162 11.23 196.349911  62.079258  2.216
 88     3.896 55279.32569227 11.06 196.347451  62.082408  2.216
 88     3.626 55279.32569291 10.45 196.344981  62.085558  2.216
 89     7.247 55314.32565452 14.59 196.350337  62.070683  8.653
 89     3.424 55314.32565517 15.73 196.347867  62.073833  8.653
 89     3.579 55314.32565581 18.91 196.345397  62.076973  8.653
 89     3.830 55314.32565646 20.86 196.342937  62.080123  8.653
 89     3.856 55314.32565710 17.03 196.340467  62.083273  8.653
 90     9.017 55349.32566061 23.83 196.358286  62.069341  6.357
 90     8.279 55349.32566126 14.86 196.355816  62.072491  6.357
 90     5.467 55349.32566190 16.01 196.353346  62.075631  6.357
 90     4.756 55349.32566255 16.28 196.350876  62.078781  6.357
 90     4.534 55349.32566319 18.36 196.348416  62.081931  6.357
 90     4.409 55349.32566384 17.20 196.345946  62.085081  6.357
 91     4.157 55384.32565343 44.46 196.344322  62.069607 15.594
 91     3.683 55384.32565407 26.01 196.341862  62.072747 15.594
 91     4.144 55384.32565472 29.12 196.339392  62.075897 15.594
 91     4.429 55384.32565536 28.34 196.336922  62.079047 15.594
 91     4.048 55384.32565601 28.98 196.334452  62.082197 15.594
 91     3.938 55384.32565665 20.03 196.331972  62.085337 15.594
 92     8.759 55419.32567939 20.04 196.353344  62.068658 35.216
 92     7.214 55419.32568003 16.90 196.350876  62.071808  5.440
 92     6.484 55419.32568068 15.72 196.348406  62.074958  5.440
 92     5.480 55419.32568132 18.04 196.345936  62.078108  5.440
 92     5.022 55419.32568197 21.48 196.343466  62.081248  5.440
 92     4.942 55419.32568261 19.82 196.340996  62.084398  5.440
 93     4.994 55454.32565777 51.09 196.362358  62.069946 38.156
 93     4.815 55454.32565842 45.55 196.359898  62.073086 38.156
 93     4.875 55454.32565906 41.66 196.357423  62.076239 11.879
 93     5.012 55454.32565970 40.59 196.354953  62.079389 11.879
 93     4.837 55454.32566035 41.38 196.352493  62.082529 11.879
 93     4.840 55454.32566099 33.63 196.350023  62.085679 11.879
 94     2.497 55489.32557714 52.73 196.370224  62.069886 32.540
 94     2.496 55489.32557778 53.06 196.367764  62.073036 32.540
 94     2.602 55489.32557843 50.00 196.365294  62.076186 32.540
 94     2.472 55489.32557907 50.50 196.362834  62.079326 32.540
 94     2.411 55489.32557971 42.67 196.360360  62.082478 12.827
 94     2.513 55489.32558036 49.14 196.357890  62.085628 12.827
