-244050.979   644.314     0.00    7.32
-243671.098   641.939    -6.25    7.34
-243291.146   636.773   -13.59    9.86
-242911.123   626.476   -27.09   16.18
-242531.030   612.494   -36.78   18.71
-242163.275   595.416   -46.43   18.57
-241796.676   580.238   -41.40   15.89
-241430.011   566.679   -36.97   13.96
-241063.282   556.474   -27.82   11.65
-240696.487   546.741   -26.53    9.32
-240329.627   539.949   -18.51    7.93
-239962.701   533.254   -18.24    6.51
-239595.710   528.218   -13.72    4.88
-239228.654   523.904   -11.75    4.04
-238861.532   520.473    -9.34    3.89
-238494.345   516.241   -11.52    4.55
-238127.092   511.689   -12.39    6.29
-237759.773   506.878   -13.10    6.24
-237392.389   502.785   -11.14    5.38
-237024.939   499.237    -9.66    3.65
-236657.423   496.818    -6.58    3.62
-236289.842   494.867    -5.31    4.37
-235922.195   493.071    -4.88    4.68
-235554.482   491.274    -4.88    4.64
-235186.703   489.830    -3.93    4.08
-234818.859   488.741    -2.96    3.35
-234450.948   487.282    -3.97    2.84
-234082.972   485.937    -3.65    2.77
-233714.929   484.059    -5.10    3.08
-233346.821   482.125    -5.25    3.32
-232978.647   479.583    -6.90    3.46
-232610.406   477.559    -5.50    3.40
-232242.099   475.706    -5.03    3.26
-231873.726   473.956    -4.75    2.98
-231505.287   472.083    -5.08    2.91
-231136.782   470.153    -5.24    3.15
-230768.210   467.768    -6.47    3.67
-230399.573   465.071    -7.32    4.19
-230030.868   462.120    -8.00    4.30
-229662.098   459.195    -7.93    3.94
-229293.261   456.317    -7.80    3.51
-228924.357   453.595    -7.38    3.44
-228555.388   450.861    -7.41    3.51
-228186.351   448.101    -7.48    3.84
-227817.248   445.431    -7.23    3.94
-227448.079   442.655    -7.52    3.57
-227078.842   440.345    -6.25    2.97
-226709.540   438.478    -5.05    2.46
-226340.170   436.876    -4.34    2.48
-225970.734   435.095    -4.82    3.03
-225601.231   433.040    -5.56    4.05
-225231.661   431.077    -5.31    4.46
-224862.024   429.679    -3.78    4.38
-224492.320   428.190    -4.03    3.93
-224122.550   427.327    -2.33    3.45
-223752.712   426.354    -2.63    3.18
-223382.808   425.042    -3.55    3.51
-223012.837   423.571    -3.97    3.71
-222642.798   422.173    -3.78    4.01
-222272.692   420.424    -4.72    4.08
-221902.520   418.442    -5.36    4.05
-221532.280   416.163    -6.15    3.57
-221161.973   414.282    -5.08    2.97
-220791.598   412.339    -5.24    2.50
-220421.156   410.462    -5.06    2.17
-220050.647   408.449    -5.43    2.51
-219680.071   406.195    -6.08    3.24
-219309.427   403.077    -8.41    4.19
-218938.716   399.976    -8.36    4.26
-218567.938   398.496    -3.99    4.68
-218197.091   400.348     4.99    9.25
-217826.178   405.827    14.77   15.60
-217455.197   412.702    18.53   18.73
-217084.148   421.292    23.15   20.12
-216713.031   426.524    14.10   20.69
-216341.847   422.168   -11.73   22.99
-215970.595   408.653   -36.40   21.90
-215599.275   395.737   -34.78   17.10
-215227.888   385.053   -28.76   11.44
-214856.433   377.750   -19.66    8.72
-214484.909   371.595   -16.56    7.04
-214113.318   366.596   -13.45    7.35
-213741.659   360.773   -15.66    7.60
-213369.932   355.185   -15.03    6.56
-212998.137   349.771   -14.56    6.64
-212626.274   344.383   -14.49    6.71
-212254.343   340.702    -9.90    6.25
-211882.344   338.045    -7.14    5.90
-211510.276   335.783    -6.08    4.92
-211138.140   334.442    -3.60    4.57
-210765.936   333.142    -3.49    4.79
-210393.664   330.920    -5.97    4.05
-210021.324   328.406    -6.75    5.01
-209648.915   325.314    -8.30    5.82
-209276.437   321.221   -10.98    5.93
-208903.892   316.814   -11.83    3.68
-208531.277   313.901    -7.82    3.17
-208158.595   310.845    -8.20    2.89
-207785.843   307.959    -7.74    3.34
-207413.024   304.993    -7.95    3.02
-207040.135   302.137    -7.66    3.25
-206667.178   299.013    -8.37    3.45
-206294.152   295.804    -8.60    4.03
-205921.058   292.408    -9.10    3.81
-205547.894   289.333    -8.24    3.51
-205174.662   286.469    -7.67    2.84
-204801.361   283.771    -7.23    2.95
-204427.991   281.228    -6.81    3.26
-204054.552   278.083    -8.42    3.69
-203681.045   275.320    -7.39    3.09
-203307.468   273.230    -5.59    2.02
-202933.822   271.891    -3.58    0.61
-202560.107   271.595    -0.79    0.11
-202186.323   271.583    -0.03    0.00
-201812.470   271.583     0.00    0.00
-201438.548   271.583     0.00    0.00
-201064.556   271.583     0.00    0.00
-200690.495   271.583     0.00    0.00
-200316.365   271.571    -0.03    0.11
-199942.165   271.455    -0.31    0.54
-199567.896   270.677    -2.08    1.78
-199193.558   269.370    -3.49    2.42
-198819.150   268.035    -3.57    2.56
-198444.673   266.456    -4.22    2.57
-198070.126   264.924    -4.09    3.30
-197695.510   264.127    -2.13    4.57
-197320.824   263.904    -0.59    5.37
-196946.068   264.120     0.58    5.81
-196571.243   264.583     1.23    6.02
-196196.348   264.729     0.39    6.14
-195821.383   263.818    -2.43    6.31
-195446.348   262.445    -3.66    6.05
-195071.243   261.159    -3.43    5.43
-194696.069   258.270    -7.70    5.51
-194320.825   254.315   -10.54    7.20
-193945.510   251.262    -8.13    8.46
-193570.126   247.583    -9.80    6.29
-193194.672   244.668    -7.76    4.16
-192819.147   243.699    -2.58    3.14
-192443.552   243.812     0.30    3.35
-192067.888   244.476     1.77    4.29
-191692.153   246.410     5.15    5.36
-191316.348   246.536     0.33    5.52
-190940.472   245.924    -1.63    5.31
-190564.526   245.011    -2.43    6.22
-190188.510   241.234   -10.05    5.84
-189812.424   239.740    -3.97    4.79
-189436.267   238.870    -2.31    3.86
-189060.039   237.703    -3.10    4.62
-188683.741   237.083    -1.65    5.50
-188307.373   235.053    -5.39    5.87
-187930.933   232.464    -6.88    5.02
-187554.424   230.620    -4.90    3.89
-187177.843   228.273    -6.23    3.30
-186801.192   225.406    -7.61    3.46
-186424.470   221.595   -10.12    4.47
-186047.677   218.126    -9.20    4.25
-185670.814   214.510    -9.59    3.50
-185293.879   211.904    -6.91    2.55
-184916.874   210.199    -4.52    2.05
-184539.798   209.001    -3.18    1.16
-184162.650   208.736    -0.70    0.84
-183785.432   208.920     0.49    0.75
-183408.143   209.234     0.83    0.66
-183030.782   209.558     0.86    0.64
-182653.351   209.053    -1.34    2.28
-182275.848   208.558    -1.31    2.85
-181898.274   208.336    -0.59    2.77
-181520.628   208.241    -0.25    2.40
-181142.912   208.445     0.54    1.96
-180765.124   208.571     0.33    1.89
-180387.264   208.785     0.57    1.79
-180009.333   209.034     0.66    1.52
-179631.331   209.107     0.19    1.20
-179253.257   209.089    -0.05    1.17
-178875.112   209.234     0.38    1.18
-178496.895   209.017    -0.57    1.75
-178118.606   208.501    -1.36    2.07
-177740.246   208.136    -0.96    2.18
-177361.814   207.973    -0.43    1.92
-176983.310   207.806    -0.44    1.68
-176604.734   207.869     0.16    1.18
-176226.087   208.042     0.46    0.88
-175847.368   208.320     0.74    0.79
-175468.576   208.536     0.57    0.71
-175089.713   208.684     0.39    0.69
-174710.778   208.677    -0.02    0.93
-174331.771   208.545    -0.35    1.14
-173952.691   208.952     1.07    1.33
-173573.540   209.795     2.22    1.71
-173194.316   209.839     0.11    2.00
-172815.020   209.606    -0.61    1.98
-172435.652   209.571    -0.09    1.91
-172056.212   209.474    -0.25    2.15
-171676.699   209.865     1.03    2.16
-171297.114   210.783     2.42    1.97
-170917.457   211.474     1.82    2.04
-170537.727   212.664     3.13    1.22
-170157.924   213.339     1.78    0.63
-169778.049   213.722     1.01    0.58
-169398.102   214.205     1.27    1.13
-169018.082   214.884     1.79    1.50
-168637.989   215.823     2.47    1.74
-168257.823   216.948     2.96    2.14
-167877.585   218.383     3.77    2.71
-167505.909   220.008     4.37    2.91
-167139.516   221.672     4.54    2.71
-166773.057   223.374     4.64    2.21
-166406.530   224.920     4.22    1.72
-166039.937   226.238     3.59    1.51
-165673.276   226.993     2.06    1.28
-165306.549   226.420    -1.56    2.73
-164939.754   223.869    -6.96    5.44
-164572.893   219.390   -12.21    7.24
-164205.964   215.978    -9.30    7.34
-163838.968   213.065    -7.94    6.91
-163471.905   212.468    -1.63    7.67
-163104.775   212.378    -0.24    8.37
-162737.578   212.536     0.43    8.33
-162370.313   211.756    -2.12    8.34
-162002.981   208.618    -8.54    9.40
-161635.582   204.033   -12.48    9.85
-161268.115   197.653   -17.36   10.93
-160900.581   190.508   -19.44    8.80
-160532.979   186.119   -11.94    5.94
-160165.310   184.089    -5.52    3.80
-159797.573   184.755     1.81    3.78
-159429.769   186.443     4.59    3.65
-159061.897   188.897     6.67    3.59
-158693.957   192.125     8.77    5.12
-158325.950   200.281    22.16   11.06
-157957.875   213.199    35.09   19.90
-157589.732   237.041    64.75   32.54
-157221.521   266.955    81.23   45.92
-156853.243   311.269   120.31   57.72
-156484.896   342.595    85.03   47.50
-156116.482   362.949    55.24   34.39
-155748.000   362.261    -1.86   42.74
-155379.450   352.620   -26.16   49.14
-155010.831   346.315   -17.10   47.54
-154642.145   341.845   -12.12   44.85
-154273.391   339.265    -7.00   39.19
-153904.568   341.508     6.08   35.00
-153535.677   337.158   -11.79   33.51
-153166.718   321.089   -43.55   40.32
-152797.691   291.307   -80.69   46.64
-152428.595   259.378   -86.50   43.26
-152059.432   227.107   -87.41   31.11
-151690.199   205.376   -58.85   22.82
-151320.899   190.188   -41.12   17.38
-150951.529   179.757   -28.23   10.80
-150582.092   172.666   -19.19    5.65
-150212.586   170.297    -6.41    3.48
-149843.011   172.401     5.69    7.62
-149473.368   178.059    15.30   12.68
-149103.656   189.450    30.81   16.24
-148733.875   201.066    31.41   15.46
-148364.026   212.727    31.53   14.95
-147994.108   223.002    27.77   15.52
-147624.121   238.095    40.79   16.11
-147254.065   249.123    29.80   16.01
-146883.940   249.932     2.19   16.74
-146513.747   237.874   -32.57   25.79
-146143.484   216.005   -59.06   29.27
-145773.153   192.284   -64.04   23.99
-145402.753   173.262   -51.35   16.23
-145032.283   160.399   -34.72   13.70
-144661.744   150.395   -26.99    9.45
-144291.137   142.651   -20.89    8.27
-143920.460   135.892   -18.23    7.41
-143549.714   130.548   -14.41    6.49
-143178.898   126.345   -11.33    4.89
-142808.013   123.874    -6.66    2.67
-142437.059   123.385    -1.32    1.47
-142066.036   123.905     1.40    2.17
-141694.943   128.273    11.77    9.16
-141323.781   142.433    38.15   22.92
-140952.549   161.776    52.10   33.88
-140581.248   189.246    73.98   36.06
-140209.877   206.956    47.68   23.29
-139838.437   209.348     6.44   17.73
-139466.926   203.839   -14.83   17.64
-139095.347   194.095   -26.22   13.08
-138723.697   190.487    -9.71   12.38
-138351.978   194.077     9.66   19.15
-137980.189   199.106    13.53   20.85
-137608.330   210.416    30.41   26.02
-137236.401   226.054    42.04   35.06
-136864.403   240.211    38.05   37.77
-136492.334   249.065    23.79   35.37
-136120.195   252.192     8.40   35.13
-135747.987   245.948   -16.78   27.98
-135375.708   243.764    -5.87   24.14
-135003.359   249.932    16.56   25.52
-134630.940   268.006    48.53   35.88
-134258.451   299.701    85.08   48.32
-133885.891   329.783    80.74   43.99
-133513.262   335.025    14.07   36.42
-133140.561   311.872   -62.12   56.81
-132767.791   276.676   -94.41   58.87
-132394.950   245.106   -84.66   35.07
-132022.039   239.962   -13.79   22.72
-131649.057   254.948    40.17   35.62
-131276.005   280.060    67.31   41.65
-130902.882   302.607    60.42   37.61
-130529.689   318.222    41.84   36.49
-130156.425   332.176    37.38   40.68
-129783.091   342.342    27.23   39.63
-129409.685   354.535    32.65   37.96
-129036.209   374.490    53.42   38.37
-128662.662   395.827    57.11   44.44
-128289.044   416.036    54.09   42.49
-127915.356   428.002    32.02   36.14
-127541.596   437.663    25.85   37.09
-127167.766   448.005    27.66   44.77
-126793.864   455.071    18.90   43.09
-126419.892   458.330     8.71   40.37
-126045.848   459.790     3.90   36.24
-125671.734   450.455   -24.95   36.92
-125297.548   442.261   -21.90   35.22
-124923.291   428.029   -38.02   36.05
-124548.963   397.641   -81.17   46.84
-124174.563   370.848   -71.56   39.40
-123800.092   361.990   -23.65   30.40
-123425.550   374.676    33.87   40.70
-123050.937   403.456    76.82   51.28
-122676.252   435.824    86.38   51.51
-122301.495   457.781    58.58   48.43
-121926.667   473.595    42.19   41.52
-121551.767   489.036    41.18   39.17
-121176.796   507.234    48.53   45.62
-120801.753   531.307    64.18   48.19
-120426.639   548.783    46.58   41.05
-120051.453   541.296   -19.95   49.76
-119676.195   504.234   -98.76   67.05
-119300.865   464.141  -106.81   59.25
-118925.463   436.548   -73.50   36.41
-118549.990   431.901   -12.38   24.67
-118174.444   437.990    16.21   20.55
-117798.827   428.548   -25.13   24.37
-117423.138   409.752   -50.03   33.09
-117047.376   399.250   -27.95   29.13
-116671.543   402.192     7.83   30.52
-116295.637   424.333    58.89   42.47
-115919.659   463.617   104.48   45.68
-115543.609   494.365    81.76   37.86
-115167.487   521.366    71.78   30.20
-114791.292   536.445    40.08   25.82
-114415.025   526.238   -27.12   50.38
-114038.686   492.185   -90.48   84.06
-113662.274   427.265  -172.46   98.29
-113285.790   358.315  -183.12   84.63
-112909.233   286.118  -191.71   68.61
-112532.603   248.815   -99.03   52.48
-112155.902   226.571   -59.04   28.41
-111779.127   222.180   -11.65   19.42
-111402.280   231.112    23.70   26.93
-111025.360   236.511    14.32   34.28
-110648.367   228.640   -20.88   34.92
-110271.302   208.166   -54.29   41.25
-109894.164   179.376   -76.33   40.26
-109516.952   154.266   -66.56   31.03
-109139.668   136.685   -46.59   15.77
-108762.311   130.842   -15.48    8.52
-108384.881   136.169    14.11   16.22
-108007.378   152.683    43.74   29.13
-107629.802   180.928    74.80   46.85
-107252.152   216.400    93.92   61.99
-106874.430   236.401    52.95   61.27
-106496.634   246.213    25.97   53.99
-106118.765   253.916    20.39   43.27
-105740.823   270.404    43.62   49.66
-105362.807   315.882   120.30   71.84
-104984.718   383.047   177.63   77.89
-104606.555   440.299   151.38   71.00
-104228.319   475.366    92.71   56.53
-103850.010   481.020    14.94   69.89
-103471.627   457.618   -61.84   84.87
-103093.170   440.936   -44.08   77.56
-102714.640   453.755    33.86   68.37
-102336.036   483.020    77.29   61.61
-101957.358   514.273    82.53   39.49
-101578.607   520.536    16.53   29.63
-101199.781   504.095   -43.40   42.20
-100820.882   475.273   -76.06   51.63
-100441.909   445.850   -77.63   48.30
-100062.862   418.821   -71.30   44.93
 -99683.741   396.503   -58.86   40.51
 -99304.546   387.559   -23.59   33.05
 -98925.277   391.481    10.34   28.60
 -98545.934   404.632    34.67   25.68
 -98166.516   409.253    12.18   23.06
 -97787.025   397.168   -31.84   37.53
 -97407.459   366.435   -80.96   47.54
 -97027.819   339.064   -72.09   41.64
 -96648.105   324.663   -37.92   39.66
 -96268.316   310.535   -37.20   45.08
 -95888.453   302.721   -20.57   43.24
 -95508.515   309.848    18.76   42.58
 -95128.503   339.924    79.14   54.15
 -94748.416   383.089   113.56   59.36
 -94368.255   408.689    67.34   43.75
 -93988.019   392.060   -43.73   66.80
 -93607.708   342.974  -129.06   97.42
 -93227.323   270.211  -191.27   92.72
 -92851.379   221.106  -130.61   66.60
 -92485.200   199.678   -58.51   49.27
 -92118.952   202.560     7.87   56.74
 -91752.636   220.211    48.18   61.60
 -91386.251   222.640     6.63   61.15
 -91019.797   213.701   -24.39   62.98
 -90653.275   190.365   -63.66   56.93
 -90286.684   168.254   -60.31   49.18
 -89920.025   141.830   -72.06   35.90
 -89553.296   123.498   -49.99   28.55
 -89186.499   107.813   -42.76   23.51
 -88819.633    97.035   -29.38   20.60
 -88452.699    87.799   -25.17   16.15
 -88085.695    81.158   -18.09   12.85
 -87718.622    76.381   -13.01   10.42
 -87351.481    71.631   -12.94    6.85
 -86984.270    67.958   -10.00    5.10
 -86616.990    65.197    -7.52    5.20
 -86249.641    61.821    -9.19    5.36
 -85882.224    58.549    -8.91    5.61
 -85514.736    55.077    -9.45    5.16
 -85147.180    52.083    -8.15    4.25
 -84779.554    50.144    -5.27    4.10
 -84411.860    49.731    -1.12    4.45
 -84044.095    49.839     0.29    4.99
 -83676.262    51.617     4.83    5.83
 -83308.359    54.173     6.95    6.18
 -82940.386    57.997    10.39    6.31
 -82572.344    61.920    10.66    6.17
 -82204.233    67.399    14.88    6.35
 -81836.052    74.688    19.79   10.90
 -81467.801    83.420    23.71   14.85
 -81099.481    92.783    25.42   18.81
 -80731.091   104.048    30.58   21.28
 -80362.631   111.376    19.89   22.48
 -79994.102   116.066    12.72   22.59
 -79625.502   117.077     2.74   22.84
 -79256.833   116.230    -2.30   23.04
 -78888.094   113.663    -6.96   21.55
 -78519.285   111.180    -6.73   18.09
 -78150.407   112.399     3.30   14.90
 -77781.458   119.522    19.30   21.42
 -77412.439   135.365    42.93   32.47
 -77043.350   152.154    45.49   33.12
 -76674.191   172.504    55.12   32.90
 -76304.961   193.759    57.56   36.56
 -75935.662   211.536    48.13   35.10
 -75566.292   225.257    37.14   29.71
 -75196.852   223.453    -4.88   34.06
 -74827.342   209.447   -37.90   39.49
 -74457.761   196.719   -34.44   33.74
 -74088.110   201.230    12.20   28.70
 -73718.388   213.943    34.38   33.53
 -73348.596   228.985    40.67   33.32
 -72978.734   229.583     1.62   38.49
 -72608.801   208.901   -55.90   43.32
 -72238.797   178.901   -81.08   41.62
 -71868.722   152.958   -70.10   31.86
 -71498.577   135.869   -46.17   13.70
 -71128.362   135.969     0.27   13.60
 -70758.075   141.912    16.05   14.10
 -70387.718   147.367    14.73   12.86
 -70017.290   153.290    15.99   15.48
 -69646.791   152.438    -2.30   16.67
 -69276.221   146.888   -14.98   18.11
 -68905.580   135.469   -30.81   20.45
 -68534.868   121.018   -38.98   20.68
 -68164.085   106.276   -39.76   19.65
 -67793.231    98.112   -22.01   13.87
 -67422.305    89.719   -22.63   15.29
 -67051.309    83.112   -17.81   19.52
 -66680.241    71.719   -30.70   23.11
 -66309.102    57.511   -38.28   17.10
 -65937.892    47.650   -26.56    6.96
 -65566.611    48.901     3.37   13.53
 -65195.258    66.136    46.41   34.25
 -64823.834    90.776    66.34   47.30
 -64452.338   124.882    91.80   50.09
 -64080.771   168.219   116.63   53.99
 -63709.132   215.330   126.76   65.00
 -63337.422   247.296    85.99   58.50
 -62965.640   261.060    37.02   44.71
 -62593.786   263.399     6.29   41.66
 -62221.861   244.842   -49.89   51.49
 -61849.864   223.685   -56.87   69.39
 -61477.795   193.442   -81.28   78.57
 -61105.654   151.223  -113.44   68.25
 -60733.442   108.261  -115.42   46.91
 -60361.157    82.719   -68.61   41.00
 -59988.801    61.294   -57.54   19.58
 -59616.372    62.043     2.01   22.12
 -59243.872    73.547    30.88   29.09
 -58871.299    86.316    34.27   29.08
 -58498.655    97.278    29.41   25.87
 -58125.938   101.216    10.57   21.98
 -57753.149   100.851    -0.98   17.54
 -57380.288   103.250     6.43   13.98
 -57007.354   105.924     7.17   12.63
 -56634.349   114.928    24.14   16.05
 -56261.270   127.583    33.92   20.92
 -55888.120   148.122    55.04   33.99
 -55514.897   180.083    85.63   49.34
 -55141.601   227.861   127.98   64.54
 -54768.233   278.416   135.40   60.93
 -54394.793   315.378    98.97   43.81
 -54021.279   326.392    29.49   33.35
 -53647.693   309.799   -44.42   46.52
 -53274.035   281.464   -75.83   50.46
 -52900.303   246.089   -94.65   47.93
 -52526.499   218.885   -72.77   42.05
 -52152.622   192.219   -71.32   44.07
 -51778.672   161.548   -82.02   46.36
 -51404.650   127.894   -89.97   40.60
 -51030.554   105.036   -61.10   29.54
 -50656.385    90.822   -37.99    9.73
 -50282.143    90.304    -1.38   10.57
 -49907.828    98.060    20.72   17.45
 -49533.440   107.675    25.68   22.37
 -49158.979   127.572    53.13   29.75
 -48784.445   153.548    69.35   35.24
 -48409.837   173.503    53.27   31.24
 -48035.156   186.284    34.11   26.87
 -47660.402   204.310    48.10   37.51
 -47285.574   221.292    45.30   49.62
 -46910.673   264.639   115.62   58.20
 -46535.699   303.882   104.65   52.54
 -46160.651   319.324    41.17   40.90
 -45785.529   309.158   -27.10   48.55
 -45410.334   270.740  -102.39   61.69
 -45035.065   217.571  -141.68   62.69
 -44659.723   170.549  -125.27   60.06
 -44284.306   127.916  -113.56   48.23
 -43908.816    94.503   -88.98   27.23
 -43533.253    79.862   -38.98   12.92
 -43157.615    72.287   -20.16    5.26
 -42781.903    70.043    -5.97    4.16
 -42406.118    69.369    -1.79    5.01
 -42030.258    69.769     1.06    7.22
 -41654.325    69.344    -1.13    9.26
 -41278.317    67.211    -5.67    9.69
 -40902.236    62.727   -11.92    7.69
 -40526.080    59.036    -9.81    3.61
 -40149.850    57.674    -3.62    0.62
 -39773.545    57.583    -0.24    0.00
 -39397.167    57.583     0.00    0.00
 -39020.714    57.595     0.03    0.11
 -38644.186    57.738     0.38    0.39
 -38267.585    58.066     0.87    0.74
 -37890.908    58.816     1.99    1.55
 -37514.158    59.885     2.84    2.68
 -37137.332    61.935     5.44    4.29
 -36760.433    64.242     6.12    5.03
 -36383.458    66.958     7.20    5.28
 -36006.409    68.741     4.73    4.72
 -35629.285    69.123     1.01    4.54
 -35252.086    68.824    -0.79    4.97
 -34874.813    68.383    -1.17    5.42
 -34497.464    67.750    -1.68    5.82
 -34120.041    67.789     0.11    5.95
 -33742.543    67.511    -0.74    6.02
 -33364.970    66.695    -2.16    5.77
 -32987.322    65.705    -2.62    5.83
 -32609.598    65.844     0.37    5.74
 -32231.800    70.339    11.90   10.96
 -31853.926    76.322    15.83   14.37
 -31475.977    83.792    19.77   14.86
 -31097.953    86.772     7.88   12.96
 -30719.854    86.721    -0.13   11.20
 -30341.679    88.469     4.62    9.68
 -29963.429    89.698     3.25    9.38
 -29585.103    94.197    11.89    8.91
 -29206.702    98.043    10.16    8.75
 -28828.226   102.128    10.79   11.28
 -28449.673   109.537    19.57   12.69
 -28071.046   116.753    19.06   11.96
 -27692.342   124.231    19.74   12.75
 -27313.563   131.695    19.71   15.65
 -26934.708   143.390    30.87   19.95
 -26555.778   149.674    16.58   20.87
 -26176.771   143.721   -15.71   25.13
 -25797.689   130.238   -35.57   32.18
 -25418.530   107.156   -60.88   28.79
 -25039.296    89.870   -45.58   18.86
 -24659.985    77.162   -33.50   14.01
 -24280.599    69.992   -18.90   10.57
 -23901.137    65.347   -12.24    8.64
 -23521.598    62.031    -8.74    7.03
 -23141.983    59.322    -7.14    5.31
 -22762.292    57.345    -5.21    3.10
 -22382.524    59.021     4.41    5.86
 -22002.681    61.833     7.40    6.96
 -21622.760    64.111     6.00    5.90
 -21242.764    64.680     1.50    5.44
 -20862.691    63.999    -1.79    5.32
 -20482.541    64.053     0.14    5.47
 -20102.315    64.438     1.01    6.01
 -19722.012    63.456    -2.58    6.71
 -19341.633    60.044    -8.97    7.99
 -18961.176    55.089   -13.02    8.37
 -18580.644    49.100   -15.74    6.80
 -18200.071    43.219   -15.45    7.10
 -17834.109    37.763   -14.91    7.67
 -17468.078    29.512   -22.54   10.65
 -17101.976    21.639   -21.51   10.91
 -16735.804    14.824   -18.61    7.72
 -16369.562    10.950   -10.58    3.76
 -16003.249     9.595    -3.70    0.11
 -15636.867     9.583    -0.03    0.00
 -15270.413     9.583     0.00    0.00
 -14903.890     9.583     0.00    0.00
 -14537.296     9.583     0.00    0.00
 -14170.631     9.583     0.00    0.00
 -13803.896     9.583     0.00    0.00
 -13437.090     9.549    -0.09    0.18
 -13070.213     9.015    -1.46    1.08
 -12703.266     8.277    -2.01    1.39
 -12336.249     7.394    -2.41    1.24
 -11969.160     6.642    -2.05    0.28
 -11602.001     6.583    -0.16    0.00
 -11234.770     6.583     0.00    0.00
 -10867.469     6.583     0.00    0.00
 -10500.097     6.583     0.00    0.00
 -10132.654     6.583     0.00    0.00
  -9765.141     6.583     0.00    0.00
  -9397.556     6.583     0.00    0.00
  -9029.900     6.583     0.00    0.00
  -8662.172     6.583     0.00    0.00
  -8294.374     6.583     0.00    0.00
  -7926.504     6.583     0.00    0.00
  -7558.564     6.583     0.00    0.00
  -7190.552     6.583     0.00    0.00
  -6822.468     6.583     0.00    0.00
  -6454.313     6.583     0.00    0.00
  -6086.087     6.494    -0.24    0.29
  -5717.790     6.253    -0.65    0.54
  -5349.421     5.684    -1.55    0.95
  -4980.980     4.981    -1.91    1.09
  -4612.468     4.223    -2.05    0.80
  -4243.884     3.785    -1.19    0.40
  -3875.228     3.253    -1.44    0.68
  -3506.501     2.727    -1.43    0.94
  -3137.702     2.156    -1.55    0.85
  -2768.832     1.660    -1.34    0.60
  -2399.889     1.077    -1.58    0.83
  -2030.875     0.504    -1.55    0.97
  -1661.788    -0.080    -1.58    0.70
  -1292.630    -0.327    -0.67    0.29
   -923.400    -0.321     0.02    0.30
   -554.098    -0.361    -0.11    0.23
   -184.723    -0.196     0.45    1.09
    184.723     1.816     5.45    7.10
    554.242     8.399    17.81   15.41
    923.833    21.827    36.33   30.51
   1293.496    50.319    77.08   56.01
   1663.231    87.750   101.24   64.41
   2033.039   123.493    96.65   65.19
   2402.919   158.353    94.25   74.70
   2772.871   189.291    83.63   80.06
   3142.896   231.859   115.04   67.33
   3512.994   267.187    95.46   68.95
   3883.164   329.422   168.13   96.50
   4253.406   400.963   193.23  131.66
   4623.721   480.118   213.75  142.64
   4994.109   555.985   204.83  124.71
   5364.570   615.559   160.81  129.65
   5735.103   650.872    95.30  137.49
   6105.709   654.089     8.68  140.43
   6476.388   655.527     3.88  131.18
   6847.140   687.513    86.27  126.83
   7217.964   771.931   227.65  163.27
   7588.862   840.939   186.06  139.81
   7959.833   861.338    54.99  104.94
   8330.877   832.674   -77.25  107.34
   8701.993   777.684  -148.17   88.27
   9073.183   767.482   -27.49   90.51
   9444.446   793.219    69.32   98.46
   9815.783   822.327    78.39   78.20
  10187.192   824.424     5.64   59.43
  10558.675   812.814   -31.25   61.41
  10930.232   779.767   -88.94   57.93
  11301.861   758.827   -56.35   46.46
  11673.564   752.572   -16.83   38.25
  12045.341   769.231    44.81   41.94
  12417.191   797.374    75.68   49.28
  12789.115   826.137    77.34   59.05
  13161.112   849.583    63.03   50.25
  13533.183   841.670   -21.27   48.77
  13905.328   822.761   -50.81   46.47
  14277.546   798.726   -64.57   49.46
  14649.838   767.345   -84.29   54.75
  15022.204   744.183   -62.20   51.28
  15394.644   739.746   -11.91   63.67
  15767.158   757.471    47.58   91.43
  16139.746   781.089    63.39   98.30
  16512.407   797.280    43.45   82.33
  16885.143   780.905   -43.93   71.95
  17257.953   735.891  -120.74   82.40
  17630.837   691.548  -118.92   77.14
  18003.795   647.965  -116.86   66.14
  18376.828   615.049   -88.24   74.34
  18749.934   607.394   -20.52   73.32
  19123.115   619.825    33.31   68.85
  19496.371   670.638   136.14   91.37
  19869.700   735.872   174.74   89.65
  20243.105   787.083   137.15   56.90
  20616.583   793.961    18.42   49.22
  20990.136   759.856   -91.30   58.83
  21363.764   723.927   -96.16   53.22
  21737.466   707.072   -45.11   47.72
  22111.244   730.198    61.87   73.25
  22485.095   780.110   133.51   83.93
  22859.022   814.772    92.70   63.70
  23233.023   820.429    15.13   56.02
  23607.099   820.872     1.18   60.91
  23981.250   833.684    34.24   75.48
  24355.476   874.946   110.26   80.67
  24729.777   902.969    74.87   65.30
  25104.153   873.055   -79.90   90.43
  25478.604   803.365  -186.12   97.81
  25853.130   731.627  -191.55   84.67
  26227.731   666.048  -175.07   76.90
  26602.408   608.032  -154.85   90.56
  26977.160   567.571  -107.97   77.68
  27351.987   583.886    43.53   93.40
  27726.889   644.618   162.00  125.98
  28101.867   750.527   282.45  131.06
  28476.920   850.995   267.88   95.30
  28852.048   909.142   155.01   68.26
  29227.252   933.809    65.74   44.70
  29602.532   941.154    19.57   39.79
  29977.887   954.312    35.06   42.02
  30353.318   985.289    82.51   48.50
  30728.825  1007.281    58.57   40.82
  31104.407  1011.202    10.44   44.36
  31480.065  1007.815    -9.02   44.72
  31855.799   989.713   -48.18   44.77
  32231.609   961.002   -76.40   59.47
  32607.495   905.518  -147.61   92.85
  32983.457   839.178  -176.46  102.46
  33359.494   778.924  -160.24   86.19
  33735.608   744.124   -92.53   64.09
  34111.798   743.847    -0.74   76.20
  34488.064   758.595    39.20   84.01
  34864.406   766.850    21.94   76.94
  35240.825   779.440    33.45   73.97
  35617.320   808.819    78.03   72.78
  35993.891   838.000    77.49   67.72
  36370.538   840.294     6.09   60.69
  36747.262   826.359   -36.99   66.37
  37124.063   804.275   -58.61   64.37
  37500.939   774.336   -79.44   44.91
  37877.893   750.811   -62.41   49.11
  38254.923   722.666   -74.65   52.49
  38632.030   689.396   -88.23   53.42
  39009.213   658.118   -82.93   46.05
  39386.473   632.518   -67.86   46.85
  39763.810   599.711   -86.95   47.56
  40141.224   564.485   -93.34   50.27
  40518.715   548.060   -43.51   46.17
  40896.282   542.126   -15.71   38.94
  41273.927   536.801   -14.10   45.81
  41651.649   530.429   -16.87   67.80
  42029.447   499.424   -82.07   82.76
  42407.323   469.803   -78.39   78.85
  42785.276   448.140   -57.32   58.27
  43163.306   442.561   -14.76   34.31
  43541.414   447.481    13.01   23.70
  43919.599   444.418    -8.10   26.72
  44297.861   428.273   -42.68   43.94
  44676.200   396.990   -82.69   53.67
  45054.617   353.708  -114.38   43.99
  45433.112   318.869   -92.05   37.79
  45811.684   286.458   -85.62   30.64
  46190.333   264.844   -57.08   24.01
  46569.061   247.072   -46.93   14.64
  46947.866   237.705   -24.73   11.93
  47326.748   229.032   -22.89   13.82
  47705.709   220.924   -21.40   16.07
  48084.747   208.122   -33.77   18.01
  48463.863   194.605   -35.66   20.60
  48843.057   177.927   -43.98   19.73
  49222.329   165.447   -32.91   15.40
  49601.679   155.066   -27.36    9.17
  49981.107   149.935   -13.52    5.24
  50360.614   146.927    -7.93    3.43
  50740.198   145.322    -4.23    3.31
  51119.861   143.462    -4.90    3.05
  51499.601   142.253    -3.18    2.35
  51879.421   144.183     5.08   11.24
  52259.318   159.827    41.18   40.41
  52639.294   176.283    43.31   49.63
  53019.348   192.284    42.10   51.63
  53399.481   197.827    14.58   38.48
  53779.693   202.297    11.76   29.47
  54159.983   213.876    30.45   26.12
  54540.351   228.350    38.05   25.31
  54920.798   246.022    46.45   26.77
  55301.324   266.018    52.55   26.44
  55681.929   294.411    74.60   36.87
  56062.613   321.653    71.56   38.13
  56443.375   347.137    66.93   44.67
  56813.900   382.106    94.38   61.71
  57179.711   415.389    90.99   61.87
  57545.593   439.514    65.94   47.27
  57911.547   432.132   -20.17   48.91
  58277.573   410.869   -58.10   45.65
  58643.671   398.495   -33.80   30.21
  59009.842   409.344    29.63   34.24
  59376.084   438.185    78.75   35.64
  59742.398   463.648    69.51   37.80
  60108.785   481.839    49.65   35.33
  60475.244   481.038    -2.18   36.69
  60841.775   471.701   -25.48   40.21
  61208.378   450.961   -56.58   33.02
  61575.054   437.100   -37.80   26.27
  61941.802   432.066   -13.73   30.57
  62308.623   430.072    -5.44   41.84
  62675.516   427.724    -6.40   57.59
  63042.481   428.161     1.19   65.07
  63409.519   423.088   -13.82   71.77
  63776.630   412.660   -28.41   67.34
  64143.813   406.194   -17.61   63.39
  64511.069   399.626   -17.89   55.76
  64878.398   395.746   -10.56   52.29
  65245.800   389.508   -16.98   50.10
  65613.274   371.365   -49.37   54.86
  65980.821   331.692  -107.94   62.56
  66348.441   298.250   -90.97   43.45
  66716.134   293.398   -13.19   36.24
  67083.900   313.550    54.80   44.12
  67451.739   338.055    66.62   30.33
  67819.651   344.018    16.21   21.87
  68187.637   332.838   -30.38   26.43
  68555.695   314.165   -50.74   25.74
  68923.827   296.997   -46.64   22.93
  69292.032   283.311   -37.17   18.70
  69660.310   271.862   -31.09   17.21
  70028.661   264.594   -19.73   15.45
  70397.086   260.538   -11.01   16.24
  70765.584   255.018   -14.98   20.96
  71134.156   249.164   -15.88   25.28
  71502.802   239.816   -25.36   25.89
  71871.520   226.594   -35.86   25.77
  72240.313   207.583   -51.55   27.62
  72609.179   189.110   -50.08   27.67
  72978.119   167.231   -59.31   21.41
  73347.132   152.990   -38.59   17.44
  73716.219   140.525   -33.77   13.36
  74085.380   129.994   -28.53   13.05
  74454.615   121.066   -24.18   11.18
  74823.924   113.341   -20.92   11.60
  75193.307   107.674   -15.34   10.27
  75562.764   105.506    -5.87    8.31
  75932.294   104.640    -2.34    6.53
  76301.899   102.658    -5.36    6.14
  76671.578    98.021   -12.54    9.47
  77041.332    88.529   -25.67   12.12
  77411.159    79.138   -25.39   10.89
  77781.061    70.260   -24.00    8.32
  78151.037    64.319   -16.06    6.08
  78521.087    59.727   -12.41    4.49
  78891.212    56.475    -8.79    3.37
  79261.411    53.583    -7.81    3.23
  79631.684    50.594    -8.07    3.91
  80002.032    47.595    -8.10    3.41
  80372.455    45.333    -6.11    2.57
  80742.952    43.985    -3.64    1.54
  81113.524    43.088    -2.42    1.57
  81484.171    42.672    -1.12    1.61
  81854.892    42.407    -0.71    1.38
  82225.689    42.045    -0.98    1.06
  82596.560    41.305    -2.00    1.42
  82967.506    40.142    -3.14    1.99
  83338.526    38.127    -5.43    2.76
  83709.622    35.974    -5.80    2.85
  84080.793    33.344    -7.09    2.62
  84452.039    31.594    -4.72    2.17
  84823.360    30.117    -3.98    1.47
  85194.756    29.148    -2.61    1.35
  85566.228    28.392    -2.04    1.20
  85937.774    27.931    -1.24    0.93
  86309.396    27.479    -1.21    0.46
  86681.093    27.411    -0.18    0.38
  87052.866    27.629     0.59    0.48
  87424.714    27.920     0.78    0.68
  87796.637    28.344     1.14    0.76
  88168.636    28.713     0.99    0.79
  88540.711    28.412    -0.81    1.89
  88912.861    27.271    -3.07    2.93
  89285.087    26.867    -1.09    3.07
  89657.389    26.884     0.05    2.84
  90029.766    27.447     1.51    2.33
  90402.219    27.985     1.45    1.38
  90774.748    27.750    -0.63    1.05
  91147.353    27.357    -1.05    1.34
  91520.033    27.494     0.37    1.95
  91892.790    28.422     2.49    3.55
  92265.623    31.770     8.98    7.60
  92638.532    41.704    26.64   18.34
  93011.516    57.529    42.43   26.20
  93384.578    76.972    52.12   25.03
  93757.715    93.250    43.63   23.60
  94130.928   111.140    47.94   21.13
  94504.218   130.250    51.20   26.42
  94877.584   152.885    60.63   31.64
  95251.027   174.723    58.48   31.39
  95624.546   191.118    43.90   27.00
  95998.141   199.637    22.80   32.54
  96371.813   204.433    12.84   37.39
  96745.562   224.530    53.77   43.89
  97119.387   256.253    84.87   52.18
  97493.289   297.798   111.12   63.26
  97867.267   330.038    86.22   60.63
  98241.323   354.811    66.23   56.84
  98615.455   354.850     0.10   66.48
  98989.664   332.996   -58.40   65.00
  99363.950   323.385   -25.68   53.47
  99738.313   337.300    37.17   53.61
 100112.752   357.783    54.71   46.40
 100487.269   354.336    -9.21   47.18
 100861.863   320.283   -90.91   63.60
 101236.534   272.040  -128.77   59.45
 101611.283   235.121   -98.52   41.33
 101986.108   209.300   -68.89   29.12
 102361.011   192.683   -44.33   23.28
 102735.991   177.207   -41.28   24.68
 103111.049   161.338   -42.31   24.05
 103486.184   152.045   -24.77   18.15
 103861.396   150.027    -5.38   17.74
 104236.686   161.518    30.62   31.57
 104612.053   174.594    34.84   40.03
 104987.499   181.744    19.05   39.07
 105363.021   192.979    29.92   37.83
 105738.622   221.268    75.32   55.95
 106114.300   256.333    93.35   72.40
 106490.056   314.800   155.61   78.17
 106865.890   368.970   144.14   62.93
 107241.802   406.816   100.69   46.17
 107617.791   413.648    18.17   43.82
 107993.859   381.994   -84.18   76.24
 108370.005   329.366  -139.93   81.26
 108746.229   302.716   -70.84   63.51
 109122.531   329.670    71.63   87.50
 109498.911   391.172   163.42   80.21
 109875.369   416.529    67.36   50.10
 110251.906   397.560   -50.38   65.55
 110628.521   344.282  -141.48   78.83
 111005.214   288.822  -147.24   72.08
 111381.986   254.035   -92.34   54.14
 111758.836   242.605   -30.33   44.71
 112135.765   264.647    58.48   69.50
 112512.773   295.294    81.30   73.83
 112889.859   294.142    -3.06   72.75
 113267.023   283.560   -28.06   64.28
 113644.267   271.970   -30.73   53.05
 114021.589   259.437   -33.22   50.63
 114398.990   240.974   -48.92   53.87
 114776.470   211.313   -78.58   52.63
 115154.029   181.830   -78.10   35.84
 115531.666   169.060   -33.82   24.03
 115909.383   179.679    28.11   36.47
 116287.179   204.299    65.17   38.11
 116665.054   212.796    22.49   31.68
 117043.008   205.162   -20.20   33.35
 117421.041   180.317   -65.73   40.00
 117799.154   156.898   -61.94   28.47
 118177.346   155.913    -2.60   27.78
 118555.617   169.506    35.94   36.31
 118933.967   180.411    28.82   34.93
 119312.397   175.927   -11.85   38.20
 119690.907   154.125   -57.60   37.89
 120069.496   124.861   -77.31   35.32
 120448.165   104.540   -53.67   25.25
 120826.913   100.694   -10.16   23.15
 121205.741   105.148    11.76   26.10
 121584.649   111.374    16.43   24.15
 121963.637   114.271     7.64   21.67
 122342.704   118.638    11.52   22.61
 122721.852   134.508    41.86   30.75
 123101.079   164.327    78.64   34.07
 123480.386   194.828    80.42   41.13
 123859.774   231.390    96.38   45.60
 124239.241   266.486    92.50   46.52
 124618.789   295.055    75.28   33.46
 124998.417   299.814    12.54   22.67
 125378.125   285.649   -37.31   34.00
 125757.913   255.764   -78.70   43.34
 126137.782   212.949  -112.72   45.07
 126517.731   174.083  -102.30   45.45
 126897.761   132.067  -110.57   40.85
 127277.871   110.485   -56.78   28.79
 127658.061   107.445    -8.00   26.82
 128038.333   125.561    47.64   40.85
 128418.684   155.551    78.86   48.44
 128799.117   179.503    62.97   55.39
 129179.630   188.189    22.83   63.64
 129560.225   186.538    -4.34   63.43
 129940.900   171.445   -39.65   57.97
 130321.656   160.344   -29.16   47.42
 130702.493   149.723   -27.89   34.98
 131083.410   145.594   -10.84   26.21
 131458.926   144.486    -2.95   19.07
 131824.508   148.253    10.31   16.64
 132190.163   156.039    21.30   21.10
 132555.892   168.078    32.92   29.26
 132921.695   182.037    38.17   32.01
 133287.571   192.436    28.42   33.67
 133653.521   194.223     4.89   32.45
 134019.545   199.010    13.08   27.53
 134385.643   210.886    32.44   33.02
 134751.815   243.271    88.45   48.64
 135118.060   275.228    87.26   47.13
 135484.380   299.344    65.84   33.79
 135850.773   303.051    10.12   28.75
 136217.241   301.161    -5.16   31.63
 136583.783   298.878    -6.23   39.98
 136950.399   302.549    10.01   38.65
 137317.089   301.604    -2.58   32.45
 137683.854   296.227   -14.66   22.87
 138050.693   293.830    -6.54   21.70
 138417.606   288.039   -15.78   24.45
 138784.594   287.860    -0.49   22.28
 139151.656   289.088     3.35   17.75
 139518.792   294.473    14.67   15.94
 139886.003   301.381    18.81   16.24
 140253.289   306.827    14.83   16.76
 140620.649   298.657   -22.24   28.28
 140988.084   277.694   -57.06   40.17
 141355.594   247.253   -82.84   48.27
 141723.178   210.250  -100.68   44.61
 142090.837   176.422   -92.02   36.41
 142458.571   150.253   -71.17   31.06
 142826.380   126.105   -65.66   23.36
 143194.264   109.753   -44.45   16.46
 143562.223    96.750   -35.34   11.18
 143930.257    88.151   -23.37    9.00
 144298.366    81.077   -19.22    6.81
 144666.550    77.760    -9.01    6.97
 145034.809    76.707    -2.86    9.30
 145403.144    74.466    -6.08    9.21
 145771.554    71.913    -6.93    7.14
 146140.039    69.945    -5.34    4.89
 146508.599    68.153    -4.86    3.46
 146877.235    66.303    -5.02    3.40
 147245.946    64.351    -5.29    3.77
 147614.733    62.794    -4.22    3.45
 147983.595    62.487    -0.83    3.62
 148352.533    62.850     0.98    4.28
 148721.546    63.774     2.51    4.78
 149090.635    64.401     1.70    4.81
 149459.800    64.389    -0.03    4.83
 149829.041    63.650    -2.00    5.44
 150198.357    62.739    -2.47    5.82
 150567.750    61.702    -2.81    6.03
 150937.218    60.279    -3.85    5.86
 151306.762    59.185    -2.96    5.85
 151676.382    57.700    -4.02    5.33
 152046.078    56.735    -2.61    4.58
 152415.850    56.702    -0.09    4.65
 152785.699    57.562     2.32    5.53
 153155.623    59.965     6.50    6.21
 153525.624    63.088     8.44    6.49
 153895.701    67.072    10.76    6.02
 154265.855    71.030    10.69    6.02
 154636.085    75.661    12.51    5.70
 155006.391    79.349     9.96    5.77
 155376.773    81.154     4.88    5.34
 155747.233    78.120    -8.19    9.35
 156117.768    69.660   -22.83   15.40
 156488.381    56.774   -34.77   17.91
 156859.070    45.349   -30.83   13.13
 157229.835    39.002   -17.12    5.10
 157600.678    42.125     8.42   12.63
 157971.597    47.704    15.04   18.06
 158342.593    55.962    22.26   20.91
 158713.666    63.605    20.60   21.12
 159084.816    70.480    18.52   18.06
 159456.043    76.750    16.89   12.87
 159827.347    81.604    13.08    4.33
 160198.728    82.693     2.93    2.04
 160570.186    82.732     0.11    2.67
 160941.721    83.239     1.36    3.13
 161313.333    83.360     0.32    3.38
 161685.023    83.434     0.20    3.54
 162056.790    83.328    -0.29    3.45
 162428.635    83.136    -0.52    3.03
 162800.556    83.274     0.37    2.34
 163172.556    83.615     0.92    1.96
 163544.633    84.121     1.36    1.98
 163916.787    84.583     1.24    2.13
 164289.019    84.999     1.12    2.17
 164661.328    85.604     1.63    2.47
 165033.716    86.472     2.33    2.59
 165406.181    87.263     2.13    2.26
 165778.724    86.805    -1.23    2.97
 166151.344    84.993    -4.86    3.65
 166524.043    83.061    -5.19    3.04
 166896.819    82.040    -2.74    1.71
 167269.674    82.658     1.66    2.33
 167642.607    84.288     4.37    3.35
 168015.617    85.870     4.24    3.61
 168388.706    86.594     1.94    3.22
 168761.873    85.157    -3.85    4.56
 169135.118    82.519    -7.07    5.00
 169508.441    81.870    -1.74    4.83
 169881.843    82.764     2.39    5.17
 170255.323    85.422     7.12    4.61
 170628.882    87.561     5.73    2.55
 171002.519    87.510    -0.14    2.49
 171376.235    87.452    -0.15    1.80
 171750.029    87.699     0.66    1.26
 172123.902    88.133     1.16    0.75
 172497.853    88.437     0.81    0.43
 172871.883    88.583     0.39    0.00
 173245.992    88.583     0.00    0.00
 173620.180    88.583     0.00    0.00
 173994.446    88.583     0.00    0.00
 174368.792    88.583     0.00    0.00
 174743.216    88.583     0.00    0.00
 175117.720    88.583     0.00    0.00
 175492.303    88.645     0.17    0.24
 175866.964    88.800     0.41    0.51
 176241.705    89.099     0.80    0.91
 176616.525    89.712     1.64    1.45
 176991.424    91.958     5.99    3.24
 177366.403    94.429     6.59    3.78
 177741.461    97.221     7.45    3.36
 178116.598    99.881     7.09    3.43
 178491.815   101.998     5.64    3.96
 178867.112   103.362     3.64    4.06
 179242.488   105.221     4.95    3.42
 179617.943   107.686     6.57    5.07
 179993.478   111.870    11.14    7.36
 180369.093   115.267     9.04    6.80
 180744.788   117.798     6.74    4.57
 181120.563   117.857     0.16    4.23
 181496.417   116.495    -3.62    2.82
 181872.351   116.312    -0.49    1.60
 182248.365   116.898     1.56    1.45
 182624.460   117.413     1.37    1.02
 183000.634   117.692     0.74    0.60
 183376.888   118.362     1.78    1.09
 183753.223   119.346     2.62    1.93
 184129.638   121.333     5.28    3.01
 184506.133   124.437     8.25    3.69
 184882.708   128.125     9.80    4.48
 185259.364   131.893    10.00    4.30
 185636.100   135.764    10.28    5.15
 186012.917   139.844    10.83    5.48
 186389.814   143.530     9.78    5.48
 186766.792   146.983     9.16    4.77
 187143.850   151.335    11.55    5.25
 187520.989   156.322    13.22    5.98
 187898.209   164.851    22.61   11.43
 188275.509   174.661    26.00   15.44
 188652.891   184.078    24.96   18.05
 189030.353   192.410    22.08   18.14
 189407.896   196.530    10.91   17.40
 189785.520   200.123     9.52   14.46
 190163.226   208.636    22.54   19.96
 190541.012   228.660    53.01   37.09
 190918.879   250.263    57.18   45.81
 191296.828   277.051    70.89   53.74
 191674.858   289.243    32.26   53.06
 192052.969   296.121    18.19   51.01
 192431.161   297.656     4.06   44.51
 192809.435   296.616    -2.75   37.94
 193187.790   303.916    19.30   41.45
 193566.227   312.308    22.18   45.07
 193944.745   326.383    37.19   48.06
 194323.345   346.094    52.07   50.53
 194702.027   374.204    74.24   60.86
 195080.790   407.927    89.05   67.44
 195459.635   438.232    80.01   71.83
 195838.562   450.705    32.92   72.61
 196217.571   457.718    18.51   67.07
 196596.661   460.165     6.46   68.49
 196975.834   460.739     1.51   76.55
 197355.089   474.127    35.31   86.25
 197734.425   492.459    48.33   75.13
 198113.844   506.185    36.18   58.74
 198493.345   503.846    -6.16   69.78
 198872.928   478.670   -66.34   87.33
 199252.594   437.020  -109.72   85.15
 199632.342   415.729   -56.08   77.78
 200012.172   439.530    62.67   99.17
 200392.085   467.901    74.69   94.79
 200772.080   469.625     4.54   79.23
 201152.157   431.338  -100.75  100.56
 201532.318   356.409  -197.13  103.25
 201912.561   283.344  -192.18   68.02
 202292.886   246.521   -96.83   46.89
 202673.295   225.294   -55.81   45.88
 203053.786   202.423   -60.12   43.54
 203434.360   180.844   -56.71   40.26
 203815.017   160.157   -54.35   30.99
 204195.757   156.194   -10.41   40.11
 204576.580   156.031    -0.43   54.27
 204957.486   160.213    10.98   56.37
 205338.475   156.093   -10.82   45.61
 205719.548   146.838   -24.29   27.07
 206100.470   136.708   -26.60   22.73
 206465.819   121.469   -41.72   19.19
 206831.244   108.885   -34.44   15.52
 207196.744    99.279   -26.29    9.72
 207562.319    92.019   -19.86   10.98
 207927.970    86.214   -15.88   11.21
 208293.696    75.372   -29.65   14.70
 208659.498    63.995   -31.11   16.80
 209025.375    53.305   -29.22   13.64
 209391.328    47.325   -16.34    7.62
 209757.357    48.285     2.62    7.54
 210123.462    56.225    21.69   14.84
 210489.642    69.625    36.60   24.49
 210855.898    81.151    31.47   30.14
 211222.230    90.552    25.67   32.89
 211588.638    94.104     9.69   31.69
 211955.123    94.418     0.86   26.94
 212321.683    91.016    -9.28   18.58
 212688.319    93.267     6.14   11.89
 213055.031    95.844     7.03    9.56
 213421.819   102.078    17.00   10.11
 213788.684   108.151    16.56   10.42
 214155.625   115.036    18.76   10.76
 214522.642   119.751    12.85    9.81
 214889.736   124.822    13.82    8.87
 215256.906   128.841    10.95    8.26
 215624.152   134.094    14.31    7.27
 215991.475   140.707    18.01    9.02
 216358.875   148.529    21.29   10.08
 216726.351   158.696    27.67   12.66
 217093.904   170.562    32.29   14.88
 217461.533   188.130    47.80   20.77
 217829.240   207.979    53.99   29.05
 218197.023   240.116    87.39   39.07
 218564.883   277.802   102.46   50.23
 218932.819   318.356   110.24   46.60
 219300.833   355.016    99.63   39.32
 219668.924   385.916    83.96   27.35
 220037.091   406.383    55.60   25.93
 220405.336   417.989    31.52   27.12
 220773.658   417.351    -1.73   36.47
 221142.057   398.031   -52.45   55.00
 221510.533   361.593   -98.90   66.11
 221879.087   318.052  -118.16   57.72
 222247.718   279.583  -104.37   47.26
 222616.426   244.828   -94.28   37.06
 222985.212   222.572   -60.36   27.01
 223354.075   214.098   -22.97   17.43
 223723.015   215.583     4.02   16.68
 224092.034   227.057    31.10   23.27
 224461.129   248.281    57.51   36.15
 224830.303   286.487   103.51   54.01
 225199.554   342.312   151.21   72.67
 225568.883   421.645   214.84  102.83
 225938.290   520.098   266.56  132.07
 226307.774   618.694   266.89  136.16
 226677.337   736.541   318.93  155.59
 227046.977   837.616   273.49  151.30
 227416.696   904.277   180.33  141.43
 227786.492   923.036    50.74  127.03
 228156.367   884.232  -104.93  134.50
 228526.319   835.260  -132.40  134.25
 228896.350   798.019  -100.66  142.40
 229266.459   753.052  -121.52  132.11
 229636.647   756.302     8.78  115.44
 230006.912   785.026    77.59  102.65
 230377.257   858.394   198.14  121.00
 230747.679   918.742   162.94  119.94
 231118.180   942.707    64.69  138.37
 231488.760   936.358   -17.13  157.35
 231859.418   931.665   -12.66  157.13
 232230.155   900.562   -83.91  155.14
 232600.970   869.741   -83.13  141.02
 232971.865   841.425   -76.36  129.53
 233342.838   815.913   -68.78  121.28
 233713.890   814.854    -2.85  129.48
 234085.020   772.348  -114.55  161.69
 234456.230   679.366  -250.53  151.36
 234827.519   613.010  -178.75  142.82
 235198.886   532.683  -216.34  134.79
 235570.333   428.603  -280.25  132.89
 235941.859   333.779  -255.27  125.21
 236313.464   255.031  -211.95  103.96
 236685.149   203.836  -137.76   66.17
 237056.912   172.228   -85.04   48.87
