# NaN NaN NaN ;Mean Elev.(m), Avg Gradient(m/km), RMS Gradient(m/km) - SRTM1     
#    0.924   0.677  16.488 ;Mean Elev.(m), Avg Gradient(m/km), RMS Gradient(m/km) - ASTER GDEM
#    5.328   0.889  16.955 ;Mean Elev.(m), Avg Gradient(m/km), RMS Gradient(m/km) - GMTED2010 
  7     7.061 52443.91707006 14.29 196.268487  62.081060 21.286
  7     9.012 52443.91707071 14.49 196.266027  62.077910 21.286
  7     8.486 52443.91707135 16.65 196.263557  62.074770 21.286
  8     4.969 52478.91706338 12.87 196.273641  62.082980 13.944
  8     5.268 52478.91706402 11.38 196.271181  62.079830 13.944
  8     5.684 52478.91706467 11.48 196.268711  62.076680 13.944
  8     6.282 52478.91706531 15.25 196.266241  62.073530 13.944
  9     0.975 52513.91700820 19.52 196.277667  62.083211 16.190
  9     1.362 52513.91700884 18.19 196.275197  62.080071 16.190
  9     0.927 52513.91700949 20.07 196.272727  62.076921 16.190
  9     1.755 52513.91701013 25.46 196.270257  62.073771 16.190
 10    40.680 52548.91705154 11.50 196.287788  62.084364 10.467
 10    40.690 52548.91705219 11.40 196.285318  62.081224 10.467
 10     6.476 52548.91705283 12.45 196.282838  62.078074 10.467
 10    39.370 52548.91705348 13.66 196.280368  62.074924 10.467
 10     7.759 52548.91705412 16.16 196.277898  62.071774 10.467
 11     2.933 52583.91704436 27.12 196.283486  62.082629 10.633
 11     2.714 52583.91704500 28.16 196.281016  62.079479 10.633
 11     2.803 52583.91704565 29.81 196.278546  62.076329 10.633
 11     3.050 52583.91704629 40.30 196.276076  62.073189 10.633
 12     2.370 52618.91702118 40.26 196.266259  62.083623 13.044
 12     2.712 52618.91702182 43.28 196.263789  62.080483 13.044
 12     2.300 52618.91702247 42.26 196.261329  62.077333 13.044
 12     2.280 52618.91702311 36.64 196.258859  62.074183 13.044
 13     2.706 52653.91700081 19.73 196.292247  62.083125  3.237
 13     2.160 52653.91700146 20.28 196.289777  62.079985  3.237
 13     1.998 52653.91700210 20.87 196.287307  62.076835  3.237
 13     2.110 52653.91700275 20.51 196.284837  62.073685  3.237
 14     2.207 52688.91699929 19.51 196.267814  62.081186  3.340
 14     2.363 52688.91699993 19.70 196.265344  62.078046  3.340
 14     2.052 52688.91700058 19.75 196.262874  62.074896  3.340
 15     1.418 52723.91704399 27.40 196.280403  62.082034  3.765
 15     1.459 52723.91704463 26.71 196.277938  62.078889  3.751
 15     1.529 52723.91704528 26.21 196.275468  62.075739  3.751
 15     1.542 52723.91704592 25.24 196.272998  62.072599  3.751
 16     4.947 52758.91706504 23.04 196.257687  62.081130  6.462
 16     5.624 52758.91706569 22.74 196.255217  62.077980  6.462
 16     6.260 52758.91706633 24.44 196.252747  62.074830  6.462
 17     5.384 52793.91701739 12.62 196.294578  62.083443  8.460
 17     5.909 52793.91701804 12.16 196.292108  62.080303  8.460
 17     6.399 52793.91701868 13.35 196.289628  62.077153  8.460
 17     7.256 52793.91701933 18.65 196.287158  62.074003  8.460
 18     4.659 52828.91708495 17.33 196.295120  62.082700  5.576
 18     5.138 52828.91708559 17.63 196.292650  62.079560  5.576
 18     5.955 52828.91708624 18.34 196.290180  62.076410  5.576
 18     6.461 52828.91708688 19.09 196.287710  62.073260  5.576
 19     6.681 52863.91713036 47.13 196.290427  62.079873 14.877
 19     5.173 52863.91713100 47.70 196.287957  62.076723 14.877
 19     5.019 52863.91713164 50.26 196.285487  62.073573 14.877
 20     5.195 52898.91715976 11.42 196.272669  62.082252  6.495
 20     5.306 52898.91716041 11.90 196.270199  62.079102  6.495
 20     6.056 52898.91716105 12.25 196.267729  62.075952  6.495
 20     6.544 52898.91716170 15.02 196.265269  62.072812  6.495
 21     4.273 52933.91710457 16.55 196.264021  62.082119  4.288
 21     5.029 52933.91710521 18.50 196.261551  62.078969  4.288
 21     6.001 52933.91710586 19.36 196.259081  62.075819  4.288
 22     2.053 52968.91711571 30.36 196.287863  62.084273  5.831
 22     1.994 52968.91711635 33.56 196.285393  62.081123  5.831
 22     1.880 52968.91711700 32.17 196.282923  62.077983  5.831
 22     1.849 52968.91711764 31.76 196.280453  62.074833  5.831
 22     1.960 52968.91711829 29.60 196.277983  62.071683  5.831
 23     2.598 53003.91713718 14.72 196.270177  62.081950  2.564
 23     3.288 53003.91713782 14.79 196.267707  62.078800  2.564
 23     3.357 53003.91713847 14.46 196.265237  62.075660  2.564
 23     5.866 53003.91713911 14.51 196.262767  62.072510  2.564
 24     1.809 53038.91708658 13.67 196.262091  62.081463  2.983
 24     2.117 53038.91708722 13.31 196.259621  62.078313  2.983
 24     1.599 53038.91708787 14.05 196.257151  62.075163  2.983
 25     1.705 53073.91711509  8.96 196.274778  62.083822  3.522
 25     1.948 53073.91711573  9.36 196.272308  62.080672  3.522
 25     3.860 53073.91711638  8.98 196.269838  62.077522  3.522
 25     4.761 53073.91711702  9.10 196.267368  62.074382  3.522
 26     1.462 53108.91708669 29.46 196.260496  62.081995  6.769
 26     1.461 53108.91708733 27.15 196.258026  62.078845  6.769
 26     5.836 53108.91708797 25.84 196.255556  62.075695  6.769
 27    11.904 53143.91712529 12.44 196.282109  62.082107  5.415
 27    40.163 53143.91712594 12.41 196.279649  62.078957  5.415
 27     6.996 53143.91712658 15.53 196.277179  62.075817  5.415
 27     7.943 53143.91712723 16.12 196.274709  62.072667  5.415
 28    40.142 53178.91714247 11.71 196.283010  62.083990  8.612
 28    39.449 53178.91714312 11.59 196.280540  62.080850  8.612
 28     5.787 53178.91714376 15.58 196.278070  62.077700  8.612
 28     6.000 53178.91714441 19.28 196.275600  62.074550  8.612
 29     5.061 53213.91716397 17.22 196.277656  62.083826  9.007
 29     4.671 53213.91716461 12.03 196.275186  62.080676  9.007
 29     5.209 53213.91716525 12.44 196.272716  62.077536  9.007
 29     5.777 53213.91716590 17.31 196.270256  62.074386  9.007
 30     4.356 53248.91713423 13.51 196.269496  62.080928  7.420
 30     3.973 53248.91713488 16.01 196.267026  62.077778  7.420
 30     5.349 53248.91713552 23.37 196.264556  62.074628  7.420
 31     3.874 53283.91712721 33.70 196.285113  62.082706 13.004
 31     2.539 53283.91712785 45.43 196.282643  62.079556 13.004
 31     3.420 53283.91712849 49.27 196.280173  62.076416 13.004
 31     2.679 53283.91712914 50.86 196.277703  62.073266 13.004
 34     1.807 53388.91708723 17.08 196.290118  62.083990  3.095
 34     2.296 53388.91708787 18.74 196.287648  62.080840  3.095
 34     2.967 53388.91708851 17.00 196.285178  62.077690  3.095
 34     4.913 53388.91708916 16.09 196.282708  62.074550  3.095
 34     5.704 53388.91708980 16.00 196.280238  62.071400  3.095
 35     6.271 53423.91708799  8.59 196.278909  62.077872  2.520
 35     5.789 53423.91708864 12.57 196.276439  62.074722  2.520
 37     2.226 53493.91717776 26.95 196.273557  62.081344 11.637
 37     2.293 53493.91717841 38.41 196.271087  62.078194 11.637
 37     1.744 53493.91717905 43.73 196.268617  62.075054 11.637
 38    40.105 53528.91715394 15.08 196.282965  62.081906  9.319
 38     6.088 53528.91715458 16.17 196.280495  62.078766  9.319
 38     6.536 53528.91715523 17.15 196.278035  62.075616  9.319
 38     6.844 53528.91715587 28.63 196.275565  62.072466  9.319
 39     4.400 53563.91718473 19.72 196.267313  62.082033 10.743
 39     4.773 53563.91718537 20.00 196.264853  62.078883 10.743
 39     5.712 53563.91718602 19.59 196.262383  62.075733 10.743
 40     4.658 53598.91712581 13.12 196.274036  62.081426 10.492
 40     5.060 53598.91712646 12.87 196.271574  62.078275 25.302
 40     5.911 53598.91712710 12.95 196.269104  62.075135 25.302
 41    41.550 53633.91712089 14.47 196.287643  62.084658 12.775
 41    39.657 53633.91712153 13.11 196.285173  62.081518 12.775
 41     5.947 53633.91712282 18.48 196.280223  62.075218 12.775
 41     5.982 53633.91712347 24.90 196.277753  62.072068 12.775
 42     4.846 53668.91714359 15.83 196.275157  62.082164  4.043
 42     5.350 53668.91714424 15.89 196.272687  62.079014  4.043
 42     6.317 53668.91714488 16.27 196.270217  62.075874  4.043
 42     7.313 53668.91714553 17.69 196.267747  62.072724  4.043
 43     2.575 53703.91708368 23.39 196.280111  62.083565  5.779
 43     2.649 53703.91708433 24.96 196.277651  62.080425  5.779
 43     2.769 53703.91708497 26.99 196.275181  62.077275  5.779
 43     2.593 53703.91708562 25.68 196.272711  62.074125  5.779
 44     2.864 53738.91699341 13.04 196.266820  62.082673  2.485
 44     3.432 53738.91699405 12.44 196.264350  62.079523  2.485
 44     3.050 53738.91699470 13.65 196.261890  62.076383  2.485
 44     3.181 53738.91699534 12.70 196.259420  62.073233  2.485
 46     3.053 53808.91699549  6.92 196.270860  62.082542  1.960
 46     4.268 53808.91699614  6.71 196.268390  62.079392  1.960
 46     4.834 53808.91699678  6.77 196.265920  62.076242  1.960
 46     6.267 53808.91699743  7.00 196.263450  62.073102  1.960
 48     6.444 53878.91706478 23.54 196.288719  62.084022 12.759
 48     6.663 53878.91706543 25.12 196.286249  62.080882 12.759
 48     6.326 53878.91706607 28.70 196.283779  62.077732 12.759
 48     7.105 53878.91706672 25.82 196.281309  62.074582 12.759
 49     5.240 53913.91711981 16.26 196.274433  62.083416  9.026
 49     5.729 53913.91712045 14.40 196.271963  62.080266  9.026
 49     6.228 53913.91712110 15.76 196.269493  62.077126  9.026
 49     6.377 53913.91712174 23.90 196.267023  62.073976  9.026
 50    36.753 53948.91713225 12.56 196.266972  62.082398 10.662
 50     5.309 53948.91713289 12.38 196.264502  62.079248 10.662
 50     5.920 53948.91713354 15.80 196.262032  62.076108 10.662
 50     5.816 53948.91713418 19.18 196.259562  62.072958 10.662
 51     5.176 53983.91707174 12.20 196.270907  62.083768 10.963
 51     5.310 53983.91707238 11.67 196.268437  62.080618 10.963
 51     5.540 53983.91707303 12.20 196.265967  62.077468 10.963
 51     5.827 53983.91707367 19.13 196.263497  62.074328 10.963
 52    39.588 54018.91710397 12.80 196.289299  62.082020 11.228
 52     5.519 54018.91710461 15.24 196.286829  62.078870 11.228
 52     6.107 54018.91710526 17.48 196.284359  62.075720 11.228
 52     6.707 54018.91710590 20.37 196.281889  62.072580 11.228
 53     2.111 54053.91709522 39.14 196.290679  62.082907 12.236
 53     2.956 54053.91709586 35.78 196.288199  62.079757 12.236
 53     2.282 54053.91709651 33.14 196.285729  62.076607 12.236
 53     2.258 54053.91709715 30.81 196.283269  62.073467 12.236
 54     2.300 54088.91708743 16.61 196.274094  62.082061  2.899
 54     3.438 54088.91708807 11.74 196.271624  62.078911  2.899
 54     4.882 54088.91708872 12.47 196.269154  62.075771  2.899
 54     5.422 54088.91708936 11.54 196.266684  62.072621  2.899
 55     3.185 54123.91700897 10.25 196.294254  62.084513  2.277
 55     3.334 54123.91700961 10.40 196.291784  62.081363  2.277
 55     3.908 54123.91701026 10.30 196.289314  62.078213  2.277
 55     4.824 54123.91701090 10.23 196.286844  62.075073  2.277
 55     5.220 54123.91701155 10.79 196.284374  62.071923  2.277
 56     2.228 54158.91705160  9.74 196.279475  62.083867  2.594
 56     2.604 54158.91705225  9.83 196.277005  62.080717  2.594
 56     3.057 54158.91705289  9.91 196.274535  62.077567  2.594
 56     4.503 54158.91705354 10.40 196.272065  62.074427  2.594
 57     2.078 54193.91701157 12.58 196.292338  62.084547  3.651
 57     1.903 54193.91701222 12.48 196.289868  62.081397  3.651
 57     2.442 54193.91701286 10.31 196.287398  62.078257  3.651
 57     2.543 54193.91701351  9.88 196.284928  62.075107  3.651
 57     3.465 54193.91701415  9.48 196.282458  62.071957  3.651
 58     4.109 54228.91706354 44.09 196.282296  62.083910 19.379
 58     3.880 54228.91706418 32.90 196.279826  62.080770 19.379
 58     4.062 54228.91706482 37.35 196.277356  62.077620 19.379
 58     6.136 54228.91706547 28.15 196.274886  62.074470 19.379
 59    40.127 54263.91708168 21.88 196.283766  62.084723 14.254
 59     5.124 54263.91708232 16.11 196.281296  62.081573 14.254
 59     4.769 54263.91708297 16.53 196.278826  62.078433 14.254
 59     5.597 54263.91708361 19.02 196.276356  62.075283 14.254
 59     6.312 54263.91708426 16.58 196.273896  62.072133 14.254
 60     4.820 54298.91708618 18.76 196.281282  62.082274 19.598
 60     4.479 54298.91708682 16.49 196.278812  62.079124 19.598
 60     5.459 54298.91708747 15.97 196.276352  62.075974 19.598
 60     5.833 54298.91708811 18.62 196.273882  62.072834 19.598
 61     5.214 54333.91707633 19.08 196.276449  62.084242 14.832
 61     5.018 54333.91707698 13.26 196.273979  62.081102 14.832
 61     5.341 54333.91707762 13.40 196.271519  62.077952 14.832
 61     6.159 54333.91707827 13.87 196.269049  62.074802 14.832
 63     3.412 54403.91702020 45.39 196.277332  62.083419 16.655
 63     3.388 54403.91702084 50.89 196.274862  62.080269 16.655
 63     3.650 54403.91702149 47.41 196.272392  62.077119 16.655
 63     3.240 54403.91702213 48.37 196.269932  62.073979 16.655
 64     3.255 54438.91697686 21.14 196.294118  62.083130  3.562
 64     3.940 54438.91697751 21.64 196.291648  62.079980  3.562
 64     4.019 54438.91697815 22.46 196.289178  62.076830  3.562
 64     5.729 54438.91697880 23.00 196.286698  62.073690  3.562
 65     2.704 54473.91700620 13.78 196.285484  62.083072  2.333
 65     3.286 54473.91700685 13.35 196.283014  62.079922  2.333
 65     4.488 54473.91700749 13.70 196.280544  62.076772  2.333
 65     5.511 54473.91700814 14.28 196.278074  62.073632  2.333
 66     2.423 54508.91698857  9.52 196.292781  62.084623  2.513
 66     2.819 54508.91698922  8.82 196.290311  62.081473  2.513
 66     4.062 54508.91698986  8.94 196.287841  62.078323  2.513
 66     3.958 54508.91699050  9.22 196.285371  62.075183  2.513
 66     4.617 54508.91699115  9.53 196.282901  62.072033  2.513
 67     3.000 54543.91702084  8.77 196.279297  62.082713  2.180
 67     4.302 54543.91702148  8.94 196.276817  62.079563  2.180
 67     5.065 54543.91702212  8.94 196.274357  62.076413  2.180
 67     5.944 54543.91702277  9.08 196.271887  62.073273  2.180
 68     3.652 54578.91698910 17.68 196.285184  62.084431  8.799
 68     1.888 54578.91698975 20.89 196.282714  62.081281  8.799
 68     1.698 54578.91699039 18.90 196.280244  62.078131  8.799
 68     1.466 54578.91699104 16.51 196.277774  62.074981  8.799
 68     4.758 54578.91699168 14.07 196.275314  62.071841  8.799
 69    40.597 54613.91701073 15.85 196.280597  62.083492 10.687
 69     7.398 54613.91701137 15.93 196.278137  62.080342 10.687
 69     7.569 54613.91701201 19.96 196.275657  62.077192 10.687
 69     8.314 54613.91701266 20.80 196.273197  62.074052 10.687
 70    40.019 54648.91701920 17.41 196.283210  62.084489  6.568
 70    39.251 54648.91701985 16.99 196.280740  62.081339  6.568
 70     5.136 54648.91702049 17.25 196.278270  62.078189  6.568
 70     6.436 54648.91702114 16.45 196.275800  62.075049  6.568
 70     6.961 54648.91702178 24.48 196.273330  62.071899  6.568
 71     5.147 54683.91701762 14.13 196.275735  62.084067 11.194
 71     5.223 54683.91701826 12.82 196.273265  62.080917 11.194
 71     5.790 54683.91701890 12.77 196.270795  62.077767 11.194
 71     6.336 54683.91701955 13.74 196.268325  62.074627 11.194
 72    40.123 54718.91696431 12.01 196.292399  62.082337  9.419
 72     5.970 54718.91696495 13.28 196.289929  62.079187  9.419
 72     6.830 54718.91696560 14.21 196.287459  62.076037  9.419
 72     7.708 54718.91696624 16.87 196.284989  62.072897  9.419
 73     3.471 54753.91699122 32.90 196.281420  62.082515 10.032
 73     3.393 54753.91699187 37.94 196.278950  62.079365 10.032
 73     3.799 54753.91699251 30.79 196.276480  62.076225 10.032
 73     3.206 54753.91699316 27.73 196.274010  62.073075 10.032
 74     3.179 54788.91695745 23.97 196.290318  62.082966  4.706
 74     3.426 54788.91695809 23.81 196.287848  62.079826  4.706
 74     3.246 54788.91695874 25.50 196.285378  62.076676  4.706
 74     3.396 54788.91695938 24.71 196.282908  62.073526  4.706
 75     3.129 54823.91698575 10.99 196.286339  62.084648  2.895
 75     3.846 54823.91698639 10.62 196.283869  62.081498  2.895
 75     5.329 54823.91698704  9.73 196.281399  62.078348  2.895
 75     6.251 54823.91698768  9.47 196.278929  62.075208  2.895
 75     7.354 54823.91698833  9.67 196.276459  62.072058  2.895
 79     6.687 54963.91698778 28.27 196.280343  62.082951 15.476
 79     6.123 54963.91698843 22.24 196.277873  62.079801 15.476
 79     6.641 54963.91698907 21.87 196.275403  62.076651 15.476
 79     6.972 54963.91698972 23.80 196.272933  62.073511 15.476
 80    40.290 54998.91700878 14.39 196.275904  62.082031 10.975
 80     6.143 54998.91700942 15.38 196.273434  62.078881 10.975
 80     6.661 54998.91701006 17.52 196.270964  62.075741 10.975
 80     7.890 54998.91701071 22.30 196.268504  62.072591 10.975
 81    39.927 55033.91699613 13.34 196.283520  62.083386 11.730
 81    39.397 55033.91699678 13.53 196.281040  62.080246 11.730
 81     5.898 55033.91699742 14.94 196.278580  62.077096 11.730
 81     6.222 55033.91699806 19.30 196.276110  62.073946 11.730
 82     4.061 55068.91698526 17.31 196.273701  62.083192 13.924
 82     3.461 55068.91698591 20.04 196.271231  62.080042 13.924
 82     5.169 55068.91698655 17.23 196.268761  62.076892 13.924
 82     6.279 55068.91698720 15.31 196.266291  62.073752 13.924
 83    38.851 55103.91692452 18.64 196.289142  62.083124 11.795
 83     3.541 55103.91692516 23.37 196.286672  62.079974 11.795
 83     3.578 55103.91692581 24.78 196.284202  62.076834 11.795
 83     5.944 55103.91692645 19.55 196.281732  62.073684 11.795
 84     2.517 55138.91693258 39.49 196.280580  62.083424 14.234
 84     2.843 55138.91693323 38.64 196.278110  62.080274 14.234
 84     2.399 55138.91693387 43.81 196.275650  62.077134 14.234
 84     2.336 55138.91693451 45.44 196.273180  62.073984 14.234
 85     2.649 55173.91689254 38.12 196.292737  62.083425 12.737
 85     3.749 55173.91689319 34.76 196.290267  62.080275 12.737
 85     3.001 55173.91689383 33.74 196.287797  62.077125 12.737
 85     2.583 55173.91689448 33.55 196.285327  62.073985 12.737
 87     3.494 55243.91689828 14.57 196.288280  62.083199  3.781
 87     4.471 55243.91689893 14.32 196.285800  62.080049  3.781
 87     4.294 55243.91689957 14.78 196.283330  62.076909  3.781
 87     4.757 55243.91690022 14.60 196.280860  62.073759  3.781
 88     2.601 55278.91692132 10.50 196.275024  62.083135  3.320
 88     3.901 55278.91692196 10.17 196.272564  62.079985  3.320
 88     4.338 55278.91692261  9.95 196.270094  62.076845  3.320
 88     4.308 55278.91692325 10.52 196.267624  62.073695  3.320
 89     3.214 55313.91688422 10.22 196.283499  62.084695  3.013
 89     3.619 55313.91688486 10.47 196.281029  62.081555  3.013
 89     3.858 55313.91688551 10.83 196.278559  62.078405  3.013
 89     6.276 55313.91688615 10.40 196.276089  62.075255  3.013
 89     7.005 55313.91688680  9.94 196.273619  62.072105  3.013
 90    40.248 55348.91689224 15.08 196.275951  62.081820 11.234
 90     5.938 55348.91689289 15.56 196.273481  62.078670 11.234
 90     6.591 55348.91689353 19.46 196.271011  62.075530 11.234
 90     6.586 55348.91689417 23.36 196.268541  62.072380 11.234
 91    40.119 55383.91688377 14.73 196.286844  62.081881 10.045
 91    39.533 55383.91688441 10.93 196.284374  62.078731 10.045
 91    37.197 55383.91688570 19.91 196.279434  62.072441 10.045
 92    40.692 55418.91691037 16.32 196.284134  62.083970 10.747
 92    40.243 55418.91691102 15.55 196.281674  62.080820 10.747
 92     6.244 55418.91691166 16.00 196.279194  62.077670 10.747
 92     7.203 55418.91691231 16.82 196.276734  62.074520 10.747
 93     5.616 55453.91689004 16.95 196.272702  62.083324 16.902
 93     6.004 55453.91689069 16.69 196.270232  62.080174 16.902
 93     6.410 55453.91689133 18.21 196.267762  62.077024 16.902
 93     6.722 55453.91689198 25.61 196.265292  62.073884 16.902
 94     2.527 55488.91681070 46.27 196.266564  62.083213 18.955
 94     2.507 55488.91681134 54.57 196.264094  62.080063 18.955
 94     2.441 55488.91681199 46.43 196.261624  62.076913 18.955
 94     2.412 55488.91681263 51.41 196.259154  62.073773 18.955
