# NaN NaN NaN ;Mean Elev.(m), Avg Gradient(m/km), RMS Gradient(m/km) - SRTM1     
#   12.385   0.224   4.869 ;Mean Elev.(m), Avg Gradient(m/km), RMS Gradient(m/km) - ASTER GDEM
#   35.735  -0.136   1.954 ;Mean Elev.(m), Avg Gradient(m/km), RMS Gradient(m/km) - GMTED2010 
  8    31.082 52499.30633654 19.75 201.533349  64.443708  7.633
  8    31.178 52499.30633719 21.68 201.530476  64.446822 12.396
  8    31.258 52499.30633783 23.78 201.527616  64.449932 12.396
  8    31.575 52499.30633848 26.97 201.524746  64.453052 12.396
  8    31.863 52499.30633912 37.18 201.521876  64.456162 12.396
 11    29.578 52604.30633652 28.34 201.533676  64.440685 15.696
 11    29.770 52604.30633716 32.03 201.530816  64.443805 15.696
 11    29.679 52604.30633781 34.07 201.527946  64.446915 15.696
 11    29.783 52604.30633845 36.53 201.525086  64.450035 15.696
 11    29.685 52604.30633910 35.97 201.522216  64.453145 15.696
 11    29.753 52604.30633974 33.29 201.519346  64.456265 15.696
 12    29.572 52639.30631539 33.12 201.525232  64.429779  9.170
 12    29.607 52639.30631604 38.70 201.522362  64.432899  9.170
 12    29.656 52639.30631668 20.76 201.519492  64.436009  9.170
 12    29.550 52639.30631733 17.37 201.516632  64.439129  9.170
 12    29.655 52639.30631797 15.59 201.513762  64.442239  9.170
 12    29.682 52639.30631861 15.35 201.510892  64.445359  9.170
 12    29.477 52639.30631926 15.71 201.508022  64.448469  9.170
 12    29.410 52639.30631990 15.05 201.505162  64.451589  9.170
 13    29.294 52674.30631349 12.52 201.532320  64.441901  3.647
 13    29.466 52674.30631413 11.81 201.529460  64.445011  3.647
 13    29.480 52674.30631478 11.95 201.526590  64.448131  3.647
 13    29.294 52674.30631542 11.81 201.523720  64.451241  3.647
 13    29.217 52674.30631607 11.05 201.520860  64.454361  3.647
 13    28.938 52674.30631671 10.86 201.517990  64.457471  3.647
 14    30.978 52709.30632690  7.53 201.526344  64.433243  2.693
 14    31.276 52709.30632755  7.36 201.523484  64.436363  2.693
 14    30.888 52709.30632819  7.95 201.520614  64.439473  2.693
 14    31.572 52709.30632884  7.82 201.517744  64.442593  2.693
 14    32.339 52709.30632948  6.75 201.514884  64.445703  2.693
 14    32.058 52709.30633013  6.94 201.512014  64.448823  2.693
 14    31.802 52709.30633077  5.80 201.509144  64.451933  2.693
 16    31.953 52779.30629077 52.19 201.523442  64.428791 36.871
 16    32.077 52779.30629141 50.75 201.520582  64.431911 36.871
 16    31.966 52779.30629206 52.70 201.517712  64.435021 36.871
 16    32.106 52779.30629270 51.97 201.514842  64.438141 36.871
 16    32.029 52779.30629335 51.81 201.511972  64.441251 36.871
 16    31.976 52779.30629399 50.03 201.509112  64.444371 36.871
 17    32.781 52814.30637501 52.19 201.522466  64.429310 26.882
 17    32.771 52814.30637565 52.81 201.519596  64.432420 26.882
 17    32.769 52814.30637630 49.80 201.516736  64.435540 26.882
 17    32.792 52814.30637694 51.30 201.513866  64.438650 26.882
 17    32.889 52814.30637759 50.04 201.510996  64.441770 26.882
 17    32.955 52814.30637823 48.17 201.508126  64.444880 26.882
 18    32.300 52849.30642865 51.07 201.524285  64.433887 26.242
 18    32.289 52849.30642929 52.07 201.521415  64.436997 26.242
 18    32.388 52849.30642994 50.66 201.518555  64.440117 26.242
 18    32.322 52849.30643058 50.53 201.515685  64.443227 26.242
 18    32.312 52849.30643123 49.10 201.512815  64.446347 26.242
 18    32.374 52849.30643187 48.58 201.509945  64.449457 26.242
 18    32.236 52849.30643252 47.65 201.507075  64.452577 26.242
 19    32.299 52884.30646438 48.06 201.529592  64.435979 29.508
 19    32.495 52884.30646503 51.22 201.526722  64.439089 29.508
 19    32.322 52884.30646567 47.76 201.523862  64.442209 29.508
 19    32.501 52884.30646632 52.30 201.520992  64.445319 29.508
 19    32.437 52884.30646696 53.21 201.518122  64.448439 29.508
 19    32.373 52884.30646761 50.13 201.515262  64.451549 29.508
 19    32.345 52884.30646825 51.09 201.512392  64.454669 29.508
 20    30.541 52919.30642227 47.74 201.532929  64.445183 20.850
 20    30.423 52919.30642292 50.99 201.530059  64.448293 20.850
 20    30.587 52919.30642356 51.72 201.527189  64.451413 20.850
 20    30.541 52919.30642421 50.93 201.524329  64.454523 20.850
 20    30.522 52919.30642485 48.57 201.521459  64.457643 20.850
 21    28.997 52954.30638357 48.80 201.527072  64.434024 24.484
 21    29.118 52954.30638421 47.07 201.524202  64.437134 24.484
 21    29.002 52954.30638486 50.08 201.521342  64.440254 24.484
 21    29.152 52954.30638550 50.60 201.518472  64.443364 24.484
 21    28.875 52954.30638615 42.91 201.515602  64.446484 24.484
 21    29.006 52954.30638679 34.73 201.512732  64.449594 24.484
 21    29.233 52954.30638744 44.17 201.509862  64.452714 24.484
 22    29.660 52989.30639374 18.48 201.533272  64.442544  6.624
 22    29.728 52989.30639439 18.77 201.530412  64.445664  6.624
 22    29.619 52989.30639503 19.93 201.527542  64.448774  6.624
 22    29.543 52989.30639567 17.96 201.524672  64.451894  6.624
 22    29.423 52989.30639632 16.22 201.521802  64.455004  6.624
 24    28.817 53059.30637396 10.98 201.531559  64.442078  6.091
 24    28.091 53059.30637460 16.70 201.528689  64.445198  6.091
 24    27.963 53059.30637525 15.41 201.525819  64.448308  6.091
 24    27.496 53059.30637589 19.05 201.522959  64.451428  6.091
 24    27.138 53059.30637654 15.13 201.520089  64.454538  6.091
 25    27.753 53094.30641140 18.12 201.532106  64.439913  6.373
 25    28.020 53094.30641205 15.47 201.529236  64.443023  6.373
 25    27.882 53094.30641269 18.30 201.526376  64.446143  6.373
 25    28.042 53094.30641334 13.30 201.523506  64.449253  6.373
 25    27.583 53094.30641398 13.81 201.520646  64.452373  6.373
 25    26.613 53094.30641463 13.59 201.517776  64.455483  6.373
 26    31.103 53129.30638281 43.82 201.528892  64.436755 31.583
 26    30.979 53129.30638345 34.65 201.526022  64.439865 31.583
 26    30.968 53129.30638409 32.93 201.523152  64.442985 31.583
 26    31.069 53129.30638474 34.92 201.520282  64.446095 31.583
 26    31.159 53129.30638538 50.95 201.517422  64.449215 31.583
 26    31.162 53129.30638603 45.89 201.514552  64.452325 31.583
 28    32.135 53199.30645204 44.82 201.530508  64.436524 30.211
 28    31.826 53199.30645268 53.87 201.527648  64.439644 30.211
 28    31.842 53199.30645333 51.78 201.524778  64.442754 30.211
 28    31.780 53199.30645397 53.71 201.521908  64.445874 30.211
 28    31.892 53199.30645462 52.47 201.519048  64.448984 30.211
 28    31.767 53199.30645526 49.32 201.516178  64.452104 30.211
 28    31.870 53199.30645591 49.22 201.513308  64.455214 30.211
 29    31.437 53234.30642348 42.47 201.537663  64.445633 21.543
 29    31.355 53234.30642412 32.57 201.534793  64.448743 21.543
 29    31.588 53234.30642477 34.35 201.531933  64.451863 21.543
 29    31.551 53234.30642541 39.27 201.529063  64.454973 21.543
 29    31.500 53234.30642606 36.63 201.526193  64.458093 21.543
 30    29.609 53269.30638713 50.89 201.521162  64.429381 26.652
 30    29.673 53269.30638777 50.13 201.518292  64.432491 26.652
 30    29.510 53269.30638842 42.95 201.515432  64.435611 26.652
 30    29.493 53269.30638906 37.70 201.512562  64.438721 26.652
 30    29.656 53269.30638971 46.40 201.509692  64.441841 26.652
 31    28.816 53304.30644808 46.78 201.523119  64.429115 18.714
 31    28.751 53304.30644873 48.71 201.520259  64.432225 18.714
 31    28.841 53304.30644937 43.91 201.517389  64.435345 18.714
 31    29.008 53304.30645002 46.58 201.514529  64.438455 18.714
 31    28.822 53304.30645066 41.60 201.511655  64.441573 12.106
 31    28.758 53304.30645131 36.24 201.508795  64.444693 12.106
 32    30.163 53339.30641905 12.42 201.531103  64.442149  6.244
 32    29.038 53339.30641969 14.28 201.528230  64.445262  4.716
 32    30.015 53339.30642034 11.41 201.525370  64.448372  4.716
 32    28.616 53339.30642098 14.45 201.522500  64.451492  4.716
 32    28.243 53339.30642163 13.91 201.519630  64.454602  4.716
 33    30.117 53374.30635179 10.34 201.538267  64.448260  4.878
 33    29.606 53374.30635244 11.18 201.535397  64.451370  4.878
 33    29.419 53374.30635308 12.00 201.532537  64.454490  4.878
 33    29.285 53374.30635373 10.68 201.529667  64.457600  4.878
 33    29.315 53374.30635437  9.19 201.526797  64.460720  4.878
 34    30.978 53409.30639208  7.49 201.529759  64.437538  2.081
 34    31.186 53409.30639273  7.71 201.526899  64.440658  2.081
 34    31.037 53409.30639337  7.60 201.524027  64.443768  2.467
 34    29.806 53409.30639402  7.85 201.521167  64.446888  2.467
 34    31.528 53409.30639466  7.70 201.518297  64.449998  2.467
 34    31.291 53409.30639531  7.29 201.515427  64.453108  2.467
 35    28.441 53444.30637704 21.97 201.538338  64.446761  6.283
 35    28.471 53444.30637768 17.07 201.535478  64.449871  6.283
 35    28.331 53444.30637833 16.86 201.532608  64.452991  6.283
 35    27.976 53444.30637897 14.48 201.529748  64.456101  6.283
 35    27.279 53444.30637962 12.94 201.526878  64.459221  6.283
 36    30.745 53479.30645314  8.41 201.522733  64.432446  2.637
 36    28.618 53479.30645378 11.14 201.519863  64.435556  2.637
 36    31.627 53479.30645442  7.40 201.517004  64.438675  2.807
 36    31.943 53479.30645507  6.88 201.514134  64.441785  2.807
 36    32.609 53479.30645571  6.57 201.511264  64.444905  2.807
 36    28.331 53479.30645636  9.66 201.508394  64.448015  2.807
 36    28.183 53479.30645700  8.77 201.505534  64.451135  2.807
 37    34.958 53514.30646213 40.74 201.529235  64.439340 31.412
 37    34.958 53514.30646278 47.10 201.526368  64.442454 18.582
 37    34.943 53514.30646342 49.31 201.523508  64.445564 18.582
 37    34.891 53514.30646407 50.59 201.520638  64.448684 18.582
 37    34.988 53514.30646471 51.33 201.517768  64.451794 18.582
 37    34.979 53514.30646536 52.64 201.514908  64.454914 18.582
 38    33.357 53549.30648057 51.90 201.529406  64.437781 19.800
 38    33.256 53549.30648121 51.59 201.526547  64.440897 18.458
 38    33.335 53549.30648186 48.61 201.523677  64.444007 18.458
 38    33.417 53549.30648250 52.19 201.520807  64.447127 18.458
 38    33.423 53549.30648315 52.13 201.517947  64.450237 18.458
 38    33.290 53549.30648379 52.64 201.515077  64.453357 18.458
 39    32.231 53584.30644445 52.27 201.533124  64.442584 14.209
 39    32.239 53584.30644510 53.01 201.530250  64.445697 18.430
 39    32.285 53584.30644574 50.23 201.527390  64.448807 18.430
 39    32.300 53584.30644639 52.12 201.524520  64.451927 18.430
 39    32.178 53584.30644703 51.10 201.521650  64.455037 18.430
 40    31.038 53619.30640193 24.36 201.535678  64.447221  6.838
 40    31.048 53619.30640257 21.48 201.532818  64.450331  6.838
 40    31.111 53619.30640322 18.96 201.529948  64.453451  6.838
 40    31.053 53619.30640386 19.05 201.527088  64.456561  6.838
 40    30.987 53619.30640451 16.76 201.524218  64.459681  6.838
 41    31.368 53654.30642523 26.13 201.526537  64.435154 16.057
 41    31.488 53654.30642587 27.04 201.523677  64.438274 16.057
 41    31.427 53654.30642652 31.33 201.520810  64.441384 14.618
 41    31.341 53654.30642716 27.87 201.517940  64.444494 14.618
 41    31.500 53654.30642780 29.72 201.515080  64.447614 14.618
 41    31.490 53654.30642845 32.49 201.512210  64.450724 14.618
 41    31.417 53654.30642909 41.04 201.509340  64.453844 14.618
 42    29.727 53689.30642167 34.61 201.529425  64.438757  8.278
 42    29.797 53689.30642231 38.60 201.526555  64.441877  8.278
 42    29.712 53689.30642296 37.16 201.523697  64.444989 11.212
 42    29.865 53689.30642360 34.80 201.520827  64.448099 11.212
 42    29.720 53689.30642425 30.96 201.517957  64.451219 11.212
 42    29.464 53689.30642489 27.76 201.515087  64.454329 11.212
 43    30.443 53724.30634812 18.17 201.537059  64.450347  5.392
 43    30.419 53724.30634877 16.61 201.534189  64.453467  5.392
 43    30.388 53724.30634941 16.05 201.531329  64.456577  5.392
 43    30.134 53724.30635006 15.09 201.528459  64.459697  5.392
 44    29.867 53759.30628733 12.10 201.529153  64.436078  2.757
 44    29.828 53759.30628797 11.96 201.526283  64.439188  2.757
 44    29.682 53759.30628862 12.29 201.523419  64.442305  4.068
 44    29.709 53759.30628926 11.60 201.520549  64.445425  4.068
 44    29.524 53759.30628991 12.09 201.517679  64.448535  4.068
 44    29.272 53759.30629055 12.27 201.514809  64.451645  4.068
 44    29.035 53759.30629120 12.46 201.511939  64.454765  4.068
 45    29.017 53794.30630837 14.85 201.534177  64.445172  4.972
 45    28.478 53794.30630901 20.51 201.531317  64.448282  4.972
 45    28.355 53794.30630966 18.32 201.528447  64.451402  4.972
 45    29.382 53794.30631030 10.85 201.525577  64.454512  4.972
 45    30.101 53794.30631095  8.72 201.522707  64.457632  4.972
 46    29.715 53829.30628131  7.48 201.525264  64.432972  2.261
 46    29.357 53829.30628195  7.48 201.522394  64.436082  2.261
 46    26.765 53829.30628260 14.72 201.519533  64.439199  4.411
 46    27.633 53829.30628324 13.24 201.516663  64.442319  4.411
 46    27.304 53829.30628389 12.35 201.513793  64.445429  4.411
 46    27.951 53829.30628453 10.88 201.510923  64.448549  4.411
 46    27.339 53829.30628518 10.70 201.508053  64.451659  4.411
 47    29.201 53864.30636126 30.07 201.526307  64.432031 12.379
 47    29.198 53864.30636191 29.08 201.523437  64.435141 12.379
 47    29.510 53864.30636255 26.01 201.520577  64.438261 12.379
 47    30.062 53864.30636320 28.07 201.517707  64.441371 12.379
 47    29.963 53864.30636384 32.55 201.514844  64.444490 14.488
 47    30.057 53864.30636449 29.22 201.511974  64.447600 14.488
 47    29.412 53864.30636513 32.66 201.509104  64.450720 14.488
 48    32.569 53899.30638728 50.67 201.529182  64.436702 29.776
 48    32.602 53899.30638792 49.23 201.526310  64.439815 18.603
 48    32.609 53899.30638856 48.52 201.523450  64.442925 18.603
 48    32.647 53899.30638921 52.67 201.520580  64.446045 18.603
 48    32.725 53899.30638985 50.93 201.517710  64.449155 18.603
 48    32.628 53899.30639050 49.83 201.514840  64.452275 18.603
 49    31.352 53934.30643099 21.07 201.524801  64.434136 13.586
 49    31.683 53934.30643164 23.76 201.521941  64.437246 13.586
 49    32.003 53934.30643228 23.14 201.519071  64.440366 13.586
 49    32.318 53934.30643293 23.34 201.516212  64.443480  5.942
 49    32.637 53934.30643357 20.60 201.513342  64.446590  5.942
 49    32.531 53934.30643422 21.24 201.510472  64.449710  5.942
 49    32.757 53934.30643486 18.37 201.507602  64.452820  5.942
 50    30.852 53969.30640215 29.11 201.530051  64.439036 11.823
 50    31.140 53969.30640279 30.63 201.527191  64.442146 11.823
 50    31.408 53969.30640343 32.57 201.524321  64.445266 11.823
 50    31.847 53969.30640408 33.04 201.521457  64.448379 15.173
 50    32.122 53969.30640472 34.38 201.518587  64.451489 15.173
 50    32.191 53969.30640537 44.40 201.515717  64.454609 15.173
 51    31.322 54004.30637399 17.61 201.524902  64.430550 12.855
 51    31.299 54004.30637464 15.77 201.522042  64.433660 12.855
 51    31.095 54004.30637528 17.69 201.519172  64.436780 12.855
 51    31.066 54004.30637593 20.59 201.516302  64.439890 12.855
 51    31.187 54004.30637657 27.22 201.513442  64.443006 16.229
 51    31.122 54004.30637722 29.23 201.510572  64.446126 16.229
 51    31.127 54004.30637786 36.91 201.507702  64.449236 16.229
 52    29.839 54039.30640754 47.14 201.529939  64.436089 18.133
 52    29.796 54039.30640819 49.18 201.527069  64.439199 18.133
 52    29.880 54039.30640883 49.23 201.524199  64.442319 18.133
 52    29.841 54039.30640948 50.47 201.521339  64.445429 18.133
 52    29.758 54039.30641012 48.22 201.518464  64.448547 15.849
 52    29.618 54039.30641077 39.63 201.515604  64.451667 15.849
 52    29.788 54039.30641141 46.42 201.512734  64.454777 15.849
 53    29.428 54074.30640267 20.31 201.532846  64.440433  4.501
 53    29.457 54074.30640331 20.75 201.529976  64.443553  4.501
 53    29.538 54074.30640396 20.48 201.527116  64.446673  4.501
 53    29.368 54074.30640460 21.27 201.524242  64.449783  6.140
 53    29.158 54074.30640524 20.83 201.521382  64.452893  6.140
 53    28.907 54074.30640589 20.48 201.518512  64.456013  6.140
 54    29.570 54109.30634927 17.60 201.538065  64.447090  3.849
 54    29.578 54109.30634992 17.69 201.535206  64.450207  4.709
 54    29.563 54109.30635056 17.30 201.532336  64.453317  4.709
 54    29.503 54109.30635121 16.92 201.529476  64.456437  4.709
 54    29.386 54109.30635185 17.80 201.526606  64.459547  4.709
 55    28.893 54144.30633983 33.66 201.525607  64.435805  9.458
 55    28.516 54144.30634048 14.64 201.522747  64.438925  9.458
 55    28.675 54144.30634112 11.40 201.519877  64.442035  9.458
 55    28.966 54144.30634177 10.00 201.517012  64.445154  4.139
 55    28.868 54144.30634241  9.47 201.514142  64.448264  4.139
 55    28.563 54144.30634306  9.57 201.511272  64.451384  4.139
 57    28.806 54214.30634747 31.42 201.526653  64.435314 21.317
 57    28.974 54214.30634812 27.46 201.523793  64.438434 21.317
 57    29.572 54214.30634876 22.39 201.520923  64.441544 21.317
 57    29.865 54214.30634940 23.83 201.518053  64.444664 21.317
 57    29.918 54214.30635005 23.10 201.515193  64.447774 21.317
 57    29.062 54214.30635069 28.37 201.512323  64.450894 21.317
 58    31.291 54249.30637544 45.99 201.529136  64.435988 27.626
 58    31.058 54249.30637608 52.52 201.526276  64.439108 27.626
 58    31.092 54249.30637672 52.56 201.523406  64.442218 27.626
 58    31.231 54249.30637737 51.19 201.520536  64.445338 27.626
 58    31.186 54249.30637801 52.44 201.517676  64.448448 27.626
 58    31.128 54249.30637866 45.41 201.514806  64.451568 27.626
 58    30.884 54249.30637930 48.30 201.511936  64.454678 27.626
 59    31.875 54284.30638401 45.07 201.530594  64.441232 20.163
 59    31.959 54284.30638465 46.36 201.527734  64.444352 20.163
 59    31.825 54284.30638530 48.18 201.524864  64.447462 20.163
 59    31.940 54284.30638594 47.82 201.521994  64.450582 20.163
 59    32.029 54284.30638659 48.97 201.519134  64.453692 20.163
 60    31.741 54319.30638116 15.11 201.532603  64.440062  8.206
 60    31.720 54319.30638181 16.60 201.529733  64.443172  8.206
 60    31.918 54319.30638245 17.75 201.526873  64.446292  8.206
 60    32.055 54319.30638310 16.64 201.524003  64.449402  8.206
 60    32.131 54319.30638374 18.34 201.521133  64.452522  8.206
 60    32.149 54319.30638439 15.74 201.518263  64.455632  8.206
 61    31.306 54354.30634566 48.80 201.535024  64.446189 22.356
 61    31.366 54354.30634630 47.50 201.532164  64.449309 22.356
 61    31.422 54354.30634694 49.78 201.529294  64.452419 22.356
 61    31.292 54354.30634759 50.79 201.526424  64.455539 22.356
 61    31.385 54354.30634823 47.81 201.523564  64.458649 22.356
 62    30.127 54389.30632128 53.39 201.529623  64.439203 27.016
 62    30.064 54389.30632192 51.86 201.526753  64.442313 27.016
 62    30.058 54389.30632257 49.95 201.523893  64.445433 27.016
 62    30.087 54389.30632321 50.83 201.521023  64.448543 27.016
 62    30.066 54389.30632385 43.06 201.518153  64.451663 27.016
 62    30.176 54389.30632450 42.42 201.515293  64.454773 27.016
 63    29.305 54424.30629474 37.15 201.533133  64.442092 23.978
 63    29.481 54424.30629539 37.96 201.530263  64.445212 23.978
 63    29.447 54424.30629603 42.08 201.527393  64.448322 23.978
 63    29.439 54424.30629668 47.50 201.524533  64.451442 23.978
 63    29.305 54424.30629732 36.46 201.521663  64.454552 23.978
 63    29.234 54424.30629797 34.19 201.518793  64.457672 23.978
 64    30.410 54459.30629617  9.79 201.525125  64.435893  4.296
 64    29.319 54459.30629682 11.55 201.522255  64.439003  4.296
 64    28.977 54459.30629746 12.94 201.519395  64.442123  4.296
 64    28.859 54459.30629811 11.32 201.516525  64.445233  4.296
 64    28.688 54459.30629875 10.80 201.513655  64.448353  4.296
 64    28.512 54459.30629940 10.59 201.510785  64.451463  4.296
 65    30.450 54494.30629934  9.24 201.534568  64.441934  3.366
 65    29.368 54494.30629998  9.31 201.531708  64.445054  3.366
 65    28.998 54494.30630062  9.95 201.528838  64.448164  3.366
 65    29.359 54494.30630127  8.71 201.525978  64.451284  3.366
 65    29.340 54494.30630191  7.32 201.523108  64.454394  3.366
 65    29.714 54494.30630256  6.87 201.520238  64.457514  3.366
 66    30.192 54529.30630935  9.53 201.527435  64.438327  3.493
 66    28.124 54529.30631000 10.42 201.524565  64.441447  3.493
 66    27.979 54529.30631064 11.16 201.521705  64.444557  3.493
 66    27.712 54529.30631129 10.73 201.518835  64.447677  3.493
 66    27.754 54529.30631193  9.48 201.515965  64.450787  3.493
 66    27.831 54529.30631258  9.03 201.513095  64.453907  3.493
 67    28.223 54564.30630720 29.11 201.534498  64.446528 18.098
 67    28.164 54564.30630785 28.54 201.531638  64.449648 18.098
 67    27.774 54564.30630849 25.56 201.528768  64.452758 18.098
 67    27.402 54564.30630914 19.20 201.525908  64.455878 18.098
 67    26.706 54564.30630978 13.92 201.523038  64.458988 18.098
 68    34.677 54599.30630473 41.31 201.530690  64.436916 35.059
 68    34.332 54599.30630537 44.63 201.527820  64.440026 35.059
 68    34.400 54599.30630602 50.10 201.524960  64.443146 35.059
 68    34.457 54599.30630666 50.31 201.522090  64.446256 35.059
 68    34.404 54599.30630731 47.69 201.519220  64.449376 35.059
 68    34.332 54599.30630795 46.23 201.516350  64.452486 35.059
 68    34.263 54599.30630860 42.15 201.513490  64.455606 35.059
 69    31.133 54634.30631753 22.38 201.529263  64.438390 17.861
 69    31.605 54634.30631817 23.06 201.526393  64.441500 17.861
 69    32.208 54634.30631881 23.65 201.523533  64.444620 17.861
 69    32.468 54634.30631946 25.04 201.520663  64.447730 17.861
 69    32.563 54634.30632010 26.41 201.517793  64.450850 17.861
 69    32.626 54634.30632075 32.17 201.514923  64.453960 17.861
 70    31.126 54669.30632239 20.22 201.531435  64.439009 14.915
 70    31.566 54669.30632303 20.64 201.528565  64.442119 14.915
 70    32.151 54669.30632368 19.01 201.525705  64.445239 14.915
 70    32.302 54669.30632432 20.61 201.522835  64.448349 14.915
 70    32.553 54669.30632497 24.59 201.519965  64.451469 14.915
 70    32.824 54669.30632561 33.71 201.517105  64.454579 14.915
 71    32.157 54704.30628736 29.39 201.533818  64.446029 10.112
 71    32.226 54704.30628800 26.66 201.530948  64.449139 10.112
 71    32.030 54704.30628865 22.88 201.528078  64.452259 10.112
 71    32.070 54704.30628929 20.65 201.525218  64.455369 10.112
 71    32.305 54704.30628994 16.18 201.522348  64.458489 10.112
 72    31.411 54739.30628431 12.76 201.526978  64.435762 16.398
 72    30.861 54739.30628495 15.97 201.524108  64.438872 16.398
 72    30.939 54739.30628560 18.14 201.521238  64.441992 16.398
 72    31.173 54739.30628624 18.53 201.518378  64.445102 16.398
 72    31.183 54739.30628689 22.87 201.515508  64.448222 16.398
 72    30.989 54739.30628753 25.69 201.512638  64.451332 16.398
 73    30.448 54774.30626790 52.08 201.532975  64.443852 18.667
 73    30.397 54774.30626854 45.39 201.530105  64.446962 18.667
 73    30.374 54774.30626919 38.00 201.527235  64.450082 18.667
 73    30.598 54774.30626983 40.62 201.524375  64.453192 18.667
 73    30.150 54774.30627048 31.23 201.521505  64.456312 18.667
 74    31.371 54809.30627701 15.15 201.526608  64.431414  3.553
 74    30.348 54809.30627765 14.86 201.523748  64.434534  3.553
 74    30.264 54809.30627829 15.58 201.520878  64.437644  3.553
 74    30.236 54809.30627894 15.81 201.518008  64.440764  3.553
 74    30.071 54809.30627958 15.72 201.515148  64.443874  3.553
 74    29.922 54809.30628023 15.69 201.512278  64.446994  3.553
 74    29.740 54809.30628087 15.28 201.509408  64.450104  3.553
 75    29.930 54844.30626593 14.67 201.532931  64.441683  5.255
 75    29.891 54844.30626657 14.30 201.530061  64.444793  5.255
 75    29.860 54844.30626722 13.52 201.527201  64.447913  5.255
 75    29.876 54844.30626786 13.58 201.524331  64.451023  5.255
 75    29.670 54844.30626851 13.13 201.521461  64.454143  5.255
 75    29.488 54844.30626915 12.14 201.518591  64.457253  5.255
 76    30.850 54879.30628122  8.99 201.526961  64.436944  2.402
 76    30.364 54879.30628186  9.48 201.524101  64.440064  2.402
 76    30.436 54879.30628250  8.58 201.521231  64.443174  2.402
 76    32.180 54879.30628315  8.10 201.518361  64.446294  2.402
 76    31.553 54879.30628379  8.56 201.515501  64.449404  2.402
 76    30.396 54879.30628444  9.16 201.512631  64.452524  2.402
 77    29.105 54914.30627014  8.78 201.534396  64.443594  3.139
 77    28.660 54914.30627079 10.07 201.531526  64.446704  3.139
 77    31.265 54914.30627143  5.30 201.528666  64.449824  3.139
 77    29.984 54914.30627207  6.33 201.525796  64.452934  3.139
 77    31.388 54914.30627272  4.83 201.522926  64.456054  3.139
 78    28.836 54949.30627358 31.10 201.528117  64.435809 23.002
 78    28.874 54949.30627422 31.30 201.525247  64.438929 23.002
 78    28.897 54949.30627487 32.22 201.522377  64.442039 23.002
 78    28.869 54949.30627551 31.71 201.519517  64.445159 23.002
 78    28.772 54949.30627616 28.15 201.516647  64.448269 23.002
 78    28.943 54949.30627680 26.92 201.513777  64.451389 23.002
 78    28.932 54949.30627745 29.01 201.510907  64.454499 23.002
 79    33.848 54984.30629914 30.16 201.527261  64.438694 26.562
 79    33.660 54984.30629979 32.68 201.524401  64.441814 26.562
 79    33.930 54984.30630043 33.25 201.521531  64.444924 26.562
 79    34.123 54984.30630108 34.46 201.518661  64.448044 26.562
 79    34.164 54984.30630172 37.10 201.515801  64.451154 26.562
 79    34.176 54984.30630237 40.02 201.512931  64.454274 26.562
 80    33.069 55019.30629543 52.93 201.530392  64.441155 29.355
 80    33.035 55019.30629607 51.03 201.527522  64.444265 29.355
 80    33.027 55019.30629672 50.70 201.524662  64.447385 29.355
 80    32.997 55019.30629736 52.37 201.521792  64.450495 29.355
 80    33.119 55019.30629801 51.56 201.518922  64.453615 29.355
 80    32.987 55019.30629865 52.35 201.516052  64.456725 29.355
 81    31.214 55054.30629150 46.71 201.533576  64.440415 29.893
 81    31.178 55054.30629214 48.89 201.530706  64.443525 29.893
 81    31.325 55054.30629279 49.95 201.527846  64.446645 29.893
 81    31.227 55054.30629343 50.21 201.524976  64.449755 29.893
 81    31.286 55054.30629408 40.29 201.522106  64.452875 29.893
 81    31.245 55054.30629472 43.41 201.519236  64.455985 29.893
 82    31.449 55089.30625297 49.56 201.533855  64.445953 24.535
 82    31.581 55089.30625362 49.64 201.530985  64.449063 24.535
 82    31.559 55089.30625426 47.77 201.528125  64.452183 24.535
 82    31.481 55089.30625491 45.10 201.525255  64.455293 24.535
 82    31.521 55089.30625555 44.12 201.522385  64.458413 24.535
 83    30.016 55124.30622832 32.71 201.527432  64.438869 16.305
 83    29.916 55124.30622896 32.90 201.524572  64.441989 16.305
 83    29.830 55124.30622961 27.74 201.521702  64.445099 16.305
 83    30.022 55124.30623025 25.21 201.518832  64.448219 16.305
 83    30.059 55124.30623090 24.23 201.515962  64.451329 16.305
 83    29.939 55124.30623154 33.66 201.513102  64.454449 16.305
 84    29.532 55159.30621316 19.75 201.532907  64.442060  4.976
 84    29.599 55159.30621381 20.12 201.530047  64.445180  4.976
 84    29.561 55159.30621445 19.78 201.527177  64.448290  4.976
 84    29.431 55159.30621509 19.53 201.524307  64.451410  4.976
 84    29.322 55159.30621574 18.86 201.521447  64.454520  4.976
 84    29.323 55159.30621638 17.79 201.518577  64.457640  4.976
 85    31.340 55194.30621731 12.23 201.526923  64.432039  4.076
 85    30.425 55194.30621796 13.03 201.524063  64.435159  4.076
 85    29.753 55194.30621860 13.52 201.521193  64.438269  4.076
 85    29.658 55194.30621925 13.60 201.518323  64.441389  4.076
 85    29.593 55194.30621989 13.26 201.515463  64.444499  4.076
 85    29.643 55194.30622054 12.72 201.512593  64.447619  4.076
 85    29.668 55194.30622118 12.64 201.509723  64.450729  4.076
 86    30.093 55229.30621534 12.15 201.534987  64.442493  7.021
 86    28.603 55229.30621599 17.76 201.532117  64.445603  7.021
 86    28.504 55229.30621663 21.23 201.529257  64.448723  7.021
 86    28.263 55229.30621728 21.34 201.526387  64.451833  7.021
 86    28.805 55229.30621792 14.93 201.523517  64.454953  7.021
 86    28.914 55229.30621857 12.08 201.520657  64.458063  7.021
 87    30.550 55264.30621358 11.76 201.529318  64.438611  3.193
 87    29.736 55264.30621423 11.54 201.526458  64.441731  3.193
 87    28.835 55264.30621487 13.47 201.523588  64.444841  3.193
 87    28.818 55264.30621552 13.16 201.520718  64.447961  3.193
 87    29.323 55264.30621616 12.02 201.517858  64.451071  3.193
 87    28.645 55264.30621681 12.13 201.514988  64.454191  3.193
 88    28.412 55299.30619900 26.20 201.534612  64.445410 10.582
 88    28.433 55299.30619965 22.71 201.531742  64.448520 10.582
 88    28.115 55299.30620029 17.48 201.528882  64.451640 10.582
 88    27.725 55299.30620094 18.88 201.526012  64.454750 10.582
 88    27.037 55299.30620158 21.15 201.523142  64.457870 10.582
 89    35.251 55334.30619152 32.23 201.531047  64.439909 23.485
 89    34.995 55334.30619216 25.53 201.528177  64.443019 23.485
 89    31.772 55334.30619281 24.48 201.525307  64.446139 23.485
 89    32.071 55334.30619345 26.21 201.522447  64.449249 23.485
 89    32.088 55334.30619409 31.56 201.519577  64.452369 23.485
 89    32.163 55334.30619474 39.74 201.516707  64.455479 23.485
 90    31.845 55369.30618269 47.21 201.531965  64.441011 25.505
 90    31.853 55369.30618334 51.72 201.529095  64.444121 25.505
 90    31.952 55369.30618398 48.32 201.526235  64.447241 25.505
 90    31.998 55369.30618463 51.58 201.523365  64.450351 25.505
 90    31.822 55369.30618527 50.71 201.520495  64.453471 25.505
 90    31.924 55369.30618592 46.36 201.517625  64.456581 25.505
 91    32.430 55404.30619912 54.18 201.526540  64.437188 28.143
 91    32.337 55404.30619976 48.17 201.523670  64.440298 28.143
 91    32.346 55404.30620041 50.92 201.520800  64.443418 28.143
 91    32.377 55404.30620105 52.17 201.517940  64.446528 28.143
 91    32.495 55404.30620169 50.89 201.515070  64.449648 28.143
 91    32.447 55404.30620234 49.49 201.512200  64.452758 28.143
 92    32.881 55439.30620119 44.09 201.533922  64.441661 20.657
 92    32.781 55439.30620183 46.42 201.531052  64.444771 20.657
 92    32.855 55439.30620248 49.26 201.528192  64.447891 20.657
 92    32.798 55439.30620312 50.75 201.525322  64.451001 20.657
 92    32.973 55439.30620377 49.87 201.522452  64.454121 20.657
 92    32.879 55439.30620441 49.72 201.519582  64.457231 20.657
 93    30.190 55474.30614813 51.86 201.536371  64.446376 27.972
 93    30.238 55474.30614878 51.98 201.533511  64.449496 27.972
 93    30.295 55474.30614942 51.26 201.530641  64.452606 27.972
 93    30.352 55474.30615007 53.09 201.527771  64.455726 27.972
 93    30.364 55474.30615071 49.18 201.524911  64.458836 27.972
