# NaN NaN NaN ;Mean Elev.(m), Avg Gradient(m/km), RMS Gradient(m/km) - SRTM1     
#   95.414 -12.222  21.506 ;Mean Elev.(m), Avg Gradient(m/km), RMS Gradient(m/km) - ASTER GDEM
#   93.141 -11.563  17.442 ;Mean Elev.(m), Avg Gradient(m/km), RMS Gradient(m/km) - GMTED2010 
  6    94.266 52440.27477569 33.67 211.370041  66.121353 24.992
  6    94.321 52440.27477634 40.86 211.366821  66.124443 24.992
  7    93.799 52475.27477242 33.99 211.379088  66.117423 27.624
  7    93.311 52475.27477307 30.43 211.375868  66.120503 27.624
  7    91.758 52475.27477371 22.56 211.372648  66.123593 27.624
  8    93.778 52510.27472990 49.81 211.395572  66.118220 37.361
  8    93.574 52510.27473055 55.07 211.392352  66.121310 37.361
  9    93.416 52545.27473973 45.08 211.379161  66.113926 20.951
  9    93.349 52545.27474102 46.06 211.372711  66.120096 20.951
  9    93.673 52545.27474166 44.15 211.369481  66.123186 20.951
 10    91.170 52580.27477034 36.98 211.381119  66.115259 17.914
 10    91.283 52580.27477098 43.15 211.377889  66.118349 17.914
 10    91.255 52580.27477163 51.73 211.374669  66.121429 17.914
 10    91.266 52580.27477227 50.94 211.371449  66.124519 17.914
 11    91.795 52615.27473901 19.08 211.390540  66.118286  7.859
 11    91.564 52615.27473965 23.29 211.387320  66.121376  7.859
 12    91.532 52650.27471728 15.09 211.384635  66.115879  4.992
 12    91.421 52650.27471792 15.69 211.381405  66.118969  4.992
 12    91.272 52650.27471857 16.82 211.378185  66.122059  4.992
 12    91.115 52650.27471921 18.75 211.374965  66.125139  4.992
 13    93.021 52685.27470339 13.39 211.395466  66.118804  2.751
 13    92.161 52685.27470404 12.96 211.392246  66.121884  2.751
 14    92.537 52720.27475487 10.94 211.381508  66.116682  2.203
 14    93.058 52720.27475551 10.81 211.378288  66.119772  2.203
 14    92.448 52720.27475616 11.43 211.375068  66.122852  2.203
 14    93.838 52720.27475680 11.11 211.371838  66.125942  2.203
 15    90.800 52755.27477836 16.39 211.384636  66.114331 14.443
 15    90.379 52755.27477900 24.29 211.381416  66.117421 14.443
 15    90.185 52755.27477965 28.21 211.378196  66.120511 14.443
 15    89.965 52755.27478029 28.09 211.374976  66.123591 14.443
 15    90.799 52755.27478094 20.54 211.371756  66.126681 14.443
 17    93.264 52825.27479794 46.71 211.373563  66.119410 28.738
 17    93.245 52825.27479859 44.64 211.370343  66.122490 28.738
 18    92.230 52860.27484267 50.24 211.381905  66.114425 27.761
 18    92.222 52860.27484332 49.20 211.378685  66.117505 27.761
 18    92.190 52860.27484396 52.37 211.375455  66.120595 27.761
 18    92.213 52860.27484461 50.35 211.372235  66.123675 27.761
 19   113.364 52895.27487529 33.54 211.377078  66.124544  9.268
 19   101.894 52895.27487594 38.85 211.373858  66.127634  9.268
 20    92.724 52930.27482200 39.88 211.398399  66.115883 27.978
 20    92.685 52930.27482265 46.66 211.395179  66.118973 27.978
 20    92.682 52930.27482329 45.90 211.391959  66.122063 27.978
 21    91.804 52965.27481512 20.76 211.371025  66.120822  9.837
 21    91.744 52965.27481576 21.05 211.367805  66.123912  9.837
 22    92.083 53000.27484769 17.58 211.381821  66.114920  9.428
 22    91.921 53000.27484833 17.80 211.378601  66.118000  9.428
 22    91.917 53000.27484897 18.95 211.375381  66.121090  9.428
 22    91.963 53000.27484962 18.88 211.372151  66.124170  9.428
 23    93.126 53035.27479709 13.18 211.395313  66.116755  5.086
 23    91.897 53035.27479773 13.23 211.392093  66.119845  5.086
 23    91.332 53035.27479838 11.88 211.388873  66.122935  5.086
 24    91.584 53070.27481629 10.39 211.384736  66.115589  2.565
 24    90.855 53070.27481694 10.68 211.381516  66.118679  2.565
 24    95.402 53070.27481758  9.51 211.378286  66.121769  2.565
 24    95.796 53070.27481823  8.89 211.375066  66.124849  2.565
 24    96.438 53070.27481887  8.93 211.371846  66.127939  2.565
 26    96.282 53140.27482264 42.43 211.381296  66.114480 22.070
 26    96.389 53140.27482328 38.15 211.378066  66.117570 22.070
 26    95.668 53140.27482393 44.99 211.374846  66.120650 22.070
 26    96.415 53140.27482457 41.50 211.371626  66.123740 22.070
 28    96.403 53210.27487472 41.49 211.385001  66.117039 25.044
 28    92.897 53210.27487537 44.96 211.381781  66.120129 25.044
 28    93.384 53210.27487601 34.66 211.378561  66.123209 25.044
 28    92.764 53210.27487666 27.23 211.375341  66.126299 25.044
 29    92.510 53245.27484259 44.01 211.392242  66.117815 33.164
 29    91.723 53245.27484323 43.68 211.389022  66.120905 33.164
 31    90.370 53315.27484200 16.42 211.383379  66.115241 10.379
 31    90.323 53315.27484264 19.19 211.380159  66.118331 10.379
 31    89.987 53315.27484329 25.02 211.376929  66.121421 10.379
 31    90.026 53315.27484393 23.64 211.373709  66.124501 10.379
 32    92.612 53350.27480771 14.71 211.393879  66.116993 10.856
 32    92.241 53350.27480836 15.42 211.390659  66.120083 10.856
 32    92.562 53350.27480900 15.52 211.387439  66.123173 10.856
 34    92.711 53420.27479245  7.69 211.393568  66.117049  5.532
 34    92.744 53420.27479310  7.34 211.390348  66.120139  5.532
 34    92.025 53420.27479374  7.16 211.387118  66.123229  5.532
 36    89.832 53490.27488455 35.72 211.371619  66.119825 15.438
 36    89.843 53490.27488519 32.89 211.368399  66.122915 15.438
 37   100.269 53525.27486804 34.47 211.388600  66.116359 20.888
 37    98.117 53525.27486868 28.61 211.385380  66.119449 20.888
 37    96.587 53525.27486933 33.80 211.382160  66.122529 20.888
 38    93.154 53560.27489640 42.20 211.379358  66.119736 21.951
 38    93.198 53560.27489704 42.69 211.376138  66.122816 21.951
 38    93.220 53560.27489768 47.04 211.372918  66.125906 21.951
 41    93.521 53665.27485094 32.82 211.379435  66.116773 17.859
 41    92.957 53665.27485158 43.83 211.376215  66.119863 17.859
 41    92.452 53665.27485223 46.67 211.372995  66.122943 17.859
 41    91.985 53665.27485287 45.89 211.369765  66.126033 17.859
 42    91.303 53700.27480492 23.26 211.393119  66.117434  5.170
 42    91.136 53700.27480556 23.26 211.389899  66.120524  5.170
 44    91.530 53770.27471556 14.32 211.386484  66.116814  3.231
 44    91.320 53770.27471620 13.57 211.383264  66.119894  3.231
 44    90.761 53770.27471685 14.28 211.380034  66.122984  3.231
 49    92.666 53945.27484322 50.41 211.378707  66.116936 19.670
 49    92.458 53945.27484386 52.08 211.375487  66.120026 19.670
 49    92.280 53945.27484451 43.52 211.372267  66.123106 19.670
 49    92.147 53945.27484515 43.33 211.369047  66.126196 19.670
 57    92.968 54225.27477118 27.71 211.382658  66.114905 11.672
 57    92.573 54225.27477183 29.96 211.379428  66.117985 11.672
 57    92.616 54225.27477247 29.78 211.376208  66.121075 11.672
 57    92.598 54225.27477312 28.40 211.372986  66.124164 23.940
 58    95.908 54260.27479147 44.82 211.387281  66.114776 14.577
 58    96.114 54260.27479212 46.85 211.384051  66.117866 14.577
 58    95.574 54260.27479276 47.18 211.380831  66.120946 14.577
 58    95.831 54260.27479340 44.02 211.377611  66.124036 14.577
 58    96.085 54260.27479405 45.34 211.374383  66.127127 34.726
 59    95.860 54295.27479543 39.35 211.387314  66.116349 21.672
 59    95.114 54295.27479608 44.58 211.384094  66.119429 21.672
 59    94.797 54295.27479672 46.71 211.380864  66.122519 21.672
 62    93.190 54400.27472955 34.40 211.387754  66.116080 13.562
 62    93.321 54400.27473020 40.68 211.384534  66.119170 13.562
 62    94.347 54400.27473084 42.31 211.381312  66.122260 14.685
 63    94.014 54435.27468697 19.06 211.396962  66.117337  8.634
 63    91.514 54435.27468761 29.14 211.393742  66.120417  8.634
 64    93.132 54470.27471356 12.66 211.380444  66.116673  8.617
 64    92.551 54470.27471421 21.62 211.377224  66.119763  8.617
 64    93.475 54470.27471485 19.75 211.373997  66.122850  5.598
 64    93.911 54470.27471549 18.34 211.370777  66.125930  5.598
 65    94.522 54505.27470061  9.41 211.398003  66.116678  4.704
 65    93.589 54505.27470126  9.27 211.394783  66.119758  4.704
 65    92.852 54505.27470190 11.75 211.391563  66.122848  4.704
 66    96.992 54540.27472803  7.18 211.390142  66.115167  4.663
 66    93.546 54540.27472868  7.58 211.386922  66.118257  4.663
 66    92.380 54540.27472932  7.36 211.383702  66.121347  4.663
 66    92.511 54540.27472997  7.38 211.380472  66.124427  4.663
 69    95.076 54645.27472775 28.92 211.389273  66.114604 14.532
 69    93.968 54645.27472904 23.05 211.382833  66.120774 14.532
 69    92.931 54645.27472968 19.41 211.379603  66.123864 14.532
 70    95.412 54680.27472939 40.34 211.388638  66.115893 24.007
 70    97.259 54680.27473004 37.04 211.385418  66.118973 24.007
 72    92.877 54750.27470003 41.33 211.381536  66.115571 17.960
 72    94.350 54750.27470068 43.53 211.378316  66.118661 17.960
 72    95.574 54750.27470132 37.25 211.375086  66.121751 17.960
 72    94.598 54750.27470197 41.18 211.371866  66.124831 17.960
 73    94.508 54785.27466856 24.53 211.394434  66.117231 13.749
 73    94.466 54785.27466920 24.06 211.391214  66.120311 13.749
 74    92.041 54820.27469335 10.68 211.380693  66.116900  2.632
 74    91.842 54820.27469399 10.76 211.377473  66.119990  2.632
 74    91.733 54820.27469464 10.89 211.374243  66.123070  2.632
 74    91.713 54820.27469528 11.24 211.371023  66.126160  2.632
 75    93.697 54855.27466487  9.59 211.395438  66.115903  4.187
 75    93.179 54855.27466551 10.73 211.392218  66.118993  4.187
 75    91.899 54855.27466616  9.89 211.388998  66.122073  4.187
 76    92.667 54890.27469720  8.43 211.386544  66.116679  4.320
 76    91.873 54890.27469784  9.09 211.383324  66.119769  4.320
 76    91.828 54890.27469849  8.83 211.380104  66.122859  4.320
 78    98.039 54960.27469530 44.83 211.382149  66.114870 18.787
 78    97.532 54960.27469595 41.33 211.378929  66.117960 18.787
 78    96.400 54960.27469659 34.96 211.375699  66.121050 18.787
 78    96.205 54960.27469723 31.55 211.372479  66.124130 18.787
 79    96.002 54995.27471697 46.07 211.385783  66.115820 21.545
 79    96.495 54995.27471761 47.06 211.382563  66.118910 21.545
 79    96.841 54995.27471826 45.29 211.379343  66.122000 21.545
 79    96.470 54995.27471890 45.96 211.376113  66.125080 21.545
 79    96.082 54995.27471954 47.85 211.372893  66.128170 21.545
 80    92.569 55030.27470679 46.37 211.388520  66.116466 26.463
 80    92.374 55030.27470744 52.34 211.385300  66.119556 26.463
 80    92.368 55030.27470808 52.48 211.382080  66.122646 26.463
 81    91.824 55065.27469762 50.07 211.391251  66.117580 36.452
 81    91.505 55065.27469826 51.17 211.388031  66.120660 36.452
 83    92.674 55135.27464243 31.38 211.383040  66.115799 17.700
 83    92.757 55135.27464308 39.01 211.379820  66.118889 17.700
 83    92.681 55135.27464372 43.47 211.376590  66.121969 17.700
 83    94.841 55135.27464437 41.00 211.373370  66.125059 17.700
 84    93.391 55170.27460583 16.36 211.396706  66.117392  7.823
 84    92.186 55170.27460647 16.08 211.393486  66.120472  7.823
 85    92.347 55205.27463581 10.66 211.382143  66.115874  4.881
 85    91.750 55205.27463645 10.78 211.378923  66.118964  4.881
 85    92.382 55205.27463710 12.00 211.375693  66.122054  4.881
 85    92.259 55205.27463774 11.62 211.372473  66.125134  4.881
 86    93.846 55240.27461194  9.64 211.397342  66.116954  4.424
 86    92.502 55240.27461259  9.45 211.394122  66.120044  4.424
 87    91.541 55275.27462948 11.55 211.390799  66.115802  3.793
 87    91.261 55275.27463013 10.56 211.387579  66.118892  3.793
 87    90.969 55275.27463077  9.35 211.384359  66.121982  3.793
 89    95.175 55345.27459812 35.35 211.390963  66.114650 18.875
 89    94.320 55345.27459876 42.08 211.387743  66.117740 18.875
 89    95.304 55345.27459941 47.29 211.384522  66.120823 28.562
 89    94.522 55345.27460005 43.81 211.381292  66.123913 28.562
 91    93.314 55415.27461988 14.76 211.373139  66.123641  8.569
 91    93.373 55415.27462052 13.94 211.369919  66.126731  8.569
