-129525.740   318.813     0.00   51.49
-129156.554   301.984   -45.59   51.95
-128787.434   292.910   -24.58   45.67
-128418.380   295.730     7.64   53.79
-128049.392   315.209    52.80   60.61
-127680.470   359.067   118.89   67.20
-127311.614   390.916    86.36   68.34
-126942.825   402.172    30.52   64.79
-126574.101   383.428   -50.84   73.33
-126205.443   339.151  -120.12   85.97
-125836.851   295.678  -117.96   67.65
-125468.325   268.766   -73.03   37.42
-125099.865   278.416    26.19   46.57
-124731.471   314.537    98.06   55.40
-124363.142   337.226    61.61   45.99
-123994.880   344.113    18.70   41.96
-123626.682   346.892     7.55   45.67
-123258.551   345.468    -3.87   49.12
-122890.485   343.605    -5.06   50.87
-122522.485   355.724    32.94   51.52
-122154.550   349.916   -15.79   60.89
-121786.681   338.596   -30.78   59.45
-121418.877   331.678   -18.81   59.84
-121051.139   327.596   -11.10   45.60
-120683.466   337.139    25.96   44.15
-120315.859   359.124    59.81   49.90
-119948.317   372.809    37.24   49.87
-119580.840   379.935    19.39   48.86
-119213.429   369.142   -29.38   52.07
-118846.083   358.750   -28.29   48.48
-118478.802   358.819     0.19   49.55
-118111.586   375.139    44.45   56.28
-117744.435   375.219     0.22   58.37
-117377.350   358.892   -44.48   62.26
-117010.329   337.587   -58.05   52.80
-116643.374   322.946   -39.90   47.36
-116276.483   317.504   -14.83   48.38
-115909.658   309.787   -21.04   53.53
-115542.897   287.762   -60.06   49.90
-115163.103   260.757   -71.11   46.35
-114782.918   250.318   -27.46   45.47
-114402.804   258.256    20.89   53.97
-114022.761   264.587    16.66   61.03
-113642.787   270.855    16.50   57.32
-113262.884   262.404   -22.25   51.89
-112883.052   253.633   -23.09   41.72
-112503.289   248.148   -14.44   41.00
-112123.597   249.341     3.14   47.68
-111743.975   239.184   -26.76   51.56
-111364.423   221.318   -47.08   50.36
-110984.942   198.868   -59.16   40.55
-110605.530   185.183   -36.07   26.65
-110226.188   186.216     2.73   20.48
-109846.917   195.019    23.21   22.14
-109467.715   210.294    40.29   24.70
-109088.583   223.404    34.58   24.95
-108709.521   232.616    24.31   25.41
-108330.529   235.038     6.39   27.72
-107951.606   223.819   -29.61   32.91
-107572.754   209.947   -36.62   31.18
-107193.971   217.416    19.72   35.43
-106815.257   229.453    31.79   37.57
-106436.614   240.221    28.44   39.42
-106058.040   244.989    12.60   43.68
-105679.535   247.929     7.77   47.44
-105301.100   253.833    15.60   44.59
-104922.734   250.169    -9.68   40.32
-104544.438   237.343   -33.91   43.35
-104166.212   210.845   -70.07   41.53
-103788.054   184.205   -70.45   29.22
-103409.966   177.839   -16.84   28.00
-103031.948   179.441     4.24   36.64
-102653.998   198.442    50.28   47.72
-102276.118   235.075    96.95   54.00
-101898.307   248.490    35.51   49.46
-101520.565   247.466    -2.71   47.45
-101142.892   226.782   -54.77   51.93
-100765.288   193.099   -89.21   46.81
-100387.753   167.233   -68.52   34.01
-100010.287   157.648   -25.40   25.12
 -99632.891   159.929     6.04   27.63
 -99255.563   163.575     9.66   27.73
 -98878.303   165.977     6.37   27.50
 -98501.113   162.526    -9.15   30.82
 -98123.992   162.157    -0.98   33.37
 -97746.939   166.243    10.84   34.22
 -97369.955   178.381    32.20   29.85
 -96993.040   192.754    38.14   27.29
 -96616.193   201.898    24.27   24.10
 -96239.415   208.572    17.72   20.45
 -95862.705   208.428    -0.38   26.46
 -95486.064   207.611    -2.17   31.07
 -95109.492   209.163     4.12   32.30
 -94732.988   209.698     1.42   30.60
 -94356.552   215.793    16.19   36.99
 -93980.185   223.737    21.11   38.94
 -93603.886   231.746    21.28   36.23
 -93227.656   227.581   -11.07   37.75
 -92851.493   217.284   -27.38   42.77
 -92475.399   193.138   -64.21   41.45
 -92099.373   172.154   -55.81   41.20
 -91723.416   156.075   -42.77   35.02
 -91347.526   149.067   -18.64   23.50
 -90971.705   146.794    -6.05   23.47
 -90595.951   145.026    -4.71   30.20
 -90220.266   144.575    -1.20   30.64
 -89844.648   134.392   -27.11   29.18
 -89469.099   129.697   -12.50   33.82
 -89093.617   126.441    -8.67   36.66
 -88718.203   114.785   -31.05   35.53
 -88342.857   101.648   -35.00   29.88
 -87967.579    91.904   -25.97   25.08
 -87592.369    83.796   -21.61   19.58
 -87217.226    78.357   -14.50   14.47
 -86842.151    73.229   -13.67   11.26
 -86467.144    70.651    -6.87   10.80
 -86092.204    71.527     2.34   10.72
 -85717.332    76.797    14.06   11.99
 -85342.527    81.841    13.46   10.04
 -84967.790    85.191     8.94    7.09
 -84593.120    83.467    -4.60    7.44
 -84218.518    78.964   -12.02    9.25
 -83843.983    78.416    -1.46   12.39
 -83469.515    76.648    -4.72   14.87
 -83095.115    74.301    -6.27   14.69
 -82720.782    68.910   -14.40   13.91
 -82346.516    63.160   -15.37   12.13
 -81972.318    59.515    -9.74   11.43
 -81598.187    56.429    -8.25    9.22
 -81224.122    54.685    -4.66    9.94
 -80850.125    54.827     0.38   10.62
 -80476.195    53.685    -3.05   10.35
 -80102.332    49.993    -9.87    9.80
 -79728.536    47.160    -7.58   10.51
 -79354.807    45.121    -5.46   13.43
 -78981.145    46.166     2.80   18.51
 -78607.549    46.442     0.74   19.26
 -78234.021    44.021    -6.48   14.76
 -77860.559    42.529    -4.00   10.05
 -77487.164    43.166     1.71   10.86
 -77113.836    44.329     3.11   11.86
 -76740.575    45.268     2.52   13.41
 -76367.380    46.775     4.04   13.94
 -75994.252    47.989     3.25   13.41
 -75621.190    51.315     8.91   16.35
 -75248.195    54.742     9.19   19.54
 -74875.267    56.163     3.81   18.49
 -74502.405    61.243    13.63   22.81
 -74129.609    69.378    21.82   28.92
 -73756.880    72.904     9.46   29.42
 -73384.217    78.108    13.96   27.74
 -73011.621    78.891     2.10   24.14
 -72639.091    79.305     1.11   22.35
 -72266.627    83.477    11.20   22.25
 -71894.229    79.879    -9.66   22.09
 -71521.898    77.182    -7.24   20.27
 -71149.633    77.391     0.56   21.01
 -70777.434    79.187     4.83   22.39
 -70405.301    81.252     5.55   22.08
 -70033.234    74.681   -17.66   19.45
 -69661.233    70.241   -11.94   18.77
 -69289.298    64.626   -15.10   17.67
 -68917.429    58.062   -17.65   12.03
 -68545.626    56.236    -4.91   11.08
 -68173.889    56.256     0.05   12.78
 -67802.217    53.404    -7.67   12.04
 -67430.612    50.392    -8.11    9.90
 -67059.072    48.404    -5.35    7.19
 -66687.598    47.176    -3.31    6.23
 -66316.190    45.688    -4.01    6.00
 -65944.847    44.315    -3.70    5.50
 -65573.570    43.515    -2.15    5.92
 -65202.359    42.948    -1.53    8.46
 -64831.213    43.404     1.23   10.69
 -64460.133    44.160     2.04   12.30
 -64089.118    46.750     6.98   14.14
 -63718.169    51.556    12.96   15.59
 -63347.285    56.345    12.91   15.00
 -62976.466    57.591     3.36   11.69
 -62605.713    54.713    -7.76    9.94
 -62235.026    51.583    -8.44    7.67
 -61864.403    51.750     0.45    6.20
 -61493.846    55.006     8.79    6.32
 -61123.354    58.648     9.83    5.83
 -60752.927    63.429    12.91    6.88
 -60382.565    69.819    17.25   10.87
 -60012.269    76.494    18.03   11.77
 -59642.037    86.819    27.89   14.01
 -59271.871   100.819    37.82   20.53
 -58901.769   114.294    36.41   24.64
 -58531.733   122.811    23.02   21.33
 -58161.761   125.995     8.61   23.28
 -57791.855   119.559   -17.40   25.21
 -57422.013   100.880   -50.51   23.71
 -57052.236    91.679   -24.88   22.64
 -56682.524    83.233   -22.85   19.71
 -56312.877    78.378   -13.14   14.66
 -55943.294    88.624    27.72   22.64
 -55573.777    94.878    16.93   21.81
 -55204.323    93.479    -3.79   21.51
 -54834.935    82.916   -28.60   23.44
 -54465.611    67.773   -41.00   13.23
 -54096.352    61.568   -16.81    7.50
 -53727.157    65.811    11.49   14.62
 -53358.027    69.504    10.00   18.30
 -52988.961    68.330    -3.18   19.67
 -52619.959    61.176   -19.39   19.39
 -52251.022    51.880   -25.20   13.53
 -51882.150    45.554   -17.15    6.54
 -51513.341    42.954    -7.05    7.33
 -51144.597    40.636    -6.29    8.62
 -50775.918    38.169    -6.69    8.21
 -50407.302    36.258    -5.19    7.70
 -50038.751    35.720    -1.46    7.21
 -49670.264    35.316    -1.10    8.49
 -49301.841    33.466    -5.02   12.56
 -48933.482    30.108    -9.12   13.81
 -48565.187    25.404   -12.77   11.20
 -48196.956    20.935   -12.14    6.10
 -47828.789    20.801    -0.36    7.20
 -47460.686    22.095     3.52   10.50
 -47092.647    21.125    -2.64    8.77
 -46724.672    19.989    -3.09    6.40
 -46356.761    20.561     1.55    8.55
 -45988.914    20.721     0.44    9.37
 -45621.130    21.219     1.35   12.80
 -45253.410    26.910    15.48   24.22
 -44885.754    35.679    23.85   34.80
 -44518.162    42.087    17.43   38.15
 -44150.633    46.324    11.53   34.72
 -43783.168    58.611    33.44   41.81
 -43415.766    70.328    31.89   50.85
 -43048.428    83.355    35.47   51.92
 -42681.154    84.530     3.20   50.74
 -42313.943    74.066   -28.50   45.40
 -41946.796    57.466   -45.22   29.48
 -41579.712    47.206   -27.95   23.64
 -41212.691    43.636    -9.73   26.24
 -40845.734    34.169   -25.80   21.12
 -40469.234    24.682   -25.20   12.62
 -40089.193    22.111    -6.76   12.48
 -39709.219    21.885    -0.60   15.84
 -39329.315    22.934     2.76   18.28
 -38949.478    23.801     2.28   21.75
 -38569.711    23.391    -1.08   23.67
 -38190.011    23.114    -0.73   23.51
 -37810.380    21.319    -4.73   19.44
 -37430.818    19.288    -5.35   12.26
 -37051.323    19.441     0.40    9.03
 -36671.897    21.771     6.14    9.34
 -36292.539    22.330     1.47   10.94
 -35913.250    22.058    -0.72   14.14
 -35534.028    22.799     1.95   17.12
 -35154.875    23.577     2.05   18.32
 -34775.790    25.429     4.89   21.77
 -34396.773    33.404    21.04   27.89
 -34017.824    38.682    13.93   29.12
 -33638.943    52.770    37.18   31.85
 -33260.129    71.969    50.68   32.28
 -32881.384    84.058    31.92   28.05
 -32502.707    89.679    14.84   21.21
 -32124.097    83.034   -17.55   23.68
 -31745.555    71.170   -31.34   22.04
 -31367.081    61.441   -25.71   20.36
 -30988.675    48.986   -32.91   23.33
 -30610.336    36.366   -33.36   21.89
 -30232.065    24.854   -30.44   12.47
 -29853.862    20.935   -10.36    6.48
 -29475.726    24.169     8.55    8.87
 -29097.658    28.154    10.54   11.24
 -28719.658    32.716    12.07   17.56
 -28341.724    36.206     9.23   21.44
 -27963.859    41.429    13.82   26.16
 -27586.060    41.961     1.41   28.69
 -27208.329    44.477     6.66   30.39
 -26830.665    47.364     7.64   30.83
 -26453.069    53.046    15.05   31.51
 -26075.540    57.995    13.11   30.26
 -25698.078    57.513    -1.28   28.00
 -25320.683    54.173    -8.85   26.43
 -24943.356    42.441   -31.09   25.58
 -24566.095    32.286   -26.92   20.73
 -24188.902    29.453    -7.51   17.11
 -23811.775    28.113    -3.56   15.98
 -23434.716    33.721    14.88   19.14
 -23057.724    44.179    27.74   21.55
 -22680.798    54.163    26.49   21.66
 -22303.939    65.961    31.31   18.40
 -21927.148    71.453    14.58   19.18
 -21550.423    77.379    15.73   22.23
 -21173.765    80.354     7.90   22.02
 -20797.173    81.341     2.62   22.38
 -20420.649    80.442    -2.39   22.84
 -20044.191    78.688    -4.66   21.91
 -19667.800    73.338   -14.21   24.15
 -19291.475    66.601   -17.90   27.35
 -18915.217    61.133   -14.54   29.35
 -18539.025    59.611    -4.04   30.87
 -18162.900    63.268     9.72   29.09
 -17786.842    67.021     9.98   22.68
 -17410.849    66.061    -2.55   16.43
 -17034.924    58.709   -19.56   17.85
 -16659.064    51.157   -20.09   16.22
 -16283.271    46.204   -13.18   14.19
 -15907.544    44.570    -4.35   12.80
 -15531.884    46.197     4.33   12.58
 -15156.290    44.619    -4.20   13.89
 -14780.761    42.879    -4.63   13.15
 -14405.300    39.852    -8.06   13.60
 -14029.904    32.834   -18.70   16.75
 -13654.574    20.787   -32.10   18.21
 -13279.310     9.836   -29.18   13.32
 -12904.112     2.861   -18.59    2.04
 -12528.981     2.660    -0.54    0.91
 -12153.915     3.204     1.45    0.54
 -11778.915     3.416     0.57    0.00
 -11403.981     3.416     0.00    0.00
 -11029.113     3.416     0.00    0.00
 -10654.311     3.416     0.00    0.00
 -10279.574     3.416     0.00    0.00
  -9904.903     3.416     0.00    0.00
  -9530.298     3.416     0.00    0.00
  -9155.759     3.416     0.00    0.00
  -8781.285     3.416     0.00    0.00
  -8406.876     3.246    -0.46    0.38
  -8032.534     3.008    -0.63    0.49
  -7658.256     2.848    -0.43    0.50
  -7284.045     2.877     0.08    0.50
  -6909.899     3.079     0.54    0.48
  -6535.818     3.324     0.66    0.29
  -6161.802     3.416     0.25    0.00
  -5787.852     3.416     0.00    0.00
  -5413.967     3.416     0.00    0.00
  -5040.148     3.416     0.00    0.00
  -4666.394     3.416     0.00    0.00
  -4292.705     3.416     0.00    0.00
  -3919.081     3.416     0.00    0.00
  -3545.522     3.416     0.00    0.00
  -3172.029     3.416     0.00    0.00
  -2798.600     3.416     0.00    0.00
  -2425.237     3.268    -0.40    0.57
  -2051.938     2.839    -1.15    1.10
  -1678.705     2.079    -2.04    1.61
  -1305.536     1.113    -2.59    1.70
   -932.433     0.416    -1.87    1.45
   -559.394    -0.255    -1.80    0.83
   -186.420    -0.287    -0.09    0.60
    186.489     0.543     2.23    1.42
    559.333     1.516     2.61    1.63
    932.113     2.669     3.09    1.17
   1304.828     3.256     1.57    0.54
   1677.478     3.416     0.43    0.00
   2050.064     3.416     0.00    0.00
   2422.585     3.416     0.00    0.00
   2795.041     3.416     0.00    0.00
   3167.433     3.416     0.00    0.00
   3539.760     3.416     0.00    0.00
   3912.023     3.416     0.00    0.00
   4284.222     3.416     0.00    0.00
   4656.356     3.545     0.34    0.49
   5028.425     3.637     0.25    0.75
   5400.431     3.948     0.84    1.16
   5772.372     4.666     1.93    1.51
   6144.249     5.416     2.02    1.42
   6516.061     5.879     1.24    1.02
   6887.810     6.173     0.79    0.43
   7259.494     6.170    -0.01    0.43
   7631.114     6.198     0.08    0.42
   8002.670     6.330     0.35    0.28
   8374.162     6.416     0.23    0.00
   8745.590     6.416     0.00    0.00
   9116.954     6.416     0.00    0.00
   9488.254     6.416     0.00    0.00
   9859.490     6.416     0.00    0.00
  10230.662     6.329    -0.24    0.36
  10601.770     6.293    -0.10    0.43
  10972.814     6.188    -0.28    0.60
  11343.795     6.057    -0.35    0.74
  11714.712     5.949    -0.29    0.80
  12085.565     6.019     0.19    0.73
  12456.354     6.154     0.36    0.61
  12827.080     6.256     0.28    0.49
  13197.742     6.379     0.33    0.19
  13568.341     6.416     0.10    0.00
  13938.876     6.416     0.00    0.00
  14309.347     6.416     0.00    0.00
  14679.755     6.416     0.00    0.00
  15050.099     6.416     0.00    0.00
  15420.380     6.416     0.00    0.00
  15790.598     6.416     0.00    0.00
  16160.752     6.416     0.00    0.00
  16530.843     6.416     0.00    0.00
  16900.871     6.416     0.00    0.00
  17270.835     6.379    -0.10    0.25
  17640.736     6.366    -0.04    0.27
  18010.574     6.391     0.07    0.16
  18380.349     6.416     0.07    0.00
  18750.060     6.596     0.49    0.39
  19119.709     6.821     0.61    0.49
  19489.294     7.116     0.80    0.46
  19858.816     7.379     0.71    0.37
  20228.276     7.468     0.24    0.22
  20597.672     7.441    -0.07    0.16
  20967.005     7.416    -0.07    0.00
  21336.276     7.416     0.00    0.00
  21705.483     7.315    -0.27    0.30
  22074.628     7.204    -0.30    0.41
  22443.710     7.134    -0.19    0.45
  22812.729     7.116    -0.05    0.46
  23181.686     7.219     0.28    0.40
  23550.579     7.329     0.30    0.28
  23919.410     7.403     0.20    0.11
  24288.179     7.366    -0.10    0.22
  24656.884     7.166    -0.54    0.44
  25025.527     6.885    -0.76    0.50
  25394.108     6.590    -0.80    0.38
  25762.626     6.466    -0.34    0.22
  26131.082     6.633     0.45    0.41
  26499.475     6.897     0.72    0.50
  26867.805     6.995     0.27    0.59
  27236.074     7.046     0.14    0.64
  27604.279     6.997    -0.13    0.70
  27972.423     7.004     0.02    0.72
  28340.504     7.133     0.35    0.63
  28708.523     7.266     0.36    0.48
  29076.480     7.377     0.30    0.19
  29444.374     7.204    -0.47    0.41
  29812.207     7.079    -0.34    0.48
  30179.977     6.904    -0.48    0.50
  30547.685     6.872    -0.09    0.50
  30915.331     6.991     0.32    0.50
  31282.915     7.176     0.50    0.43
  31650.437     7.341     0.45    0.27
  32017.897     7.416     0.20    0.00
  32385.295     7.416     0.00    0.00
  32752.631     7.416     0.00    0.00
  33119.905     7.416     0.00    0.00
  33487.118     7.416     0.00    0.00
  33854.268     7.416     0.00    0.00
  34227.752     7.329    -0.23    0.28
  34607.654     7.163    -0.44    0.44
  34987.489     7.001    -0.43    0.50
  35367.258     7.054     0.14    0.48
  35746.960     7.153     0.26    0.44
  36126.595     7.302     0.39    0.32
  36506.164     7.416     0.30    0.00
  36885.666     7.416     0.00    0.00
  37265.102     7.416     0.00    0.00
  37644.471     7.416     0.00    0.00
  38023.773     7.416     0.00    0.00
  38403.010     7.416     0.00    0.00
  38782.179     7.416     0.00    0.00
  39161.283     7.416     0.00    0.00
  39540.320     7.416     0.00    0.00
  39919.291     7.416     0.00    0.00
  40298.195     7.416     0.00    0.00
  40677.034     7.495     0.21    0.27
  41055.806     7.787     0.77    0.73
  41434.512     9.337     4.09    3.27
  41813.151    11.836     6.60    4.82
  42191.725    13.808     5.21    5.11
  42570.233    14.691     2.33    4.90
  42948.675    13.653    -2.74    4.75
  43327.050    11.302    -6.21    4.26
  43705.360     9.403    -5.02    2.94
  44083.604     8.304    -2.91    1.62
  44461.782     7.704    -1.59    0.62
  44839.894     7.631    -0.19    0.57
  45217.940     7.834     0.54    0.99
  45595.921     8.598     2.02    2.13
  45973.836     9.809     3.20    2.68
  46351.685    11.416     4.25    2.82
  46729.468    13.404     5.26    2.48
  47107.186    15.187     4.72    2.38
  47484.838    16.729     4.08    3.08
  47862.425    17.605     2.32    3.57
  48239.946    16.935    -1.78    3.46
  48617.401    15.750    -3.14    2.58
  48994.791    14.581    -3.10    0.46
  49372.116    14.429    -0.40    0.11
  49749.375    14.416    -0.03    0.00
  50126.569    14.416     0.00    0.00
  50503.698    14.416     0.00    0.00
  50880.761    14.416     0.00    0.00
  51257.759    14.416     0.00    0.00
  51634.692    14.416     0.00    0.00
  52011.560    14.416     0.00    0.00
  52388.362    14.429     0.03    0.11
  52765.099    14.468     0.10    0.22
  53141.772    14.516     0.13    0.34
  53518.379    14.763     0.65    0.83
  53894.921    15.166     1.07    1.22
  54271.398    15.877     1.89    1.42
  54647.810    16.481     1.61    1.33
  55024.158    16.876     1.05    1.08
  55400.440    16.804    -0.19    1.12
  55776.658    16.456    -0.93    1.34
  56152.810    16.066    -1.04    1.48
  56528.898    15.706    -0.96    1.46
  56904.922    15.532    -0.46    1.43
  57280.880    15.340    -0.51    1.36
  57656.774    15.113    -0.61    1.21
  58032.603    14.832    -0.75    0.95
  58408.368    14.585    -0.66    0.59
  58784.068    14.442    -0.38    0.23
  59159.703    14.416    -0.07    0.00
  59535.274    14.416     0.00    0.00
  59910.780    14.518     0.27    0.41
  60286.222    15.049     1.42    1.16
  60661.600    15.627     1.54    1.37
  61036.913    16.241     1.64    1.32
  61412.162    16.745     1.34    1.02
  61787.346    17.004     0.69    0.79
  62162.467    17.160     0.42    0.64
  62537.523    17.183     0.06    0.58
  62912.514    17.083    -0.27    0.76
  63287.442    16.516    -1.51    1.13
  63662.305    15.876    -1.71    1.20
  64037.105    15.204    -1.79    0.94
  64411.840    14.816    -1.03    0.68
  64786.511    14.695    -0.32    0.55
  65161.118    14.980     0.76    0.99
  65535.661    15.314     0.89    1.15
  65910.141    15.819     1.35    1.14
  66284.556    16.429     1.63    0.97
  66658.907    16.650     0.59    0.90
  67033.195    16.847     0.53    0.84
  67407.419    17.131     0.76    0.69
  67781.579    17.365     0.63    0.27
  68155.675    17.416     0.14    0.00
  68529.707    17.379    -0.10    0.19
  68903.676    17.288    -0.24    0.34
  69277.581    17.232    -0.15    0.39
  69651.423    17.229    -0.01    0.39
  70025.201    17.286     0.15    0.34
  70398.915    17.404     0.31    0.11
  70772.566    17.416     0.03    0.00
  71146.153    17.416     0.00    0.00
  71519.677    17.222    -0.52    0.61
  71893.138    16.682    -1.44    1.18
  72266.535    16.323    -0.96    1.35
  72639.869    16.004    -0.85    1.41
  73013.139    15.790    -0.57    1.44
  73386.346    15.745    -0.12    1.38
  73759.490    15.362    -1.03    1.31
  74132.571    14.884    -1.28    1.22
  74505.588    13.849    -2.77    1.90
  74878.542    11.779    -5.55    3.33
  75251.433     9.741    -5.47    3.75
  75624.261     7.466    -6.10    3.21
  75997.026     5.470    -5.35    1.57
  76369.728     4.631    -2.25    0.87
  76742.367     4.216    -1.11    0.57
  77114.943     4.105    -0.30    0.47
  77487.456     4.011    -0.25    0.55
  77859.906     3.916    -0.25    0.80
  78232.294     3.843    -0.20    1.04
  78604.618     3.741    -0.27    1.37
  78976.880     3.563    -0.48    1.59
  79349.078     3.365    -0.53    1.79
  79721.214     3.100    -0.71    1.83
  80093.288     2.530    -1.53    1.63
  80465.298     2.337    -0.52    1.43
  80837.246     2.594     0.69    1.61
  81209.132     3.416     2.21    1.87
  81580.954     4.241     2.22    1.76
  81952.715     4.816     1.55    1.62
  82324.412     4.724    -0.25    1.90
  82696.048     4.570    -0.41    1.97
  83067.620     4.019    -1.48    2.18
  83439.131     3.237    -2.10    2.38
  83810.579     2.480    -2.04    2.32
  84181.964     1.520    -2.58    1.92
  84553.288     0.859    -1.78    1.13
  84924.548     0.429    -1.16    0.11
  85295.747     0.416    -0.03    0.00
  85666.884     0.416     0.00    0.00
  86037.958     0.416     0.00    0.00
  86408.970     0.416     0.00    0.00
  86779.920     0.416     0.00    0.00
  87150.808     0.416     0.00    0.00
  87521.633     0.416     0.00    0.00
  87892.397     0.416     0.00    0.00
  88263.099     0.416     0.00    0.00
  88633.738     0.416     0.00    0.00
  89004.316     0.416     0.00    0.00
  89374.832     0.711     0.80    1.24
  89745.286     1.871     3.13    2.60
  90115.678     3.798     5.20    3.27
  90486.008     5.429     4.40    2.91
  90856.277     6.995     4.23    1.19
  91226.483     7.416     1.14    0.00
  91596.628     6.961    -1.23    1.30
  91966.711     5.783    -3.18    2.37
  92336.733     4.814    -2.62    2.54
  92706.693     3.819    -2.69    2.70
  93076.591     2.324    -4.04    2.33
  93446.428     1.707    -1.67    2.16
  93816.203     1.535    -0.47    2.25
  94185.917     2.598     2.88    3.04
  94555.569     3.609     2.73    3.13
  94925.160     3.543    -0.18    3.12
  95294.689     2.988    -1.50    3.06
  95664.157     1.702    -3.48    2.42
  96033.563     1.272    -1.17    2.02
  96402.909     2.150     2.38    2.85
  96772.193     3.377     3.32    3.32
  97141.415     4.505     3.06    3.29
  97510.577     5.507     2.71    2.88
  97879.677     5.390    -0.32    2.94
  98248.716     4.429    -2.60    3.35
  98617.694     3.211    -3.30    3.32
  98986.611     2.298    -2.48    2.98
  99355.466     1.935    -0.98    2.71
  99724.261     2.179     0.66    2.85
 100092.994     3.479     3.52    3.28
 100461.667     5.016     4.17    3.19
 100830.279     6.173     3.14    2.54
 101198.829     6.864     1.87    1.67
 101567.319     5.066    -4.88    3.15
 101935.748     2.997    -5.61    3.24
 102304.116     1.454    -4.19    2.34
 102672.424     0.622    -2.26    0.73
 103040.670     1.704     2.94    2.49
 103408.856     2.781     2.93    3.13
 103776.981     4.304     4.14    3.29
 104145.046     5.700     3.79    2.76
 104513.049     6.338     1.73    1.93
 104880.992     6.005    -0.91    2.25
 105248.875     4.993    -2.75    2.74
 105616.697     4.295    -1.90    2.77
 105984.458     3.579    -1.95    2.72
 106352.159     2.992    -1.60    2.68
 106719.800     2.229    -2.07    2.50
 107087.380     1.523    -1.92    2.00
 107454.899     1.285    -0.65    1.79
 107822.358     1.650     0.99    1.97
 108189.757     1.897     0.67    1.87
 108557.096     2.061     0.45    1.64
 108927.817     2.302     0.65    1.52
 109307.580     2.310     0.02    1.44
 109687.278     2.541     0.61    1.44
 110066.911     2.592     0.13    1.49
 110446.480     2.301    -0.77    1.61
 110825.983     1.768    -1.41    1.72
 111205.422     1.535    -0.61    1.96
 111584.796     1.247    -0.76    1.93
 111964.105     1.157    -0.24    1.87
 112343.349     0.916    -0.63    1.58
 112722.528     0.535    -1.01    0.67
 113101.643     0.416    -0.31    0.00
 113480.694     0.523     0.28    0.45
 113859.679     1.032     1.34    1.43
 114238.600     2.019     2.61    2.31
 114617.457     3.702     4.44    2.96
 114996.249     5.252     4.09    2.85
 115374.976     5.865     1.62    2.53
 115753.639     6.133     0.71    2.19
 116132.238     5.695    -1.16    2.45
 116510.772     5.285    -1.08    2.54
 116889.242     5.609     0.86    2.53
 117267.647     6.819     3.20    1.58
 117645.989     6.819     0.00    1.44
 118024.266     6.092    -1.92    1.88
 118402.479     5.533    -1.48    2.14
 118780.627     4.666    -2.29    2.40
 119158.712     4.389    -0.73    2.80
 119536.732     4.666     0.73    3.00
 119914.688     4.944     0.73    3.02
 120292.581     5.304     0.95    2.99
 120670.409     5.670     0.97    2.89
 121048.173     5.634    -0.09    2.95
 121425.873     5.663     0.08    2.93
 121803.510     5.545    -0.31    2.95
 122181.082     4.758    -2.08    3.22
 122558.591     3.480    -3.38    3.27
 122936.036     1.923    -4.13    2.69
 123313.417     0.864    -2.81    1.58
 123690.734     0.529    -0.89    0.66
 124067.987     1.150     1.65    1.86
 124445.177     1.619     1.24    2.33
 124822.303     1.690     0.19    2.39
 125199.366     1.008    -1.81    2.14
 125576.365    -0.020    -2.73    1.10
 125953.300    -0.426    -1.08    0.57
 126330.172    -0.584    -0.42    0.00
 126706.981    -0.584     0.00    0.00
 127083.725    -0.584     0.00    0.00
 127460.407    -0.584     0.00    0.00
 127837.025    -0.584     0.00    0.00
 128213.580    -0.584     0.00    0.00
 128590.071    -0.584     0.00    0.00
 128966.499    -0.584     0.00    0.00
 129342.864    -0.584     0.00    0.00
 129719.166    -0.584     0.00    0.00
 130095.404    -0.584     0.00    0.00
 130471.579    -0.584     0.00    0.00
 130847.691    -0.584     0.00    0.00
 131223.740    -0.584     0.00    0.00
 131599.726    -0.584     0.00    0.00
 131975.649    -0.584     0.00    0.00
 132351.509    -0.584     0.00    0.00
 132727.306    -0.584     0.00    0.00
 133103.039    -0.584     0.00    0.00
 133478.710    -0.584     0.00    0.00
 133854.319    -0.584     0.00    0.00
 134229.864    -0.557     0.07    0.23
 134605.346     0.024     1.55    1.62
 134980.766     1.285     3.36    2.82
 135356.123     2.816     4.08    3.42
 135731.417     4.780     5.23    3.27
 136106.648     6.040     3.36    2.59
 136481.817     7.219     3.14    1.34
 136856.923     7.785     1.51    0.63
 137231.967     8.601     2.17    1.57
 137606.948     9.627     2.74    1.97
 137981.866    10.057     1.15    2.06
 138356.722    10.710     1.74    2.46
 138731.516    10.966     0.68    3.09
 139106.247     9.902    -2.84    3.53
 139480.916     8.679    -3.27    3.70
 139855.522     7.619    -2.83    3.28
 140230.066     6.508    -2.96    2.12
 140604.547     6.348    -0.43    2.33
 140978.967     5.598    -2.00    2.50
 141353.324     4.563    -2.76    1.98
 141727.619     3.788    -2.07    0.97
 142101.851     3.416    -0.99    0.00
 142476.022     3.416     0.00    0.00
 142850.130     3.416     0.00    0.00
 143224.177     3.416     0.00    0.00
 143598.161     3.416     0.00    0.00
 143972.083     3.416     0.00    0.00
 144345.943     3.416     0.00    0.00
 144719.741     3.416     0.00    0.00
 145093.478     3.416     0.00    0.00
 145467.152     3.416     0.00    0.00
 145840.765     3.390    -0.07    0.16
 146214.315     3.166    -0.60    0.64
 146587.804     2.821    -0.92    1.03
 146961.231     2.508    -0.84    1.26
 147334.597     2.429    -0.21    1.53
 147707.900     3.133     1.88    2.37
 148081.142     3.624     1.32    2.49
 148454.322     4.362     1.98    2.45
 148827.441     4.745     1.03    2.62
 149200.498     4.557    -0.50    3.06
 149573.494     4.522    -0.10    3.44
 149946.428     4.430    -0.25    3.54
 150319.300     4.054    -1.01    3.09
 150692.111     3.833    -0.59    2.73
 151064.861     4.729     2.40    2.84
 151437.549     5.639     2.44    2.61
 151810.175     6.186     1.47    2.03
 152182.741     6.308     0.33    1.61
 152555.245     6.482     0.47    1.26
 152927.688     6.416    -0.18    1.25
 153300.069     6.219    -0.53    1.43
 153672.389     6.048    -0.46    1.70
 154044.649     5.806    -0.65    1.72
 154416.847     5.083    -1.94    1.67
 154788.983     4.660    -1.14    1.44
 155161.059     4.483    -0.48    1.24
 155533.074     4.150    -0.89    0.94
 155905.027     4.219     0.18    1.11
 156276.920     4.754     1.44    1.36
 156648.751     5.338     1.57    1.35
 157020.522     5.561     0.60    1.14
 157392.232     5.237    -0.87    0.99
 157763.881     5.014    -0.60    0.86
 158135.469     4.689    -0.87    0.66
 158506.996     4.585    -0.28    0.59
 158878.462     5.043     1.23    1.12
 159249.868     5.523     1.29    1.26
 159621.212     6.219     1.87    1.28
 159992.497     6.590     1.00    1.12
 160363.720     6.653     0.17    1.14
 160734.883     6.272    -1.03    1.36
 161105.985     5.653    -1.67    1.36
 161477.027     5.494    -0.43    1.33
 161848.008     5.719     0.61    1.44
 162218.928     6.053     0.90    1.41
 162589.788     6.416     0.98    1.24
 162960.588     6.482     0.18    1.07
 163331.327     6.338    -0.39    0.98
 163702.005     6.430     0.25    1.02
 164072.624     6.493     0.17    0.92
 164443.182     6.630     0.37    0.76
 164813.679     6.532    -0.26    0.84
 165184.117     6.179    -0.95    1.00
 165554.494     5.732    -1.21    1.13
 165924.811     5.377    -0.96    1.18
 166295.067     5.105    -0.73    1.12
 166665.264     4.745    -0.97    0.77
 167035.400     4.522    -0.60    0.35
 167405.476     4.536     0.04    0.37
 167775.492     4.493    -0.12    0.27
 168145.449     4.416    -0.21    0.00
 168515.345     4.416     0.00    0.00
 168885.181     4.416     0.00    0.00
 169254.957     4.647     0.62    0.68
 169624.673     5.123     1.29    1.14
 169994.329     5.728     1.64    1.30
 170363.926     6.123     1.07    1.17
 170733.462     6.146     0.06    0.98
 171102.939     5.830    -0.86    0.76
 171472.356     5.523    -0.83    0.35
 171841.713     5.443    -0.22    0.16
 172211.011     5.442    -0.00    0.16
 172580.249     5.456     0.04    0.20
 172949.427     5.455    -0.00    0.19
 173318.545     5.416    -0.10    0.00
 173687.604     5.416     0.00    0.00
 174056.604     5.416     0.00    0.00
 174425.543     5.416     0.00    0.00
 174794.424     5.416     0.00    0.00
 175163.244     5.416     0.00    0.00
 175532.006     5.548     0.36    0.47
 175900.707     5.883     0.91    0.79
 176269.350     6.285     1.09    0.88
 176637.933     6.666     1.04    0.79
 177006.457     6.811     0.39    0.69
 177374.921     6.676    -0.37    0.75
 177743.326     6.616    -0.16    0.74
 178111.672     6.732     0.31    0.70
 178479.959     6.536    -0.53    1.05
 178848.186     5.929    -1.65    1.35
 179216.355     5.190    -2.01    1.17
 179584.464     4.611    -1.57    0.51
 179952.514     4.819     0.56    0.98
 180320.505     5.247     1.16    1.41
 180688.437     5.590     0.93    1.68
 181056.310     6.079     1.33    1.83
 181424.123     6.482     1.10    1.79
 181791.878     6.969     1.32    1.59
 182159.574     7.196     0.62    1.29
 182527.211     6.910    -0.78    1.42
 182894.790     6.325    -1.59    1.66
 183262.309     5.443    -2.40    1.42
 183630.504     4.884    -1.52    1.06
 184010.133     4.430    -1.20    0.12
 184389.698     4.416    -0.04    0.00
 184769.199     4.416     0.00    0.00
 185148.638     4.416     0.00    0.00
 185528.013     4.416     0.00    0.00
 185907.325     4.416     0.00    0.00
 186286.574     4.416     0.00    0.00
 186665.760     4.416     0.00    0.00
 187044.883     4.416     0.00    0.00
 187423.943     4.470     0.14    0.23
 187802.940     4.686     0.57    0.53
 188181.874     4.883     0.52    0.78
 188560.746     5.105     0.59    0.96
 188939.554     5.311     0.54    1.14
 189318.299     5.443     0.35    1.30
 189696.982     5.339    -0.27    1.31
 190075.602     5.200    -0.37    1.27
 190454.159     4.877    -0.85    1.03
 190832.653     4.416    -1.22    0.00
 191211.085     4.416     0.00    0.00
 191589.454     4.557     0.37    0.52
 191967.760     5.176     1.64    1.20
 192346.004     5.803     1.66    1.29
 192724.185     6.416     1.62    1.15
 193102.304     6.483     0.18    1.02
 193480.360     6.123    -0.95    1.15
 193858.354     5.741    -1.01    1.12
 194236.285     5.457    -0.75    1.05
 194614.154     5.327    -0.34    1.01
 194991.961     5.319    -0.02    1.05
 195369.705     5.456     0.36    1.18
 195747.387     5.902     1.18    1.17
 196125.006     6.429     1.40    1.08
 196502.564     6.783     0.93    0.83
 196880.059     6.937     0.41    0.73
 197257.492     6.990     0.14    0.72
 197634.863     7.127     0.36    0.61
 198012.171     7.285     0.42    0.38
 198389.418     7.336     0.14    0.27
 198766.602     7.127    -0.56    0.46
 199143.725     6.856    -0.72    0.50
 199520.785     6.634    -0.59    0.42
 199897.784     6.565    -0.18    0.36
 200274.720     6.758     0.51    0.48
 200651.595     7.014     0.68    0.49
 201028.408     7.245     0.61    0.38
 201405.159     7.277     0.09    0.35
 201781.848     6.896    -1.01    0.64
 202158.475     6.349    -1.45    0.82
 202535.041     5.663    -1.82    0.95
 202911.545     4.670    -2.64    1.55
 203287.987     3.430    -3.29    1.93
 203664.368     2.131    -3.45    1.72
 204040.686     1.390    -1.97    1.27
 204416.944     0.819    -1.52    0.61
 204793.139     0.693    -0.34    0.51
 205169.274     0.596    -0.26    0.39
 205545.346     0.457    -0.37    0.20
 205921.358     0.429    -0.08    0.11
 206297.307     0.541     0.30    0.37
 206673.196     0.653     0.30    0.49
 207049.023     0.805     0.40    0.64
 207424.788     0.772    -0.09    0.58
 207800.493     0.819     0.13    0.60
 208176.136     0.816    -0.01    0.55
 208551.717     0.808    -0.02    0.49
 208927.238     0.772    -0.10    0.48
 209302.697     0.673    -0.26    0.44
 209678.095     0.495    -0.47    0.36
 210053.432     0.258    -0.63    0.37
 210428.708     0.043    -0.57    0.49
 210803.923    -0.189    -0.62    0.49
 211179.077    -0.384    -0.52    0.40
 211554.169    -0.558    -0.46    0.16
 211929.201    -0.584    -0.07    0.00
 212304.172    -0.584     0.00    0.00
 212679.082    -0.584     0.00    0.00
 213053.931    -0.584     0.00    0.00
 213428.719    -0.584     0.00    0.00
 213803.446    -0.584     0.00    0.00
 214178.113    -0.584     0.00    0.00
 214552.718    -0.584     0.00    0.00
 214927.263    -0.584     0.00    0.00
 215301.747    -0.584     0.00    0.00
 215676.171    -0.584     0.00    0.00
 216050.534    -0.584     0.00    0.00
 216424.836    -0.584     0.00    0.00
 216799.078    -0.584     0.00    0.00
 217173.259    -0.584     0.00    0.00
 217547.379    -0.584     0.00    0.00
 217921.439    -0.584     0.00    0.00
 218295.439    -0.584     0.00    0.00
 218669.378    -0.584     0.00    0.00
 219043.257    -0.584     0.00    0.00
 219417.075    -0.584     0.00    0.00
 219790.833    -0.584     0.00    0.00
 220164.530    -0.584     0.00    0.00
 220538.168    -0.584     0.00    0.00
 220911.745    -0.584     0.00    0.00
 221285.261    -0.584     0.00    0.00
 221658.718    -0.584     0.00    0.00
 222032.114    -0.584     0.00    0.00
 222405.451    -0.584     0.00    0.00
 222778.727    -0.584     0.00    0.00
 223151.943    -0.584     0.00    0.00
 223525.099    -0.584     0.00    0.00
 223898.195    -0.584     0.00    0.00
 224271.231    -0.584     0.00    0.00
 224644.207    -0.584     0.00    0.00
 225017.123    -0.584     0.00    0.00
 225389.979    -0.584     0.00    0.00
 225762.775    -0.584     0.00    0.00
 226135.511    -0.584     0.00    0.00
 226508.188    -0.584     0.00    0.00
 226880.804    -0.584     0.00    0.00
 227253.361    -0.584     0.00    0.00
 227625.859    -0.584     0.00    0.00
 227998.296    -0.584     0.00    0.00
 228370.674    -0.584     0.00    0.00
 228742.992    -0.584     0.00    0.00
 229115.251    -0.584     0.00    0.00
 229487.450    -0.584     0.00    0.00
 229859.589    -0.584     0.00    0.00
 230231.669    -0.584     0.00    0.00
 230603.689    -0.584     0.00    0.00
 230975.650    -0.584     0.00    0.00
 231347.551    -0.584     0.00    0.00
 231719.393    -0.584     0.00    0.00
 232091.176    -0.584     0.00    0.00
 232462.899    -0.584     0.00    0.00
 232834.563    -0.584     0.00    0.00
 233206.168    -0.584     0.00    0.00
 233577.713    -0.584     0.00    0.00
 233949.199    -0.584     0.00    0.00
 234320.626    -0.584     0.00    0.00
 234691.994    -0.584     0.00    0.00
 235063.302    -0.584     0.00    0.00
 235434.552    -0.584     0.00    0.00
 235805.742    -0.584     0.00    0.00
 236176.873    -0.584     0.00    0.00
 236547.945    -0.584     0.00    0.00
 236918.959    -0.584     0.00    0.00
 237289.913    -0.584     0.00    0.00
 237660.808    -0.584     0.00    0.00
 238031.644    -0.584     0.00    0.00
 238402.422    -0.584     0.00    0.00
 238773.140    -0.584     0.00    0.00
 239143.800    -0.584     0.00    0.00
 239514.401    -0.584     0.00    0.00
 239884.943    -0.584     0.00    0.00
 240255.426    -0.584     0.00    0.00
 240625.851    -0.584     0.00    0.00
 240996.216    -0.584     0.00    0.00
 241366.524    -0.584     0.00    0.00
 241736.772    -0.584     0.00    0.00
 242106.962    -0.584     0.00    0.00
 242477.094    -0.584     0.00    0.00
 242847.166    -0.584     0.00    0.00
 243217.181    -0.584     0.00    0.00
 243587.136    -0.584     0.00    0.00
 243957.034    -0.584     0.00    0.00
 244326.873    -0.584     0.00    0.00
 244696.653    -0.584     0.00    0.00
 245066.375    -0.584     0.00    0.00
 245436.039    -0.584     0.00    0.00
 245805.644    -0.584     0.00    0.00
 246175.191    -0.584     0.00    0.00
 246544.680    -0.584     0.00    0.00
 246914.110    -0.584     0.00    0.00
 247283.483    -0.584     0.00    0.00
 247652.797    -0.584     0.00    0.00
 248022.053    -0.584     0.00    0.00
 248391.250    -0.584     0.00    0.00
 248760.390    -0.584     0.00    0.00
 249129.472    -0.584     0.00    0.00
 249498.495    -0.584     0.00    0.00
 249867.461    -0.584     0.00    0.00
 250236.368    -0.584     0.00    0.00
 250605.218    -0.584     0.00    0.00
 250974.010    -0.584     0.00    0.00
 251342.743    -0.584     0.00    0.00
 251711.419    -0.584     0.00    0.00
 252080.037    -0.584     0.00    0.00
 252448.597    -0.584     0.00    0.00
 252817.100    -0.584     0.00    0.00
 253185.544    -0.584     0.00    0.00
 253553.931    -0.584     0.00    0.00
 253922.260    -0.584     0.00    0.00
 254290.531    -0.584     0.00    0.00
 254658.745    -0.584     0.00    0.00
 255026.901    -0.584     0.00    0.00
 255395.000    -0.584     0.00    0.00
 255763.041    -0.584     0.00    0.00
 256131.024    -0.584     0.00    0.00
 256498.950    -0.584     0.00    0.00
 256866.818    -0.584     0.00    0.00
 257234.629    -0.584     0.00    0.00
 257602.383    -0.584     0.00    0.00
 257970.079    -0.584     0.00    0.00
 258337.717    -0.584     0.00    0.00
 258715.468    -0.584     0.00    0.00
 259094.902    -0.584     0.00    0.00
 259474.274    -0.584     0.00    0.00
 259853.585    -0.584     0.00    0.00
 260232.835    -0.584     0.00    0.00
 260612.023    -0.584     0.00    0.00
 260991.149    -0.584     0.00    0.00
 261370.214    -0.584     0.00    0.00
 261749.218    -0.584     0.00    0.00
 262128.161    -0.584     0.00    0.00
 262507.042    -0.584     0.00    0.00
 262885.862    -0.584     0.00    0.00
 263264.620    -0.584     0.00    0.00
 263643.318    -0.584     0.00    0.00
 264021.954    -0.584     0.00    0.00
 264400.529    -0.584     0.00    0.00
 264779.043    -0.584     0.00    0.00
 265157.495    -0.584     0.00    0.00
 265535.887    -0.584     0.00    0.00
 265914.218    -0.584     0.00    0.00
 266292.488    -0.584     0.00    0.00
 266670.696    -0.584     0.00    0.00
 267048.844    -0.584     0.00    0.00
 267426.931    -0.584     0.00    0.00
 267804.957    -0.584     0.00    0.00
 268182.922    -0.584     0.00    0.00
 268560.826    -0.584     0.00    0.00
 268938.670    -0.584     0.00    0.00
 269316.452    -0.584     0.00    0.00
 269694.174    -0.584     0.00    0.00
 270071.835    -0.584     0.00    0.00
 270449.436    -0.584     0.00    0.00
 270826.976    -0.584     0.00    0.00
 271204.455    -0.584     0.00    0.00
 271581.874    -0.584     0.00    0.00
 271959.232    -0.584     0.00    0.00
 272336.529    -0.584     0.00    0.00
 272713.766    -0.584     0.00    0.00
 273090.943    -0.584     0.00    0.00
 273468.059    -0.584     0.00    0.00
 273845.115    -0.584     0.00    0.00
 274222.110    -0.584     0.00    0.00
 274599.045    -0.584     0.00    0.00
 274975.920    -0.584     0.00    0.00
 275352.734    -0.584     0.00    0.00
 275729.488    -0.584     0.00    0.00
 276106.182    -0.584     0.00    0.00
 276482.816    -0.584     0.00    0.00
 276859.389    -0.584     0.00    0.00
 277235.903    -0.584     0.00    0.00
 277612.356    -0.584     0.00    0.00
 277988.749    -0.584     0.00    0.00
 278365.082    -0.584     0.00    0.00
 278741.355    -0.584     0.00    0.00
 279117.568    -0.584     0.00    0.00
 279493.721    -0.584     0.00    0.00
 279869.814    -0.584     0.00    0.00
 280245.847    -0.584     0.00    0.00
 280621.821    -0.584     0.00    0.00
 280997.734    -0.584     0.00    0.00
 281373.588    -0.584     0.00    0.00
 281749.382    -0.584     0.00    0.00
 282125.116    -0.584     0.00    0.00
 282500.790    -0.584     0.00    0.00
 282876.405    -0.584     0.00    0.00
 283251.959    -0.584     0.00    0.00
 283627.455    -0.584     0.00    0.00
 284002.890    -0.584     0.00    0.00
 284378.266    -0.584     0.00    0.00
 284753.583    -0.584     0.00    0.00
 285128.840    -0.584     0.00    0.00
 285504.037    -0.584     0.00    0.00
 285879.175    -0.584     0.00    0.00
 286254.254    -0.584     0.00    0.00
 286629.273    -0.584     0.00    0.00
 287004.233    -0.584     0.00    0.00
 287379.133    -0.584     0.00    0.00
 287753.974    -0.584     0.00    0.00
 288128.756    -0.584     0.00    0.00
 288503.478    -0.584     0.00    0.00
 288878.141    -0.584     0.00    0.00
 289252.745    -0.584     0.00    0.00
 289627.290    -0.584     0.00    0.00
 290001.775    -0.584     0.00    0.00
 290376.202    -0.584     0.00    0.00
 290750.569    -0.584     0.00    0.00
 291124.877    -0.584     0.00    0.00
 291499.127    -0.584     0.00    0.00
 291873.317    -0.584     0.00    0.00
 292247.448    -0.584     0.00    0.00
 292621.520    -0.584     0.00    0.00
 292995.534    -0.584     0.00    0.00
 293369.488    -0.584     0.00    0.00
 293743.384    -0.584     0.00    0.00
 294117.220    -0.584     0.00    0.00
 294490.998    -0.584     0.00    0.00
 294864.717    -0.584     0.00    0.00
 295238.377    -0.584     0.00    0.00
 295611.979    -0.584     0.00    0.00
 295985.522    -0.584     0.00    0.00
 296359.006    -0.584     0.00    0.00
 296732.432    -0.584     0.00    0.00
 297105.798    -0.584     0.00    0.00
 297479.107    -0.584     0.00    0.00
 297852.356    -0.584     0.00    0.00
 298225.548    -0.584     0.00    0.00
 298598.680    -0.584     0.00    0.00
 298971.755    -0.584     0.00    0.00
 299344.770    -0.584     0.00    0.00
 299717.728    -0.584     0.00    0.00
 300090.627    -0.584     0.00    0.00
 300463.467    -0.584     0.00    0.00
 300836.249    -0.584     0.00    0.00
 301208.973    -0.584     0.00    0.00
 301581.639    -0.584     0.00    0.00
 301954.246    -0.584     0.00    0.00
 302326.795    -0.584     0.00    0.00
 302699.286    -0.584     0.00    0.00
 303071.719    -0.584     0.00    0.00
 303444.094    -0.584     0.00    0.00
 303816.410    -0.584     0.00    0.00
 304188.668    -0.584     0.00    0.00
 304560.869    -0.584     0.00    0.00
 304933.011    -0.584     0.00    0.00
 305305.095    -0.584     0.00    0.00
 305677.122    -0.584     0.00    0.00
 306049.090    -0.584     0.00    0.00
 306421.000    -0.584     0.00    0.00
 306792.853    -0.584     0.00    0.00
 307164.648    -0.584     0.00    0.00
 307536.384    -0.584     0.00    0.00
 307908.063    -0.584     0.00    0.00
 308279.685    -0.584     0.00    0.00
 308651.248    -0.584     0.00    0.00
 309022.754    -0.584     0.00    0.00
 309394.202    -0.584     0.00    0.00
 309765.592    -0.584     0.00    0.00
 310136.925    -0.584     0.00    0.00
 310508.200    -0.584     0.00    0.00
 310879.417    -0.584     0.00    0.00
 311250.577    -0.584     0.00    0.00
 311621.680    -0.584     0.00    0.00
 311992.725    -0.584     0.00    0.00
 312363.712    -0.584     0.00    0.00
 312734.642    -0.584     0.00    0.00
 313105.514    -0.584     0.00    0.00
 313476.330    -0.584     0.00    0.00
 313847.087    -0.584     0.00    0.00
 314217.788    -0.584     0.00    0.00
 314588.431    -0.584     0.00    0.00
 314959.016    -0.584     0.00    0.00
 315329.545    -0.584     0.00    0.00
 315700.016    -0.584     0.00    0.00
 316070.430    -0.584     0.00    0.00
 316440.787    -0.584     0.00    0.00
 316811.087    -0.584     0.00    0.00
 317181.329    -0.584     0.00    0.00
 317551.515    -0.584     0.00    0.00
 317921.643    -0.584     0.00    0.00
 318291.715    -0.584     0.00    0.00
 318661.729    -0.584     0.00    0.00
 319031.686    -0.584     0.00    0.00
 319401.587    -0.584     0.00    0.00
 319771.430    -0.584     0.00    0.00
 320141.216    -0.584     0.00    0.00
 320510.946    -0.584     0.00    0.00
 320880.619    -0.584     0.00    0.00
 321250.235    -0.584     0.00    0.00
 321619.794    -0.584     0.00    0.00
 321989.296    -0.584     0.00    0.00
 322358.742    -0.584     0.00    0.00
 322728.131    -0.584     0.00    0.00
 323097.463    -0.584     0.00    0.00
 323466.738    -0.584     0.00    0.00
 323835.957    -0.584     0.00    0.00
 324205.119    -0.584     0.00    0.00
 324574.225    -0.584     0.00    0.00
 324943.274    -0.584     0.00    0.00
 325312.266    -0.584     0.00    0.00
 325681.202    -0.584     0.00    0.00
 326050.082    -0.584     0.00    0.00
 326418.905    -0.584     0.00    0.00
 326787.672    -0.584     0.00    0.00
 327156.382    -0.584     0.00    0.00
 327525.036    -0.584     0.00    0.00
 327893.633    -0.584     0.00    0.00
 328262.174    -0.584     0.00    0.00
 328630.659    -0.584     0.00    0.00
 328999.088    -0.584     0.00    0.00
 329367.460    -0.584     0.00    0.00
 329735.776    -0.584     0.00    0.00
 330104.036    -0.584     0.00    0.00
 330472.240    -0.584     0.00    0.00
 330840.387    -0.584     0.00    0.00
 331208.479    -0.584     0.00    0.00
 331576.514    -0.584     0.00    0.00
 331944.494    -0.584     0.00    0.00
 332312.417    -0.584     0.00    0.00
 332680.284    -0.584     0.00    0.00
 333048.096    -0.584     0.00    0.00
 333423.452    -0.584     0.00    0.00
 333802.758    -0.584     0.00    0.00
 334182.003    -0.584     0.00    0.00
 334561.189    -0.584     0.00    0.00
 334940.314    -0.584     0.00    0.00
 335319.380    -0.584     0.00    0.00
 335698.386    -0.584     0.00    0.00
 336077.333    -0.584     0.00    0.00
 336456.219    -0.584     0.00    0.00
 336835.046    -0.584     0.00    0.00
 337213.813    -0.584     0.00    0.00
 337592.521    -0.584     0.00    0.00
 337971.168    -0.584     0.00    0.00
 338349.757    -0.584     0.00    0.00
 338728.285    -0.584     0.00    0.00
 339106.754    -0.584     0.00    0.00
 339485.164    -0.584     0.00    0.00
 339863.514    -0.584     0.00    0.00
 340241.804    -0.584     0.00    0.00
 340620.036    -0.584     0.00    0.00
 340998.207    -0.584     0.00    0.00
 341376.320    -0.584     0.00    0.00
 341754.373    -0.584     0.00    0.00
 342132.366    -0.584     0.00    0.00
 342510.301    -0.584     0.00    0.00
 342888.176    -0.584     0.00    0.00
 343265.992    -0.584     0.00    0.00
 343643.748    -0.584     0.00    0.00
