# NaN NaN NaN ;Mean Elev.(m), Avg Gradient(m/km), RMS Gradient(m/km) - SRTM1     
#   52.718 -10.251  15.047 ;Mean Elev.(m), Avg Gradient(m/km), RMS Gradient(m/km) - ASTER GDEM
#   55.107 -10.992  12.461 ;Mean Elev.(m), Avg Gradient(m/km), RMS Gradient(m/km) - GMTED2010 
  7    70.747 52468.28853217  4.19 207.331923  65.144894 23.631
  7    69.739 52468.28853281  7.57 207.328913  65.148004 23.631
  7    71.128 52468.28853346 11.55 207.325903  65.151104 23.631
  7    60.445 52468.28853410 21.97 207.322893  65.154204 23.631
  7    62.248 52468.28853475 24.64 207.319893  65.157314 23.631
  7    59.992 52468.28853539 29.54 207.316883  65.160414 23.631
  7    58.896 52468.28853604 33.16 207.313873  65.163514 23.631
  7    59.232 52468.28853668 34.01 207.310863  65.166624 23.631
  7    58.692 52468.28853733 40.95 207.307853  65.169724 23.631
  7    57.314 52468.28853797 46.33 207.304843  65.172824 23.631
  7    57.303 52468.28853862 51.10 207.301825  65.175929 15.807
  7    57.411 52468.28853926 49.71 207.298815  65.179029 15.807
  7    57.469 52468.28853990 48.14 207.295795  65.182139 15.807
  7    57.236 52468.28854055 46.47 207.292785  65.185239 15.807
  8    51.956 52503.28852665 31.02 207.308969  65.172678 15.519
  8    54.654 52503.28852729 20.55 207.305959  65.175788 15.519
  9    58.990 52538.28850756 46.12 207.308012  65.153120 38.210
  9    58.187 52538.28850820 40.64 207.305002  65.156220 38.210
  9    58.506 52538.28850885 37.97 207.301982  65.159320 38.210
  9    58.155 52538.28850949 39.08 207.298972  65.162430 38.210
  9    58.071 52538.28851014 40.83 207.295962  65.165530 38.210
  9    58.269 52538.28851078 42.14 207.292952  65.168630 38.210
  9    57.956 52538.28851143 43.65 207.289932  65.171740 38.210
  9    58.203 52538.28851207 44.35 207.286922  65.174840 38.210
  9    58.277 52538.28851272 44.71 207.283902  65.177940 38.210
  9    56.587 52538.28851336 52.16 207.280892  65.181040 38.210
  9    56.495 52538.28851400 48.75 207.277872  65.184150 38.210
  9    56.365 52538.28851465 51.78 207.274852  65.187250 38.210
  9    56.458 52538.28851529 50.97 207.271832  65.190350 38.210
  9    56.423 52538.28851594 46.78 207.268822  65.193450 38.210
  9    56.386 52538.28851658 46.06 207.265802  65.196560 38.210
  9    56.368 52538.28851723 45.75 207.262782  65.199660 38.210
 10    54.705 52573.28855359 48.36 207.291453  65.181317 24.721
 10    54.667 52573.28855424 44.98 207.288443  65.184417 24.721
 10    54.670 52573.28855488 41.75 207.285423  65.187527 24.721
 10    54.677 52573.28855553 39.03 207.282413  65.190627 24.721
 10    54.507 52573.28855617 36.80 207.279392  65.193733 11.469
 12    88.862 52643.28850989 10.53 207.276729  65.192514  6.415
 12   112.740 52643.28851053  9.54 207.273709  65.195614  6.415
 15    57.401 52748.28854686  5.94 207.328526  65.147303  5.616
 15    55.693 52748.28854750  6.72 207.325516  65.150413  5.616
 15    66.159 52748.28854815  0.99 207.322516  65.153513  5.616
 15    73.605 52748.28855073  0.18 207.310478  65.165934  7.427
 15    75.515 52748.28855137  0.17 207.307468  65.169034  7.427
 15    75.409 52748.28855202  1.20 207.304458  65.172134  7.427
 15    57.705 52748.28855266  6.38 207.301448  65.175244  7.427
 15    70.358 52748.28855330  7.38 207.298438  65.178344  7.427
 15    72.349 52748.28855395  7.01 207.295418  65.181444  7.427
 15    68.553 52748.28855459  8.80 207.292408  65.184554  7.427
 15    59.203 52748.28855524 10.44 207.289398  65.187654  7.427
 16    56.627 52783.28849505 48.43 207.278813  65.181125 26.396
 16    56.728 52783.28849634 51.14 207.272773  65.187325 26.396
 16    56.914 52783.28849698 50.99 207.269753  65.190425 26.396
 16    57.069 52783.28849763 46.99 207.266743  65.193535 26.396
 16    56.708 52783.28849827 46.50 207.263713  65.196635 26.396
 16    56.641 52783.28849892 47.51 207.260703  65.199735 26.396
 17    56.963 52818.28856886 50.05 207.297851  65.162871 40.609
 17    56.866 52818.28856950 49.53 207.294831  65.165971 40.609
 17    56.898 52818.28857014 51.46 207.291821  65.169071 40.609
 17    56.853 52818.28857079 52.09 207.288811  65.172171 40.609
 17    56.875 52818.28857143 51.77 207.285791  65.175281 40.609
 17    56.927 52818.28857208 52.19 207.282781  65.178381 40.609
 17    56.710 52818.28857272 54.76 207.279761  65.181481 40.609
 17    56.774 52818.28857401 49.83 207.273731  65.187691 40.609
 17    56.726 52818.28857466 51.18 207.270711  65.190791 40.609
 17    56.599 52818.28857530 50.63 207.267691  65.193891 40.609
 17    56.598 52818.28857595 47.77 207.264671  65.197001 40.609
 17    56.663 52818.28857659 48.28 207.261651  65.200101 40.609
 18    58.135 52853.28861451 25.68 207.325739  65.145207 12.003
 18    57.943 52853.28861515 23.72 207.322729  65.148307 12.003
 18    57.927 52853.28861580 17.72 207.319729  65.151407 12.003
 18    59.229 52853.28861644 17.10 207.316719  65.154517 12.003
 18    59.937 52853.28861709 19.45 207.313709  65.157617 12.003
 18    60.108 52853.28861773 17.85 207.310699  65.160717 12.003
 18    59.129 52853.28861838 19.00 207.307689  65.163822  8.496
 18    57.919 52853.28861902 22.16 207.304669  65.166922  8.496
 18    57.684 52853.28861967 23.40 207.301659  65.170032  8.496
 18    57.776 52853.28862031 26.37 207.298649  65.173132  8.496
 18    57.902 52853.28862096 22.52 207.295639  65.176232  8.496
 18    57.233 52853.28862160 23.66 207.292619  65.179342  8.496
 18    57.129 52853.28862225 22.49 207.289609  65.182442  8.496
 18    57.426 52853.28862289 22.22 207.286589  65.185542  8.496
 18    57.484 52853.28862354 25.17 207.283579  65.188652  8.496
 18    57.636 52853.28862418 30.41 207.280559  65.191752  8.496
 18    61.343 52853.28862482 29.44 207.277539  65.194852  8.496
 20    76.184 52923.28860131 20.92 207.345900  65.140958 12.857
 20    73.622 52923.28860195 30.26 207.342900  65.144058 12.857
 20    64.465 52923.28860260 38.65 207.339900  65.147158 12.857
 20    59.797 52923.28860324 44.85 207.336890  65.150268 12.857
 21   136.182 52958.28856824  7.83 207.328810  65.143047  3.998
 21   136.093 52958.28856888  9.17 207.325800  65.146147  3.998
 21   136.637 52958.28856952  9.80 207.322790  65.149257  3.998
 21   136.790 52958.28857017  9.27 207.319780  65.152357  3.998
 21   136.283 52958.28857081  9.97 207.316770  65.155457  3.998
 21   135.745 52958.28857146 10.85 207.313760  65.158567  3.998
 21   135.505 52958.28857210 10.57 207.310750  65.161667  3.998
 21   134.473 52958.28857275 11.51 207.307736  65.164768  4.838
 21   133.670 52958.28857339  9.79 207.304726  65.167878  4.838
 21   130.347 52958.28857404 10.88 207.301716  65.170978  4.838
 21   129.417 52958.28857468 11.07 207.298696  65.174078  4.838
 21   127.888 52958.28857533 10.92 207.295686  65.177188  4.838
 21   126.849 52958.28857597 11.26 207.292676  65.180288  4.838
 21   125.350 52958.28857662 10.73 207.289656  65.183388  4.838
 21   123.793 52958.28857726  8.83 207.286636  65.186488  4.838
 21   121.352 52958.28857791  9.17 207.283626  65.189598  4.838
 21   120.327 52958.28857855  8.56 207.280606  65.192698  4.838
 22   135.516 52993.28859471  7.29 207.330268  65.144882  2.865
 22   135.975 52993.28859535  8.70 207.327258  65.147982  2.865
 22   135.540 52993.28859599  9.08 207.324250  65.151089  5.831
 22   134.765 52993.28859664  9.16 207.321240  65.154189  5.831
 22   135.665 52993.28859728  9.63 207.318230  65.157299  5.831
 22   134.815 52993.28859793 10.27 207.315220  65.160399  5.831
 22   134.375 52993.28859857 10.38 207.312210  65.163499  5.831
 22   133.447 52993.28859922  9.82 207.309200  65.166609  5.831
 22   132.410 52993.28859986 10.22 207.306190  65.169709  5.831
 22   129.222 52993.28860051 10.44 207.303170  65.172809  5.831
 22   130.188 52993.28860115 10.59 207.300160  65.175919  5.831
 22   127.236 52993.28860180 11.17 207.297150  65.179019  5.831
 22   125.628 52993.28860244 10.69 207.294130  65.182119  5.831
 22   116.815 52993.28860309 10.51 207.291120  65.185219  5.831
 22   122.115 52993.28860373  9.77 207.288100  65.188329  5.831
 24    61.460 53063.28856878 13.04 207.328766  65.150352  3.426
 24    61.828 53063.28856943 13.43 207.325756  65.153462  3.426
 24    63.167 53063.28857201 14.30 207.313715  65.165870  8.102
 24    63.480 53063.28857265 13.57 207.310705  65.168970  8.102
 24    59.416 53063.28857329 13.94 207.307685  65.172080  8.102
 24    58.687 53063.28857394 14.92 207.304675  65.175180  8.102
 24    55.261 53063.28857458 16.70 207.301665  65.178280  8.102
 26    63.114 53133.28856535 27.05 207.336668  65.142214  6.379
 26    63.394 53133.28856599 19.87 207.333658  65.145324  6.379
 26    64.017 53133.28856664 20.08 207.330658  65.148424  6.379
 26    65.150 53133.28856728 20.40 207.327648  65.151534  6.379
 26    64.555 53133.28856793 22.02 207.324640  65.154633 16.983
 26    63.068 53133.28856986 26.17 207.315610  65.163943 16.983
 26    58.308 53133.28857050 32.08 207.312590  65.167043 16.983
 26    57.290 53133.28857115 42.60 207.309580  65.170153 16.983
 26    57.194 53133.28857179 44.60 207.306570  65.173253 16.983
 26    57.440 53133.28857244 40.18 207.303560  65.176353 16.983
 26    56.815 53133.28857308 41.94 207.300540  65.179463 16.983
 28    56.934 53203.28864011 29.00 207.331400  65.142742 13.387
 28    56.638 53203.28864076 23.72 207.328390  65.145842 13.387
 28    56.601 53203.28864140 22.73 207.325380  65.148942 13.387
 28    58.979 53203.28864205 19.13 207.322380  65.152052 13.387
 28    56.746 53203.28864269 24.94 207.319370  65.155152 13.387
 28    56.699 53203.28864334 30.01 207.316360  65.158252 13.387
 28    56.703 53203.28864398 31.22 207.313346  65.161360 15.666
 28    56.615 53203.28864462 32.46 207.310336  65.164460 15.666
 28    56.803 53203.28864527 23.99 207.307326  65.167570 15.666
 28    58.986 53203.28864591 18.78 207.304316  65.170670 15.666
 28    56.697 53203.28864656 28.40 207.301306  65.173770 15.666
 28    56.459 53203.28864720 24.49 207.298296  65.176880 15.666
 28    59.012 53203.28864785 17.96 207.295276  65.179980 15.666
 28    56.787 53203.28864849 22.17 207.292266  65.183080 15.666
 28    56.717 53203.28864914 32.06 207.289246  65.186190 15.666
 28    57.219 53203.28864978 27.56 207.286236  65.189290 15.666
 29    56.421 53238.28860899 41.54 207.344907  65.146423 14.068
 29    56.956 53238.28860963 42.57 207.341907  65.149523 14.068
 30    54.696 53273.28857342 49.95 207.297137  65.163789 45.330
 30    54.720 53273.28857406 50.90 207.294127  65.166899 45.330
 30    54.726 53273.28857471 48.22 207.291107  65.169999 45.330
 30    54.617 53273.28857535 53.54 207.288097  65.173099 45.330
 30    54.447 53273.28857600 54.37 207.285077  65.176209 45.330
 30    54.468 53273.28857664 52.75 207.282067  65.179309 45.330
 30    54.484 53273.28857729 54.26 207.279047  65.182409 45.330
 30    54.466 53273.28857793 53.78 207.276027  65.185509 45.330
 30    54.435 53273.28857858 53.21 207.273017  65.188619 45.330
 30    54.380 53273.28857922 52.90 207.269997  65.191719 45.330
 30    54.520 53273.28857987 48.02 207.266977  65.194819 45.330
 30    54.499 53273.28858051 43.11 207.263957  65.197919 45.330
 31    53.865 53308.28863484 44.62 207.290199  65.177468 31.107
 31    53.776 53308.28863549 46.55 207.287189  65.180568 31.107
 31    54.576 53308.28863613 44.81 207.284169  65.183678 31.107
 31    53.753 53308.28863678 41.85 207.281159  65.186778 31.107
 31    53.579 53308.28863742 40.98 207.278139  65.189878 31.107
 31    53.615 53308.28863807 40.08 207.275119  65.192978 31.107
 31    53.606 53308.28863871 35.28 207.272109  65.196088 31.107
 33    55.320 53378.28853979 23.57 207.298469  65.164257 16.963
 33    55.145 53378.28854044 25.10 207.295459  65.167367 16.963
 33    55.928 53378.28854108 21.39 207.292439  65.170467 16.963
 33    55.481 53378.28854173 23.71 207.289429  65.173567 16.963
 33    55.444 53378.28854237 26.01 207.286419  65.176677 16.963
 33    55.004 53378.28854302 27.98 207.283399  65.179777 16.963
 33    55.077 53378.28854366 27.58 207.280379  65.182877 16.963
 33    54.756 53378.28854431 28.44 207.277359  65.185977 16.963
 33    54.814 53378.28854495 27.45 207.274349  65.189087 16.963
 33    54.732 53378.28854559 22.64 207.271329  65.192187 16.963
 33    54.836 53378.28854624 20.29 207.268309  65.195287 16.963
 33    54.817 53378.28854688 19.03 207.265289  65.198387 16.963
 35   124.331 53448.28856455  6.86 207.287961  65.170830  3.637
 35   116.196 53448.28856842  4.01 207.269866  65.189441  4.718
 35   114.292 53448.28856906  4.15 207.266846  65.192551  4.718
 35   113.104 53448.28856971  2.42 207.263826  65.195651  4.718
 35   110.578 53448.28857035  2.38 207.260806  65.198751  4.718
 37    62.891 53518.28864353 19.56 207.335389  65.144753 16.278
 37    61.936 53518.28864417 21.28 207.332389  65.147853 16.278
 37    61.535 53518.28864482 25.25 207.329379  65.150953 16.278
 37    62.859 53518.28864804 20.46 207.314331  65.166476 19.940
 37    61.867 53518.28864869 29.76 207.311321  65.169576 19.940
 37    60.833 53518.28864933 25.16 207.308311  65.172686 19.940
 37    60.161 53518.28864998 26.52 207.305301  65.175786 19.940
 38    57.649 53553.28866549 39.83 207.326490  65.145222 22.520
 38    57.540 53553.28866613 37.38 207.323490  65.148322 22.520
 38    57.420 53553.28866678 31.07 207.320480  65.151422 22.520
 38    57.537 53553.28866742 32.87 207.317470  65.154532 22.520
 38    57.601 53553.28866807 38.76 207.314458  65.157634 39.225
 38    57.637 53553.28866871 47.00 207.311458  65.160734 39.225
 38    57.448 53553.28866936 53.01 207.308438  65.163844 39.225
 38    57.496 53553.28867000 53.94 207.305428  65.166944 39.225
 38    57.396 53553.28867065 53.14 207.302418  65.170044 39.225
 38    57.378 53553.28867129 52.45 207.299408  65.173154 39.225
 38    57.402 53553.28867194 51.71 207.296398  65.176254 39.225
 38    57.230 53553.28867258 51.10 207.293388  65.179354 39.225
 38    57.256 53553.28867323 50.68 207.290368  65.182464 39.225
 38    57.342 53553.28867387 48.77 207.287358  65.185564 39.225
 38    57.344 53553.28867452 48.05 207.284338  65.188664 39.225
 38    57.211 53553.28867516 49.42 207.281328  65.191764 39.225
 40    56.174 53623.28859695 49.11 207.264589  65.190951 32.982
 40    56.326 53623.28859760 53.60 207.261569  65.194051 32.982
 40    56.147 53623.28859824 50.75 207.258549  65.197151 32.982
 40    56.211 53623.28859888 48.43 207.255529  65.200251 32.982
 42   116.582 53693.28859451  6.81 207.338553  65.143043  3.078
 42   117.878 53693.28859515  6.91 207.335553  65.146143  3.078
 44   138.075 53763.28847724  8.62 207.327629  65.145892  3.311
 44   135.774 53763.28847788  9.26 207.324619  65.149002  3.311
 44   135.529 53763.28847853  9.56 207.321609  65.152102  3.311
 44   135.650 53763.28847917  9.72 207.318599  65.155202  3.311
 44   135.160 53763.28847981  9.36 207.315593  65.158306  5.605
 44   134.468 53763.28848046 10.69 207.312583  65.161406  5.605
 44   131.882 53763.28848110  9.45 207.309573  65.164516  5.605
 44   132.475 53763.28848175  9.94 207.306563  65.167616  5.605
 44   131.508 53763.28848239 10.55 207.303543  65.170716  5.605
 44   129.129 53763.28848304 11.99 207.300533  65.173826  5.605
 44   120.982 53763.28848368 11.67 207.297513  65.176926  5.605
 44   126.629 53763.28848433 11.58 207.294503  65.180026  5.605
 44   118.534 53763.28848497 10.73 207.291483  65.183136  5.605
 44   115.728 53763.28848562 11.75 207.288473  65.186236  5.605
 44   121.235 53763.28848626  9.34 207.285453  65.189336  5.605
 44   118.549 53763.28848691  7.96 207.282433  65.192436  5.605
 47    62.489 53868.28854669 27.70 207.322941  65.145780 36.680
 47    63.372 53868.28854734 24.57 207.319931  65.148880 36.680
 47    63.565 53868.28854798 27.04 207.316921  65.151990 36.680
 47    63.763 53868.28854863 23.73 207.313911  65.155090 36.680
 47    63.919 53868.28854927 25.21 207.310901  65.158190 36.680
 47    63.553 53868.28854992 25.57 207.307893  65.161296 38.813
 47    62.010 53868.28855056 29.54 207.304883  65.164396 38.813
 47    61.106 53868.28855121 29.48 207.301873  65.167506 38.813
 47    61.143 53868.28855185 27.68 207.298863  65.170606 38.813
 47    62.053 53868.28855250 27.43 207.295843  65.173706 38.813
 47    61.993 53868.28855314 25.98 207.292833  65.176816 38.813
 47    62.004 53868.28855378 22.35 207.289823  65.179916 38.813
 47    62.120 53868.28855443 23.52 207.286803  65.183016 38.813
 47    61.923 53868.28855507 25.06 207.283783  65.186126 38.813
 47    62.530 53868.28855572 26.80 207.280773  65.189226 38.813
 47    62.397 53868.28855636 28.27 207.277753  65.192326 38.813
 47    63.158 53868.28855701 37.39 207.274733  65.195426 38.813
 48    64.981 53903.28857804 37.79 207.330740  65.143118 13.749
 48    61.203 53903.28857868 43.64 207.327740  65.146218 13.749
 48    59.256 53903.28857933 44.79 207.324730  65.149318 13.749
 48    59.378 53903.28857997 45.51 207.321720  65.152428 13.749
 48    58.688 53903.28858061 47.56 207.318710  65.155528 34.768
 48    58.844 53903.28858126 46.82 207.315700  65.158628 34.768
 48    58.975 53903.28858190 44.21 207.312690  65.161738 34.768
 48    59.055 53903.28858255 40.46 207.309680  65.164838 34.768
 48    58.840 53903.28858319 36.87 207.306670  65.167938 34.768
 48    58.421 53903.28858384 37.70 207.303660  65.171048 34.768
 48    59.232 53903.28858448 42.38 207.300650  65.174148 34.768
 48    57.267 53903.28858513 50.48 207.297640  65.177248 34.768
 48    57.103 53903.28858577 51.10 207.294620  65.180358 34.768
 48    57.223 53903.28858642 47.26 207.291610  65.183458 34.768
 48    57.037 53903.28858706 50.90 207.288590  65.186558 34.768
 48    57.171 53903.28858771 47.58 207.285580  65.189658 34.768
 49    57.913 53938.28861506 43.30 207.317965  65.147215 18.332
 49    57.828 53938.28861570 38.68 207.314955  65.150315 18.332
 49    57.583 53938.28861635 33.82 207.311945  65.153415 18.332
 49    57.547 53938.28861699 33.68 207.308935  65.156525 18.332
 49    57.500 53938.28861764 33.64 207.305926  65.159625 24.226
 49    57.451 53938.28861828 31.63 207.302916  65.162725 24.226
 49    57.419 53938.28861893 32.23 207.299906  65.165835 24.226
 49    57.429 53938.28861957 32.41 207.296896  65.168935 24.226
 49    57.476 53938.28862022 36.26 207.293886  65.172035 24.226
 49    57.450 53938.28862086 35.20 207.290876  65.175145 24.226
 49    57.337 53938.28862151 33.89 207.287856  65.178245 24.226
 49    57.372 53938.28862215 36.35 207.284846  65.181345 24.226
 49    57.452 53938.28862280 36.33 207.281826  65.184455 24.226
 49    57.403 53938.28862344 37.15 207.278816  65.187555 24.226
 49    57.238 53938.28862409 35.48 207.275796  65.190655 24.226
 49    57.234 53938.28862473 39.07 207.272786  65.193755 24.226
 49    57.417 53938.28862537 47.12 207.269766  65.196865 24.226
 50    80.916 53973.28857612 31.95 207.338038  65.144263 18.859
 50    65.028 53973.28857677 39.98 207.335028  65.147373 18.859
 50    60.975 53973.28857741 47.79 207.332018  65.150473 18.859
 51    58.103 54008.28856711 45.71 207.314334  65.149564 17.355
 51    57.284 54008.28856776 45.20 207.311324  65.152664 17.355
 51    57.511 54008.28856840 44.42 207.308314  65.155764 17.355
 51    57.650 54008.28856905 42.75 207.305301  65.158868 21.315
 51    57.584 54008.28856969 42.12 207.302291  65.161978 21.315
 51    57.597 54008.28857033 42.59 207.299271  65.165078 21.315
 51    57.488 54008.28857098 41.39 207.296261  65.168178 21.315
 51    57.495 54008.28857162 38.56 207.293251  65.171288 21.315
 51    57.095 54008.28857227 30.07 207.290231  65.174388 21.315
 51    55.446 54008.28857291 32.87 207.287221  65.177488 21.315
 51    55.470 54008.28857356 27.01 207.284201  65.180588 21.315
 51    55.628 54008.28857420 24.59 207.281191  65.183698 21.315
 51    56.145 54008.28857485 23.08 207.278171  65.186798 21.315
 51    60.633 54008.28857549 23.16 207.275151  65.189898 21.315
 51    60.886 54008.28857614 24.51 207.272131  65.192998 21.315
 51    55.704 54008.28857678 31.15 207.269111  65.196108 21.315
 52    54.485 54043.28859687 32.68 207.289844  65.186639 19.419
 52    54.350 54043.28859752 29.10 207.286834  65.189749 19.419
 58    58.491 54253.28856010 48.98 207.332455  65.142307 43.101
 58    58.234 54253.28856074 53.12 207.329455  65.145417 43.101
 58    58.226 54253.28856138 47.75 207.326445  65.148517 43.101
 58    58.231 54253.28856203 53.23 207.323435  65.151617 43.101
 58    58.321 54253.28856267 53.05 207.320435  65.154727 43.101
 58    58.232 54253.28856332 52.76 207.317425  65.157827 43.101
 58    58.120 54253.28856396 51.04 207.314415  65.160927 43.101
 58    58.044 54253.28856461 49.00 207.311405  65.164037 43.101
 58    57.948 54253.28856525 46.34 207.308395  65.167137 43.101
 58    57.921 54253.28856590 43.83 207.305375  65.170237 43.101
 58    57.917 54253.28856654 48.55 207.302365  65.173347 43.101
 58    57.917 54253.28856719 51.47 207.299355  65.176447 43.101
 58    57.955 54253.28856783 51.99 207.296335  65.179547 43.101
 58    57.990 54253.28856848 51.77 207.293325  65.182657 43.101
 58    57.886 54253.28856912 51.11 207.290305  65.185757 43.101
 58    57.789 54253.28856977 49.29 207.287295  65.188857 43.101
 59    57.151 54288.28856476 20.14 207.334353  65.146903 24.327
 59    59.232 54288.28856541 24.11 207.331343  65.150003 24.327
 59    59.614 54288.28856605 22.19 207.328333  65.153103 24.327
 60    59.830 54323.28856123 44.19 207.336996  65.142591 39.887
 60    59.822 54323.28856187 48.25 207.333986  65.145701 39.887
 60    59.011 54323.28856252 44.60 207.330986  65.148801 39.887
 60    59.244 54323.28856316 47.86 207.327976  65.151901 39.887
 60    59.049 54323.28856574 44.14 207.315936  65.164321 39.887
 60    58.783 54323.28856639 47.10 207.312926  65.167421 39.887
 60    59.346 54323.28856703 47.24 207.309916  65.170521 39.887
 60    57.790 54323.28856767 52.81 207.306906  65.173631 39.887
 60    57.662 54323.28856832 53.35 207.303896  65.176731 39.887
 62    57.036 54393.28850201 43.36 207.331681  65.144572 14.715
 62    19.501 54393.28850523 17.17 207.316641  65.160092 14.715
 64    61.219 54463.28848427 15.64 207.310072  65.162272  6.914
 64    61.829 54463.28848492 14.93 207.307062  65.165372  6.914
 64    58.744 54463.28848556 16.21 207.304052  65.168482  6.914
 64    58.405 54463.28848621 17.41 207.301042  65.171582  6.914
 64    58.218 54463.28848685 18.35 207.298032  65.174682  6.914
 64    58.121 54463.28848750 18.37 207.295012  65.177792  6.914
 64    55.275 54463.28848814 19.72 207.292002  65.180892  6.914
 64    55.167 54463.28848879 18.36 207.288982  65.183992  6.914
 64    54.933 54463.28848943 18.80 207.285972  65.187102  6.914
 64    54.720 54463.28849007 18.51 207.282952  65.190202  6.914
 64    55.063 54463.28849072 15.53 207.279930  65.193306  4.598
 66    62.838 54533.28849691 10.59 207.319421  65.157496  7.372
 66    63.243 54533.28849755 10.71 207.316411  65.160596  7.372
 66    60.008 54533.28849820 12.74 207.313401  65.163706  7.372
 66    63.380 54533.28849884 11.46 207.310391  65.166806  7.372
 66    62.514 54533.28849949 11.80 207.307371  65.169906  7.372
 66    58.873 54533.28850013 13.31 207.304361  65.173016  7.372
 66    56.734 54533.28850142 16.19 207.298341  65.179216  7.372
 66    54.568 54533.28850207 16.85 207.295321  65.182326  7.372
 66    54.613 54533.28850271 15.96 207.292311  65.185426  7.372
 68    58.168 54603.28848895 49.97 207.331504  65.142690 25.939
 68    58.343 54603.28848960 50.81 207.328504  65.145790 25.939
 68    57.921 54603.28849024 49.42 207.325494  65.148900 25.939
 68    57.871 54603.28849089 49.14 207.322484  65.152000 25.939
 68    57.816 54603.28849153 54.48 207.319484  65.155110 25.939
 68    57.803 54603.28849218 52.47 207.316469  65.158210 34.431
 68    57.754 54603.28849282 50.63 207.313459  65.161310 34.431
 68    57.754 54603.28849347 46.08 207.310449  65.164420 34.431
 68    57.616 54603.28849411 44.62 207.307439  65.167520 34.431
 68    57.579 54603.28849476 43.60 207.304429  65.170620 34.431
 68    57.646 54603.28849540 48.89 207.301409  65.173730 34.431
 68    57.542 54603.28849605 51.07 207.298399  65.176830 34.431
 68    57.537 54603.28849669 51.33 207.295389  65.179930 34.431
 68    57.597 54603.28849733 49.52 207.292369  65.183040 34.431
 68    57.470 54603.28849798 51.38 207.289359  65.186140 34.431
 68    57.532 54603.28849862 50.84 207.286339  65.189240 34.431
 69    65.107 54638.28849989 36.54 207.334187  65.144166 16.332
 69    60.495 54638.28850053 43.95 207.331177  65.147276 16.332
 69    59.327 54638.28850118 48.40 207.328167  65.150376 16.332
 69    59.235 54638.28850182 45.57 207.325167  65.153476 16.332
 69    58.589 54638.28850376 44.55 207.316139  65.162786 30.142
 69    58.494 54638.28850440 43.74 207.313129  65.165896 30.142
 69    58.427 54638.28850505 47.88 207.310119  65.168996 30.142
 69    58.439 54638.28850569 47.64 207.307099  65.172096 30.142
 69    58.908 54638.28850634 47.10 207.304089  65.175206 30.142
 69    57.346 54638.28850698 49.31 207.301079  65.178306 30.142
 69    57.362 54638.28850763 50.66 207.298069  65.181406 30.142
 70    61.306 54673.28850251 35.11 207.336122  65.142321 13.611
 70    66.151 54673.28850316 42.75 207.333112  65.145431 13.611
 70    60.598 54673.28850380 45.85 207.330102  65.148535 35.163
 70    60.168 54673.28850445 47.38 207.327102  65.151635 35.163
 70    60.288 54673.28850509 45.73 207.324092  65.154745 35.163
 70    60.116 54673.28850703 47.29 207.315062  65.164055 35.163
 70    60.190 54673.28850767 45.06 207.312052  65.167155 35.163
 70    59.991 54673.28850832 46.84 207.309042  65.170255 35.163
 70    59.905 54673.28850896 45.91 207.306032  65.173365 35.163
 70    59.713 54673.28850960 46.27 207.303022  65.176465 35.163
 70    58.371 54673.28851025 52.45 207.300002  65.179565 35.163
 71    57.595 54708.28846074 46.10 207.346745  65.141754 27.052
 71    57.690 54708.28846138 49.75 207.343745  65.144854 27.052
 71    57.599 54708.28846203 50.94 207.340735  65.147964 27.052
 72    58.790 54743.28846845 44.07 207.331033  65.142806 19.397
 72    58.510 54743.28846910 45.09 207.328033  65.145906 19.397
 72    58.778 54743.28846974 44.55 207.325023  65.149016 19.397
 72    58.889 54743.28847039 46.64 207.322013  65.152116 19.397
 72    58.387 54743.28847103 46.85 207.319003  65.155216 19.397
 72    56.532 54743.28847490 46.27 207.300936  65.173844 31.946
 72    56.322 54743.28847554 50.76 207.297926  65.176944 31.946
 72    56.362 54743.28847619 51.33 207.294916  65.180044 31.946
 72    56.364 54743.28847683 49.39 207.291896  65.183154 31.946
 72    56.234 54743.28847748 51.24 207.288886  65.186254 31.946
 72    56.264 54743.28847812 50.64 207.285866  65.189354 31.946
 74    58.160 54813.28846694 18.98 207.303631  65.166464  8.660
 74    56.473 54813.28846759 20.99 207.300621  65.169564  8.660
 74    56.448 54813.28846823 21.97 207.297611  65.172674  8.660
 74    56.590 54813.28846888 21.56 207.294591  65.175774  8.660
 74    56.376 54813.28846952 21.33 207.291581  65.178874  8.660
 74    56.479 54813.28847017 18.83 207.288561  65.181984  8.660
 74    56.229 54813.28847081 17.95 207.285551  65.185084  8.660
 74    56.301 54813.28847145 17.58 207.282531  65.188184  8.660
 74    56.383 54813.28847210 18.26 207.279511  65.191284  8.660
 74    56.219 54813.28847274 16.46 207.276501  65.194394  8.660
 75   135.981 54848.28844291  3.40 207.342211  65.142386  3.055
 75   136.164 54848.28844355  3.48 207.339201  65.145496  3.055
 75   134.579 54848.28844420  5.83 207.336191  65.148596  3.055
 75   134.778 54848.28844484  7.33 207.333191  65.151706  3.055
 76   135.474 54883.28846564  5.94 207.327606  65.144629  2.649
 76   135.806 54883.28846628  6.99 207.324596  65.147739  2.649
 76   135.844 54883.28846693  6.59 207.321596  65.150839  2.649
 76   132.914 54883.28846757  6.81 207.318586  65.153939  2.649
 76   134.861 54883.28846822  9.64 207.315574  65.157046  4.765
 76   134.699 54883.28846886  8.18 207.312564  65.160146  4.765
 76   134.025 54883.28846951  8.39 207.309554  65.163256  4.765
 76   131.727 54883.28847015  7.58 207.306544  65.166356  4.765
 76   130.896 54883.28847079  7.55 207.303534  65.169456  4.765
 76   130.345 54883.28847144  7.52 207.300514  65.172566  4.765
 76   129.550 54883.28847208  6.48 207.297504  65.175666  4.765
 76   126.672 54883.28847273  7.80 207.294494  65.178766  4.765
 76   125.444 54883.28847337  7.70 207.291474  65.181876  4.765
 76   124.145 54883.28847402  6.65 207.288464  65.184976  4.765
 76   121.897 54883.28847466  7.55 207.285444  65.188076  4.765
 76   119.870 54883.28847531  6.26 207.282434  65.191176  4.765
 78    56.450 54953.28846462 28.85 207.307243  65.165791 23.362
 78    56.211 54953.28846526 33.36 207.304233  65.168891 23.362
 78    57.432 54953.28846591 32.97 207.301213  65.172001 23.362
 78    56.164 54953.28846655 33.97 207.298203  65.175101 23.362
 78    55.992 54953.28846720 33.90 207.295193  65.178201 23.362
 78    56.042 54953.28846784 32.84 207.292173  65.181311 23.362
 78    56.164 54953.28846849 34.20 207.289163  65.184411 23.362
 78    56.137 54953.28846913 33.71 207.286143  65.187511 23.362
 78    56.134 54953.28846977 36.37 207.283133  65.190611 23.362
 78    56.186 54953.28847042 38.06 207.280113  65.193721 23.362
 79    59.303 54988.28848434 52.84 207.327551  65.144923 26.225
 79    59.326 54988.28848498 52.60 207.324541  65.148023 26.225
 79    59.121 54988.28848563 51.22 207.321531  65.151123 26.225
 79    59.114 54988.28848627 52.17 207.318531  65.154233 26.225
 79    59.125 54988.28848692 52.93 207.315520  65.157333 37.141
 79    58.956 54988.28848756 53.32 207.312510  65.160433 37.141
 79    58.970 54988.28848821 52.20 207.309500  65.163543 37.141
 79    59.005 54988.28848885 50.18 207.306490  65.166643 37.141
 79    58.798 54988.28848950 54.71 207.303480  65.169743 37.141
 79    58.831 54988.28849014 55.22 207.300460  65.172853 37.141
 79    58.893 54988.28849079 52.54 207.297450  65.175953 37.141
 79    58.858 54988.28849143 51.25 207.294440  65.179053 37.141
 79    58.737 54988.28849207 51.44 207.291420  65.182163 37.141
 79    58.668 54988.28849272 51.69 207.288410  65.185263 37.141
 79    58.684 54988.28849336 52.61 207.285390  65.188363 37.141
 79    58.726 54988.28849401 49.42 207.282380  65.191463 37.141
 80    61.145 55023.28847579 27.01 207.338991  65.143757 16.670
 80    57.386 55023.28847643 30.14 207.335981  65.146857 16.670
 80    57.436 55023.28847708 37.26 207.332981  65.149967 16.670
 83   135.656 55128.28841291 10.64 207.327113  65.148551  3.829
 83   135.667 55128.28841355 10.67 207.324113  65.151651  3.829
 83   135.644 55128.28841419 12.16 207.321103  65.154751  3.829
 83   134.863 55128.28841548 11.09 207.315084  65.160958  9.266
 83   133.689 55128.28841613 13.40 207.312074  65.164068  9.266
 83   131.310 55128.28841677 12.27 207.309064  65.167168  9.266
 83   130.508 55128.28841742 11.69 207.306054  65.170268  9.266
 83   129.391 55128.28841806 12.47 207.303034  65.173378  9.266
 83   128.783 55128.28841871 10.25 207.300024  65.176478  9.266
 83   127.231 55128.28841935  9.60 207.297014  65.179578  9.266
 83   125.537 55128.28842000  9.32 207.293994  65.182688  9.266
 83   117.235 55128.28842064  9.41 207.290984  65.185788  9.266
 83   116.100 55128.28842129  7.68 207.287964  65.188888  9.266
 85    58.373 55198.28840890 20.82 207.301664  65.169950  9.531
 85    57.945 55198.28840954 22.66 207.298654  65.173060  9.531
 85    58.165 55198.28841019 22.36 207.295634  65.176160  9.531
 85    55.623 55198.28841083 20.86 207.292624  65.179260  9.531
 85    55.173 55198.28841148 21.21 207.289604  65.182370  9.531
 85    54.788 55198.28841212 22.02 207.286594  65.185470  9.531
 85    54.938 55198.28841277 20.97 207.283574  65.188570  9.531
 85    55.150 55198.28841341 20.53 207.280554  65.191670  9.531
 85    55.473 55198.28841406 19.79 207.277544  65.194780  9.531
 87    61.407 55268.28839947 12.83 207.325111  65.151034  3.361
 87    61.944 55268.28840012 12.96 207.322101  65.154144  3.361
 87    60.001 55268.28840076 16.36 207.319095  65.157241  7.822
 87    58.832 55268.28840140 18.36 207.316085  65.160341  7.822
 87    58.812 55268.28840205 18.91 207.313075  65.163451  7.822
 87    58.826 55268.28840269 17.62 207.310065  65.166551  7.822
 87    58.316 55268.28840334 16.83 207.307055  65.169651  7.822
 87    57.723 55268.28840398 18.34 207.304035  65.172761  7.822
 87    57.608 55268.28840463 16.94 207.301025  65.175861  7.822
 87    55.715 55268.28840527 16.72 207.298015  65.178961  7.822
 87    55.004 55268.28840592 16.29 207.294995  65.182071  7.822
 87    54.664 55268.28840656 17.13 207.291985  65.185171  7.822
 89    56.001 55338.28837142 40.09 207.334750  65.143901 13.910
 89    55.935 55338.28837206 37.63 207.331740  65.147001 13.910
 89    56.107 55338.28837271 40.31 207.328740  65.150101 13.910
 89    55.884 55338.28837335 43.55 207.325730  65.153211 13.910
 89    55.836 55338.28837529 30.51 207.316697  65.162521 20.094
 89    55.804 55338.28837593 30.98 207.313687  65.165621 20.094
 89    55.690 55338.28837658 46.89 207.310677  65.168731 20.094
 89    55.718 55338.28837722 51.10 207.307667  65.171831 20.094
 89    55.805 55338.28837786 50.79 207.304657  65.174931 20.094
 89    55.715 55338.28837851 45.10 207.301647  65.178041 20.094
 91    59.076 55408.28838303 51.37 207.331027  65.144191 14.987
 91    58.374 55408.28838368 50.78 207.328017  65.147301 14.987
 91    58.299 55408.28838432 48.89 207.325017  65.150401 14.987
 91    58.360 55408.28838496 51.48 207.322007  65.153511 14.987
 91    58.250 55408.28838561 52.23 207.318996  65.156610 35.572
 91    58.114 55408.28838625 51.99 207.315986  65.159710 35.572
 91    58.121 55408.28838690 49.19 207.312976  65.162820 35.572
 91    57.947 55408.28838754 47.27 207.309966  65.165920 35.572
 91    57.988 55408.28838819 45.03 207.306956  65.169020 35.572
 91    57.943 55408.28838883 41.03 207.303936  65.172130 35.572
 91    57.946 55408.28838948 42.43 207.300926  65.175230 35.572
 91    57.895 55408.28839012 41.92 207.297916  65.178330 35.572
 91    57.838 55408.28839077 50.66 207.294896  65.181440 35.572
 91    57.832 55408.28839141 52.18 207.291886  65.184540 35.572
 91    57.824 55408.28839206 49.86 207.288866  65.187640 35.572
 92    57.463 55443.28838030 52.98 207.336753  65.144609 27.190
 92    57.483 55443.28838095 51.99 207.333743  65.147709 27.190
 92    57.486 55443.28838159 53.02 207.330743  65.150809 27.190
