# NaN NaN NaN ;Mean Elev.(m), Avg Gradient(m/km), RMS Gradient(m/km) - SRTM1     
#   82.646 -22.847  62.310 ;Mean Elev.(m), Avg Gradient(m/km), RMS Gradient(m/km) - ASTER GDEM
#   74.562 -23.950  60.429 ;Mean Elev.(m), Avg Gradient(m/km), RMS Gradient(m/km) - GMTED2010 
 10 209.840892  65.514064    72.163    72.163  2 52567.28061742 38.482
 11 209.845071  65.515967    74.130    74.130  2 52602.28062159 21.701
 12 209.831370  65.512702    81.057    81.057  2 52637.28059023 13.337
 13 209.844521  65.515785    94.243    92.895  3 52672.28059320  8.295
 14 209.835978  65.514227    96.969    96.969  2 52707.28059579  6.478
 15 209.843728  65.514205    94.507    94.507  2 52742.28062706  6.736
 20 209.850641  65.518205    73.362    73.362  2 52917.28069621 44.093
 22 209.845932  65.517793    83.058    83.058  2 52987.28067220 14.472
 23 209.850957  65.518055   103.915   104.234  3 53022.28066081  5.190
 25 209.845002  65.516325   113.839   113.839  2 53092.28069042  1.270
 26 209.837419  65.514101    74.174    74.174  2 53127.28066121 32.092
 27 209.837731  65.512608    82.488    82.488  2 53162.28072461 39.392
 35 209.852816  65.520484    93.626    93.481  3 53442.28065484  4.127
 36 209.832813  65.512790    96.518    96.518  2 53477.28072492  1.196
 44 209.839024  65.515531    95.920    95.920  2 53757.28055962  6.872
 45 209.848224  65.518036   107.190   107.190  2 53792.28058431  3.981
 46 209.835681  65.511823   114.793   114.793  2 53827.28054911  2.464
 47 209.835542  65.512289    74.725    74.725  2 53862.28063624 26.937
 49 209.835165  65.514297    79.591    79.591  2 53932.28070698 29.240
 50 209.842234  65.515069    77.136    77.136  2 53967.28068118 42.556
 54 209.853607  65.520154    83.097    83.097  2 54107.28062900 13.301
 55 209.837635  65.512907    87.618    87.618  2 54142.28061312 10.809
 56 209.848539  65.518459    94.821    92.263  3 54177.28061108  8.034
 61 209.851334  65.517465    75.749    75.749  2 54352.28062377 42.568
 62 209.842256  65.514300    74.478    74.478  2 54387.28059688 36.688
 63 209.848903  65.516259    76.983    76.983  2 54422.28057330 17.667
 66 209.839540  65.514818    81.529    81.529  2 54527.28058346  8.767
 67 209.849722  65.518048    90.431    90.332  3 54562.28058421  9.385
 70 209.842494  65.515284    78.317    78.317  2 54667.28059837 41.101
 71 209.849779  65.520368    77.457    77.430  3 54702.28056598 35.395
 73 209.848130  65.516949    75.997    75.997  2 54772.28054606 23.345
 76 209.838785  65.514371    95.425    93.387  3 54877.28055445  8.005
 77 209.849596  65.517357   110.151   110.487  3 54912.28054759  0.389
 78 209.837687  65.513522    81.168    81.168  2 54947.28054712 10.701
 80 209.842581  65.516416    80.023    80.023  2 55017.28057249 42.401
 89 209.842504  65.515873    73.935    73.935  2 55332.28046750 39.180
 90 209.846906  65.516353    77.571    78.095  3 55367.28045967 27.834
 91 209.836798  65.513659    77.968    77.441  3 55402.28047388 32.805
