# NaN NaN NaN ;Mean Elev.(m), Avg Gradient(m/km), RMS Gradient(m/km) - SRTM1     
#   60.345  -5.547  69.579 ;Mean Elev.(m), Avg Gradient(m/km), RMS Gradient(m/km) - ASTER GDEM
#   76.143  -6.082  66.704 ;Mean Elev.(m), Avg Gradient(m/km), RMS Gradient(m/km) - GMTED2010 
  7 208.658049  65.258909    69.020    69.020  2 52465.28455619 34.866
  9 208.640135  65.256484    66.631    66.631  2 52535.28453867 44.709
 10 208.652829  65.259752    62.383    62.383  2 52570.28457052 39.720
 11 208.665336  65.258690    62.306    62.306  2 52605.28454484 24.674
 12 208.646092  65.258269    62.050    62.050  2 52640.28453186 12.581
 13 208.663197  65.260842    92.644    92.644  2 52675.28452461  9.373
 14 208.648136  65.259251    61.532    61.532  2 52710.28454530  6.951
 17 208.641806  65.258161    67.845    67.845  2 52815.28459269 10.932
 21 208.651981  65.258323    60.784    60.784  2 52955.28459938 39.294
 22 208.661574  65.260054    62.779    62.779  2 52990.28461234  9.945
 23 208.672707  65.260631    64.273    64.273  2 53025.28458597  7.856
 24 208.661910  65.259687    61.696    61.696  2 53060.28458984  8.073
 25 208.661859  65.259053    60.878    60.878  2 53095.28462337 12.917
 26 208.658202  65.257515    65.734    65.734  2 53130.28459558 26.484
 28 208.657451  65.257359    66.561    66.561  2 53200.28466794 39.968
 29 208.671298  65.260415    62.669    62.669  2 53235.28463782 47.492
 30 208.643026  65.256831    62.415    62.415  2 53270.28460074 50.367
 31 208.644101  65.258171    61.428    61.428  2 53305.28466336 43.776
 32 208.663836  65.258302    61.200    61.200  2 53340.28463107 20.343
 34 208.659119  65.258012    61.281    61.281  2 53410.28460554  8.826
 35 208.673830  65.259934    62.414    62.414  2 53445.28458817  9.898
 36 208.644950  65.258358    62.498    62.498  2 53480.28467055 11.298
 37 208.657291  65.260683    68.228    68.228  2 53515.28467652 47.721
 39 208.665567  65.259344    64.370    64.370  2 53585.28465529 42.177
 41 208.651147  65.257897    95.605    95.605  2 53655.28464151  4.256
 42 208.659408  65.258622    61.595    61.595  2 53690.28463373 21.955
 44 208.654306  65.258836    61.696    61.696  2 53760.28450384 10.562
 45 208.669874  65.258853    62.684    62.684  2 53795.28452047  7.519
 46 208.647530  65.258398    61.249    61.249  2 53830.28450047 16.625
 48 208.655436  65.259233   146.768   146.768  2 53900.28460413  1.568
 52 208.655796  65.258324    62.343    62.343  2 54040.28462171 46.103
 53 208.661932  65.260601    62.487    62.487  2 54075.28461634 21.045
 54 208.673024  65.260727    61.660    61.660  2 54110.28455961 15.233
 55 208.650965  65.258851    61.403    61.403  2 54145.28455569 15.176
 57 208.651893  65.258138    63.846    63.939  3 54215.28456353 30.061
 58 208.655763  65.257878    66.852    66.852  2 54250.28459063 44.720
 60 208.661192  65.259221    65.414    65.414  2 54320.28459462 52.089
 62 208.659577  65.257762    65.026    65.026  2 54390.28453484 35.371
 63 208.664161  65.259388    62.372    62.372  2 54425.28450653 18.868
 64 208.651030  65.259303    62.009    62.009  2 54460.28451152 10.329
 65 208.664035  65.260920    62.205    62.205  2 54495.28451254  7.733
 66 208.656005  65.258318    64.095    64.095  2 54530.28452411  8.231
 68 208.656981  65.258545    66.981    66.981  2 54600.28451975 45.134
 69 208.657311  65.259178    71.381    71.381  2 54635.28453197 40.476
 70 208.659221  65.260294    65.883    65.883  2 54670.28453646 49.524
 71 208.668738  65.258968    99.022    99.022  2 54705.28449829  7.616
 72 208.654526  65.257618    65.639    65.639  2 54740.28449933 46.185
 74 208.648104  65.258779    63.526    63.526  2 54810.28449319  8.765
 77 208.667736  65.259192    65.941    65.941  2 54915.28448206  1.977
 79 208.656173  65.257353    68.765    68.765  2 54985.28451377 44.886
 82 208.668739  65.259294    63.707    63.707  2 55090.28446389 47.670
 83 208.657295  65.257967    62.261    62.261  2 55125.28444276 48.785
 84 208.663274  65.260042    93.572    93.572  2 55160.28442522  6.495
 85 208.648704  65.259369    62.575    62.575  2 55195.28443375 10.413
 86 208.667170  65.259545    62.069    62.069  2 55230.28442769 13.917
 87 208.655804  65.260312    76.904    76.904  2 55265.28442874  8.155
 89 208.661921  65.257827    63.222    63.222  2 55335.28440482 42.577
 90 208.662736  65.258348    65.128    65.128  2 55370.28439540 48.472
 91 208.655142  65.257983    67.465    67.465  2 55405.28441365 19.288
 92 208.665088  65.258576    65.315    65.315  2 55440.28441411 48.504
 93 208.671585  65.259965    62.426    62.426  2 55475.28435861 38.519
