-165436.279   243.233     0.00   34.32
-165066.211   241.487    -4.72   35.75
-164696.209   241.125    -0.98   31.68
-164326.274   236.968   -11.24   26.06
-163956.406   231.065   -15.96   21.95
-163586.604   226.766   -11.62   20.58
-163216.868   214.789   -32.40   27.94
-162847.199   198.534   -43.98   31.33
-162477.596   178.438   -54.38   23.37
-162108.059   165.509   -34.99   19.75
-161738.589   158.875   -17.96   20.03
-161369.185   166.920    21.78   27.66
-160999.847   183.956    46.13   36.22
-160630.575   203.753    53.62   32.18
-160261.369   217.211    36.46   17.21
-159892.230   212.082   -13.90   20.83
-159523.156   194.980   -46.34   27.31
-159154.148   174.875   -54.49   25.85
-158785.207   166.211   -23.49   21.61
-158416.331   172.186    16.20   26.55
-158047.522   183.868    31.68   26.88
-157678.778   191.184    19.84   22.85
-157310.100   188.579    -7.07   26.89
-156941.488   182.118   -17.53   26.82
-156572.941   182.848     1.98   33.48
-156204.461   188.345    14.92   40.51
-155836.046   188.874     1.43   42.82
-155467.697   183.436   -14.77   41.31
-155099.413   178.980   -12.10   38.32
-154731.195   169.071   -26.91   35.45
-154363.042   164.807   -11.58   29.36
-153994.955   163.824    -2.67   27.34
-153626.934   167.390     9.69   30.30
-153258.978   171.905    12.27   30.73
-152891.087   174.936     8.24   27.09
-152523.262   178.318     9.20   24.78
-152155.502   188.060    26.49   25.99
-151787.808   197.801    26.50   25.41
-151420.178   201.101     8.98   21.66
-151052.614   201.100    -0.00   22.35
-150685.115   195.801   -14.42   25.67
-150317.682   178.433   -47.28   36.79
-149950.313   155.113   -63.48   43.04
-149583.010   132.955   -60.33   35.11
-149215.772   124.911   -21.91   24.31
-148848.598   123.886    -2.79   18.70
-148481.490   131.678    21.23   16.81
-148114.447   138.890    19.65   14.97
-147747.468   144.765    16.01   17.52
-147380.555   154.086    25.41   19.79
-147013.706   166.560    34.01   19.77
-146646.922   175.754    25.07   18.48
-146267.282   177.087     3.51   19.82
-145887.095   174.566    -6.63   21.63
-145506.979   169.952   -12.14   19.33
-145126.933   161.810   -21.43   16.00
-144746.957   153.948   -20.69   18.96
-144367.052   146.314   -20.10   15.96
-143987.217   143.546    -7.29   11.58
-143607.452   144.212     1.75   11.09
-143227.757   144.345     0.35   12.35
-142848.132   136.750   -20.01   15.16
-142468.576   127.131   -25.35   13.78
-142089.091   120.161   -18.37   12.07
-141709.676   116.075   -10.77   11.29
-141330.331   113.050    -7.97   11.42
-140951.056   110.519    -6.67   10.50
-140571.850   108.490    -5.35    9.85
-140192.714   104.297   -11.06    9.31
-139813.648    97.704   -17.39    9.34
-139434.652    91.515   -16.33    8.48
-139055.725    85.131   -16.85    7.50
-138676.868    79.797   -14.08    5.40
-138298.081    76.643    -8.33    3.80
-137919.363    75.073    -4.15    2.63
-137540.715    75.619     1.44    4.88
-137162.136    76.390     2.04    6.05
-136783.626    76.786     1.05    6.09
-136405.186    76.972     0.49    6.33
-136026.815    78.606     4.32    7.12
-135648.514    80.045     3.80    7.90
-135270.282    82.124     5.50    7.81
-134892.119    85.063     7.77    6.32
-134514.025    87.235     5.75    5.18
-134136.001    88.095     2.27    4.39
-133758.045    88.478     1.01    4.20
-133380.159    87.228    -3.31    5.73
-133002.342    84.682    -6.74    6.71
-132624.593    81.001    -9.75    7.20
-132246.914    78.143    -7.57    6.77
-131869.304    74.118   -10.66    7.64
-131491.762    71.485    -6.98    7.72
-131114.290    70.777    -1.88   10.35
-130736.886    69.959    -2.17   11.77
-130359.551    69.920    -0.10   11.85
-129982.285    67.754    -5.74    9.33
-129605.087    65.717    -5.40    6.97
-129227.959    64.532    -3.14    5.29
-128850.898    63.704    -2.20    3.99
-128473.907    63.057    -1.71    2.73
-128096.984    62.838    -0.58    2.39
-127720.129    63.411     1.52    2.80
-127343.343    64.347     2.48    3.40
-126966.626    65.821     3.92    3.45
-126589.977    67.118     3.44    3.12
-126213.396    69.100     5.26    3.04
-125836.883    71.111     5.34    3.17
-125460.439    73.679     6.82    3.67
-125084.063    75.880     5.85    4.10
-124707.756    77.556     4.45    4.32
-124331.516    78.864     3.47    5.22
-123955.345    80.008     3.04    5.91
-123579.242    79.708    -0.80    5.28
-123203.207    78.619    -2.90    4.57
-122827.240    79.745     3.00    5.13
-122451.341    83.726    10.59   10.89
-122075.510    90.383    17.71   14.82
-121699.746    95.557    13.77   13.32
-121324.051   102.137    17.51   10.90
-120948.424   108.726    17.54   13.77
-120572.864   115.656    18.45   17.11
-120197.373   129.277    36.28   23.72
-119821.948   149.843    54.79   27.17
-119446.592   168.655    50.12   27.83
-119071.303   183.555    39.71   22.67
-118696.082   192.399    23.57   19.06
-118320.929   197.955    14.81   15.05
-117945.843   195.087    -7.65   18.01
-117570.825   185.777   -24.83   20.66
-117195.874   181.082   -12.52   20.29
-116820.991   180.289    -2.11   20.17
-116446.175   181.593     3.48   18.64
-116071.426   175.570   -16.07   21.72
-115696.745   164.972   -28.29   23.68
-115322.131   151.716   -35.39   21.93
-114947.584   143.655   -21.52   23.64
-114573.105   140.334    -8.87   27.27
-114198.693   146.026    15.20   28.14
-113824.348   149.366     8.92   23.58
-113450.070   148.405    -2.57   19.06
-113075.859   145.742    -7.12   18.09
-112701.715   147.255     4.05   21.41
-112327.638   151.429    11.16   25.26
-111953.629   155.858    11.84   28.80
-111579.686   175.050    51.33   37.29
-111205.810   196.040    56.15   39.02
-110832.001   209.338    35.58   35.12
-110458.259   215.981    17.77   31.82
-110084.583   220.607    12.38   28.32
-109710.975   231.771    29.88   28.41
-109337.433   251.887    53.86   32.57
-108963.958   265.669    36.91   25.57
-108590.549   258.464   -19.30   33.87
-108217.207   238.006   -54.80   41.99
-107843.932   203.826   -91.58   47.36
-107470.723   175.810   -75.08   39.29
-107097.581   154.881   -56.09   34.89
-106724.505   134.344   -55.05   25.89
-106351.496   125.753   -23.04   21.81
-105978.553   120.643   -13.70   19.22
-105605.676   120.100    -1.46   25.51
-105232.866   124.181    10.95   33.67
-104860.122   131.914    20.75   33.24
-104487.445   132.932     2.73   30.58
-104114.833   134.486     4.17   23.83
-103742.288   144.406    26.63   26.48
-103369.809   163.643    51.65   36.05
-102997.396   185.695    59.22   31.78
-102625.049   198.896    35.45   23.04
-102252.768   208.117    24.77   22.72
-101880.554   212.248    11.10   22.58
-101508.405   216.822    12.29   22.36
-101136.322   220.668    10.34   22.53
-100764.305   222.972     6.19   24.58
-100392.354   224.840     5.02   22.66
-100020.469   225.835     2.68   20.20
 -99648.650   226.704     2.34   23.44
 -99276.896   221.335   -14.44   28.71
 -98905.208   210.704   -28.61   33.02
 -98533.586   193.788   -45.52   36.97
 -98162.030   169.055   -66.57   36.15
 -97790.539   147.682   -57.54   28.04
 -97419.114   134.089   -36.60   26.62
 -97047.754   126.169   -21.33   22.15
 -96676.460   121.766   -11.86   13.58
 -96305.231   119.220    -6.86    5.23
 -95934.068   122.766     9.56    5.24
 -95562.970   127.538    12.86    6.80
 -95191.938   134.484    18.72   12.03
 -94820.971   144.590    27.24   17.39
 -94450.069   157.357    34.42   24.16
 -94079.233   171.472    38.06   29.32
 -93708.462   187.001    41.89   32.19
 -93337.756   196.011    24.31   34.12
 -92967.115   187.838   -22.05   33.96
 -92596.540   179.476   -22.57   28.99
 -92226.029   174.606   -13.14   19.15
 -91855.584   175.297     1.86   15.05
 -91485.203   186.396    29.97   19.29
 -91114.888   200.769    38.82   19.26
 -90744.638   204.607    10.36   18.08
 -90374.452   204.693     0.23   18.13
 -90004.332   208.943    11.48   19.08
 -89634.276   219.605    28.82   28.07
 -89264.285   264.838   122.26   79.74
 -88894.359   326.580   166.91  110.76
 -88524.498   411.211   228.84  118.20
 -88154.702   484.220   197.44  107.21
 -87784.970   537.075   142.97   91.33
 -87415.303   559.455    60.55   82.60
 -87045.700   565.911    17.47   75.86
 -86676.163   552.343   -36.72   76.29
 -86306.689   525.268   -73.29   76.64
 -85937.280   495.005   -81.93   79.74
 -85567.936   462.375   -88.35   72.03
 -85198.656   449.960   -33.62   76.90
 -84829.441   440.087   -26.74   89.12
 -84460.290   449.268    24.87   91.37
 -84091.203   451.805     6.88   78.85
 -83722.181   450.472    -3.61   74.24
 -83353.223   451.205     1.99   62.06
 -82984.330   449.297    -5.17   56.34
 -82615.500   440.258   -24.51   63.84
 -82246.735   422.556   -48.01   70.01
 -81878.034   395.858   -72.42   70.57
 -81509.397   361.378   -93.54   75.25
 -81140.824   318.795  -115.54   60.68
 -80772.315   282.993   -97.16   47.03
 -80403.870   253.175   -80.93   24.90
 -80035.489   240.221   -35.17   18.48
 -79667.172   228.968   -30.56   17.74
 -79298.919   213.082   -43.14   23.42
 -78930.730   197.090   -43.44   21.37
 -78562.605   186.112   -29.82   21.06
 -78194.544   183.591    -6.85   27.15
 -77826.546   190.161    17.85   37.87
 -77458.612   199.201    24.57   45.73
 -77090.742   212.455    36.03   47.61
 -76722.936   220.438    21.70   50.79
 -76355.193   223.009     6.99   50.39
 -75987.514   224.339     3.62   43.71
 -75619.898   231.458    19.37   39.02
 -75252.346   233.280     4.96   38.45
 -74884.858   234.865     4.31   37.77
 -74517.433   236.082     3.31   37.02
 -74150.071   229.063   -19.11   36.17
 -73782.773   222.112   -18.92   38.47
 -73415.539   213.258   -24.11   42.52
 -73048.367   203.230   -27.31   46.33
 -72681.259   179.754   -63.95   49.52
 -72314.215   151.371   -77.33   49.23
 -71947.233   119.681   -86.36   41.03
 -71570.910    94.470   -67.00   33.84
 -71190.866    73.225   -55.90   18.02
 -70810.889    72.075    -3.03   17.26
 -70430.982    91.235    50.44   35.76
 -70051.142   124.143    86.64   45.08
 -69671.371   167.939   115.33   45.33
 -69291.668   199.760    83.81   37.25
 -68912.034   220.923    55.75   31.45
 -68532.468   231.175    27.01   32.74
 -68152.970   232.754     4.16   36.67
 -67773.540   232.288    -1.23   41.02
 -67394.178   223.280   -23.74   40.35
 -67014.884   216.071   -19.01   40.18
 -66635.659   211.939   -10.90   34.91
 -66256.501   208.820    -8.23   31.88
 -65877.412   207.816    -2.65   30.05
 -65498.390   208.194     1.00   25.70
 -65119.436   207.527    -1.76   23.04
 -64740.550   204.754    -7.32   26.56
 -64361.732   191.795   -34.21   36.76
 -63982.982   170.853   -55.30   46.43
 -63604.299   146.253   -64.96   42.67
 -63225.684   121.730   -64.77   31.64
 -62847.137   103.117   -49.17   15.68
 -62468.658   101.421    -4.48   13.13
 -62090.246   106.552    13.56   15.73
 -61711.901   116.606    26.58   15.27
 -61333.625   122.258    14.94   12.80
 -60955.415   115.063   -19.03   20.00
 -60577.273   101.807   -35.06   23.04
 -60199.199    93.569   -21.79   20.90
 -59821.192    91.493    -5.49   21.15
 -59443.252    93.757     5.99   19.61
 -59065.380    98.288    11.99   17.32
 -58687.575    97.393    -2.37   14.94
 -58309.837    93.384   -10.61   15.31
 -57932.167    90.795    -6.86   14.72
 -57554.563    94.310     9.31   19.96
 -57177.027   106.553    32.43   30.93
 -56799.558   120.094    35.87   31.21
 -56422.156   124.812    12.50   29.19
 -56044.821   118.840   -15.83   29.67
 -55667.552   106.617   -32.40   27.41
 -55290.351    87.976   -49.42   28.13
 -54913.217    74.393   -36.02   24.30
 -54536.150    71.021    -8.94   16.53
 -54159.149    76.681    15.01   18.03
 -53782.216    82.013    14.15   14.94
 -53405.349    79.656    -6.26   14.60
 -53028.549    72.143   -19.94   16.60
 -52651.815    58.993   -34.91   14.01
 -52275.149    50.618   -22.23   13.02
 -51898.549    44.038   -17.47   10.74
 -51522.015    39.905   -10.98    6.15
 -51145.548    39.730    -0.46    5.26
 -50769.148    42.580     7.57    5.52
 -50392.814    48.318    15.25    8.87
 -50016.547    50.959     7.02   11.60
 -49640.346    49.569    -3.70   13.74
 -49264.211    43.942   -14.96   13.98
 -48888.143    36.818   -18.94   10.57
 -48512.141    31.427   -14.34    5.10
 -48136.205    29.655    -4.71    1.53
 -47760.336    29.409    -0.65    0.69
 -47384.533    29.631     0.59    0.60
 -47008.796    29.790     0.42    0.43
 -46633.125    29.805     0.04    0.51
 -46257.520    30.038     0.62    0.98
 -45881.981    30.421     1.02    1.32
 -45506.509    30.377    -0.12    1.31
 -45131.102    29.890    -1.30    1.08
 -44755.762    29.553    -0.90    0.81
 -44380.487    29.805     0.67    1.10
 -44005.278    30.377     1.52    1.61
 -43630.135    30.939     1.50    1.81
 -43255.058    30.742    -0.53    1.87
 -42880.047    29.921    -2.19    1.58
 -42505.101    30.002     0.21    2.22
 -42130.221    32.130     5.68    4.81
 -41755.407    36.468    11.57    6.56
 -41380.659    42.297    15.56    8.04
 -41005.976    49.828    20.10    8.38
 -40631.359    55.668    15.59    9.21
 -40256.807    62.055    17.05    8.92
 -39882.321    68.377    16.88    8.79
 -39507.900    77.593    24.62   14.30
 -39133.545    90.238    33.78   19.91
 -38759.255   114.914    65.93   32.07
 -38385.031   145.617    82.05   42.06
 -38010.871   189.568   117.47   57.64
 -37636.778   229.774   107.48   56.29
 -37262.749   261.893    85.87   54.01
 -36888.786   276.448    38.92   52.95
 -36514.888   281.532    13.60   43.52
 -36141.055   286.709    13.85   34.98
 -35767.287   273.643   -34.96   42.88
 -35393.584   251.919   -58.13   53.16
 -35019.947   218.080   -90.57   53.18
 -34646.374   194.419   -63.34   36.20
 -34272.867   181.570   -34.40   25.28
 -33899.424   171.445   -27.11   16.97
 -33526.047   159.482   -32.04   20.69
 -33152.734   142.175   -46.36   21.15
 -32779.486   130.223   -32.02   18.25
 -32406.303   120.123   -27.06   15.89
 -32033.185   111.543   -23.00   19.05
 -31660.131   100.932   -28.44   21.38
 -31287.143    91.680   -24.81   17.21
 -30914.218    88.238    -9.23   11.26
 -30541.359    92.211    10.66   13.44
 -30168.564   106.820    39.19   21.81
 -29795.834   120.343    36.28   23.65
 -29423.169   131.681    30.43   20.02
 -29050.568   140.580    23.88   20.19
 -28678.031   158.073    46.96   32.53
 -28305.559   185.445    73.49   38.04
 -27933.151   202.233    45.08   28.10
 -27560.808   208.655    17.25   19.85
 -27188.529   213.425    12.81   33.65
 -26816.314   223.896    28.13   55.74
 -26444.164   239.883    42.96   70.05
 -26072.078   245.310    14.58   78.52
 -25700.056   240.858   -11.97   73.02
 -25328.099   224.174   -44.85   64.90
 -24956.205   203.976   -54.31   59.80
 -24584.376   180.491   -63.16   51.94
 -24212.611   152.250   -75.96   44.89
 -23840.909   129.643   -60.82   36.50
 -23469.272   112.099   -47.21   29.28
 -23097.699   101.079   -29.66   21.93
 -22726.190    93.357   -20.78   18.72
 -22354.745    89.947    -9.18   20.07
 -21983.363    85.010   -13.29   24.11
 -21612.046    78.038   -18.78   25.29
 -21240.792    68.592   -25.44   21.54
 -20869.602    58.861   -26.22   12.81
 -20498.476    54.903   -10.67    9.52
 -20127.414    56.238     3.60   10.04
 -19756.415    59.782     9.55    9.53
 -19385.480    62.828     8.21   13.47
 -19014.608    69.018    16.69   18.16
 -18643.800    75.476    17.42   20.95
 -18273.056    82.890    20.00   24.76
 -17902.375    92.205    25.13   26.74
 -17531.758    99.463    19.58   28.26
 -17161.204    98.143    -3.56   26.91
 -16790.714    94.518    -9.78   28.23
 -16420.287    88.238   -16.95   28.39
 -16049.923    83.669   -12.34   28.13
 -15679.623    88.493    13.03   29.22
 -15309.386    90.238     4.71   27.64
 -14939.212    84.493   -15.52   31.28
 -14569.102    75.516   -24.25   33.74
 -14199.055    65.280   -27.66   30.90
 -13829.071    51.348   -37.66   26.84
 -13459.150    43.430   -21.40   25.60
 -13089.292    26.318   -46.27   23.45
 -12719.497    11.630   -39.72   17.29
 -12349.765     1.731   -26.77    5.79
 -11980.097     0.466    -3.42    1.15
 -11610.491     1.240     2.10    1.26
 -11240.948     2.218     2.65    1.33
 -10871.468     2.968     2.03    0.98
 -10502.051     3.243     0.75    0.56
 -10132.697     3.271     0.08    0.74
  -9763.405     3.276     0.01    1.22
  -9394.177     3.310     0.09    1.64
  -9025.011     3.530     0.60    2.01
  -8655.908     3.816     0.77    2.26
  -8286.867     4.593     2.11    2.51
  -7917.889     6.077     4.02    3.22
  -7548.974     9.682     9.77    5.52
  -7180.122    13.959    11.60    6.96
  -6811.332    17.743    10.26    7.94
  -6442.604    20.096     6.38    8.15
  -6073.939    20.068    -0.08    7.77
  -5705.336    18.886    -3.21    6.56
  -5336.796    18.681    -0.56    5.78
  -4968.318    20.669     5.40    7.19
  -4599.903    25.777    13.86    9.69
  -4231.550    32.524    18.32   12.82
  -3863.259    39.730    19.57   14.21
  -3495.031    49.577    26.74   15.40
  -3126.864    57.068    20.35   16.50
  -2758.760    59.731     7.24   18.09
  -2390.718    59.605    -0.34   19.51
  -2022.739    53.409   -16.84   22.03
  -1654.821    41.818   -31.51   22.48
  -1286.965    33.942   -21.41   24.97
   -919.172    24.579   -25.46   25.04
   -551.440    14.630   -27.05   21.87
   -183.771     6.718   -21.52   16.47
    183.837     1.630   -13.84    3.81
    551.383     1.553    -0.21    2.83
    918.866     2.105     1.50    2.84
   1286.288     2.425     0.87    2.54
   1653.648     2.731     0.83    2.31
   2020.947     2.833     0.28    2.21
   2388.183     2.947     0.31    2.17
   2755.358     2.773    -0.47    2.24
   3128.639     2.380    -1.05    2.23
   3508.544     1.474    -2.39    2.14
   3888.382     0.693    -2.05    1.82
   4268.154    -0.232    -2.44    1.04
   4647.859    -0.585    -0.93    0.66
   5027.497    -0.762    -0.47    0.49
   5407.069    -0.870    -0.28    0.50
   5786.574    -0.957    -0.23    0.52
   6166.013    -0.479     1.26    1.54
   6545.386     0.693     3.09    2.55
   6924.692     2.536     4.86    3.02
   7303.932     4.453     5.05    2.66
   7683.106     5.886     3.78    1.57
   8062.214     6.440     1.46    0.63
   8441.255     6.643     0.53    0.00
   8820.230     6.643     0.00    0.00
   9199.139     6.643     0.00    0.00
   9577.982     6.643     0.00    0.00
   9956.758     6.643     0.00    0.00
  10335.469     6.747     0.27    0.31
  10714.114     6.980     0.62    0.48
  11092.692     7.116     0.36    0.50
  11471.205     7.280     0.43    0.48
  11849.652     7.319     0.10    0.47
  12228.033     7.377     0.15    0.44
  12606.348     7.579     0.53    0.25
  12984.598     7.643     0.17    0.00
  13362.781     7.643     0.00    0.00
  13740.899     7.643     0.00    0.00
  14118.951     7.643     0.00    0.00
  14496.938     7.668     0.07    0.16
  14874.859    13.518    15.48   13.64
  15252.714    25.390    31.42   20.95
  15630.504    38.643    35.08   19.38
  16008.228    48.709    26.65    9.11
  16385.887    49.980     3.37    3.64
  16763.480    47.481    -6.62    3.79
  17141.008    43.768    -9.83    5.62
  17518.470    39.209   -12.08    5.95
  17895.867    36.617    -6.87    5.03
  18273.199    35.940    -1.79    5.25
  18650.466    39.130     8.46    7.05
  19027.667    43.077    10.46    6.14
  19404.803    45.048     5.23    3.80
  19781.874    45.194     0.39    2.70
  20158.880    43.630    -4.15    2.20
  20535.820    43.468    -0.43    2.41
  20912.696    43.868     1.06    2.62
  21289.506    44.092     0.59    2.33
  21666.252    43.123    -2.57    2.66
  22042.932    40.593    -6.72    3.24
  22419.548    38.603    -5.28    2.58
  22796.098    37.111    -3.96    1.39
  23172.584    36.396    -1.90    0.61
  23549.005    35.883    -1.36    1.19
  23925.361    34.724    -3.08    2.30
  24301.652    32.480    -5.96    3.34
  24677.879    30.615    -4.96    2.55
  25054.041    29.855    -2.02    1.72
  25430.138    30.736     2.34    2.20
  25806.171    32.130     3.71    2.36
  26182.139    31.835    -0.78    2.73
  26558.042    30.162    -4.45    4.06
  26933.881    27.123    -8.08    4.75
  27309.655    24.155    -7.90    3.95
  27685.365    21.284    -7.64    3.28
  28061.010    20.002    -3.41    2.99
  28436.591    19.618    -1.02    3.31
  28812.108    18.905    -1.90    3.46
  29187.560    18.279    -1.67    3.16
  29562.948    17.827    -1.20    3.19
  29938.272    17.205    -1.66    3.18
  30313.532    16.376    -2.21    3.00
  30688.727    16.174    -0.54    2.95
  31063.858    16.454     0.74    3.03
  31438.925    16.331    -0.33    3.10
  31813.928    15.643    -1.84    2.74
  32188.867    14.505    -3.03    1.51
  32563.741    13.954    -1.47    0.74
  32938.552    13.980     0.07    0.89
  33313.299    13.913    -0.18    0.90
  33687.982    13.428    -1.30    0.98
  34062.601    12.710    -1.92    1.08
  34437.156    11.925    -2.09    1.19
  34811.647    11.090    -2.23    1.23
  35186.074    10.580    -1.36    1.41
  35560.438    10.181    -1.06    1.53
  35934.738     9.943    -0.64    1.57
  36308.974     9.682    -0.70    1.72
  36683.146     9.357    -0.87    1.84
  37057.255     9.105    -0.67    1.89
  37431.300     8.818    -0.77    1.85
  37805.282     8.399    -1.12    1.65
  38179.200     8.045    -0.95    1.15
  38553.054     8.006    -0.10    0.87
  38926.846     8.188     0.49    1.05
  39300.573     8.799     1.63    1.59
  39674.237     9.925     3.01    2.34
  40047.838    11.238     3.51    2.76
  40421.376    11.297     0.16    2.86
  40794.850    10.207    -2.92    2.91
  41168.261     8.950    -3.37    2.37
  41541.608     7.843    -2.96    1.80
  41914.893     7.523    -0.86    1.65
  42288.114     8.339     2.19    3.12
  42661.272    10.967     7.04    5.49
  43034.367    15.149    11.21    7.01
  43407.399    17.886     7.34    6.46
  43780.368    18.068     0.49    6.94
  44153.273    16.643    -3.82    8.26
  44526.116    13.930    -7.27    8.45
  44898.896    10.764    -8.49    7.09
  45271.613     8.243    -6.77    5.68
  45644.267     5.629    -7.01    1.44
  46016.858     5.383    -0.66    0.86
  46389.386     5.602     0.59    0.96
  46761.852     6.143     1.45    0.83
  47134.254     6.575     1.16    0.34
  47506.594     6.293    -0.76    1.01
  47878.871     5.832    -1.24    1.50
  48251.086     5.225    -1.63    1.78
  48623.238     4.616    -1.64    1.75
  48995.327     4.786     0.46    1.64
  49367.354     5.283     1.34    1.54
  49739.318     5.466     0.49    1.69
  50111.220     5.110    -0.96    2.23
  50483.059     4.793    -0.85    2.36
  50854.836     4.856     0.17    2.32
  51226.550     5.212     0.96    2.09
  51598.202     5.409     0.53    2.04
  51969.792     5.695     0.77    1.89
  52341.319     6.097     1.08    1.38
  52712.784     5.656    -1.19    1.58
  53084.186     4.790    -2.33    1.89
  53455.527     3.805    -2.65    1.65
  53826.805     2.893    -2.46    0.80
  54198.021     3.162     0.72    1.11
  54569.175     3.760     1.61    1.75
  54940.267     3.747    -0.03    1.98
  55311.297     3.168    -1.56    1.97
  55682.265     2.681    -1.31    1.82
  56053.170     3.024     0.93    2.15
  56424.014     4.187     3.14    2.35
  56794.796     4.370     0.49    2.43
  57165.516     3.693    -1.83    2.67
  57536.174     2.271    -3.84    2.33
  57906.770     1.412    -2.32    1.52
  58277.304     1.771     0.97    1.95
  58647.777     2.981     3.26    2.63
  59018.188     4.195     3.28    2.69
  59388.537     5.301     2.99    2.19
  59758.824     5.590     0.78    1.92
  60129.050     4.959    -1.70    2.36
  60499.214     3.445    -4.09    2.65
  60869.317     2.864    -1.57    2.48
  61239.357     3.220     0.96    2.62
  61609.337     3.810     1.59    2.74
  61979.255     3.487    -0.87    2.75
  62349.111     2.934    -1.50    2.70
  62718.906     2.994     0.16    2.60
  63088.640     3.605     1.65    2.58
  63458.312     4.051     1.21    2.64
  63827.923     3.476    -1.55    2.80
  64197.472     2.136    -3.63    2.45
  64566.960     1.143    -2.69    1.48
  64936.387     1.097    -0.12    1.25
  65305.753     1.656     1.51    1.94
  65675.057     3.070     3.83    2.61
  66044.301     4.243     3.18    2.56
  66413.483     4.416     0.47    2.52
  66782.604     3.693    -1.96    2.62
  67151.664     2.169    -4.13    2.40
  67520.663     0.721    -3.92    1.23
  67889.601     0.399    -0.87    1.07
  68258.478     1.006     1.65    2.08
  68627.294     1.710     1.91    2.48
  68996.049     2.055     0.94    2.67
  69364.743     2.332     0.75    2.69
  69733.376     2.068    -0.72    2.67
  70101.949     1.602    -1.26    2.62
  70470.460     1.396    -0.56    2.24
  70838.911     1.602     0.56    2.14
  71207.301     1.383    -0.59    2.05
  71575.631     1.102    -0.76    1.93
  71943.900     1.055    -0.13    1.95
  72312.108     0.879    -0.48    1.83
  72680.255     1.468     1.60    2.32
  73048.342     2.122     1.78    2.38
  73416.369     1.830    -0.79    2.32
  73784.334     1.561    -0.73    2.33
  74152.240     0.461    -2.99    1.80
  74520.085     0.129    -0.90    1.47
  74887.869     1.130     2.72    2.53
  75255.593     1.470     0.92    2.67
  75623.257     1.293    -0.48    2.59
  75990.860     0.575    -1.95    2.17
  76358.403    -0.281    -2.33    0.42
  76725.886     0.616     2.44    2.06
  77093.308     2.027     3.84    2.84
  77460.670     3.032     2.74    2.64
  77831.167     3.487     1.23    2.31
  78210.934     2.880    -1.60    2.19
  78590.636     2.071    -2.13    1.95
  78970.273     1.561    -1.35    1.94
  79349.846     1.293    -0.71    1.80
  79729.354     0.889    -1.06    1.61
  80108.797     0.415    -1.25    1.32
  80488.175     0.090    -0.86    0.91
  80867.488    -0.055    -0.38    0.69
  81246.737     0.061     0.30    0.81
  81625.922     0.466     1.07    1.07
  82005.042     1.084     1.63    1.33
  82384.097     1.523     1.16    1.38
  82763.088     2.043     1.37    1.59
  83142.014     2.075     0.09    1.77
  83520.876     2.018    -0.15    1.89
  83899.673     1.575    -1.17    1.98
  84278.406     0.669    -2.39    1.65
  84657.075    -0.170    -2.22    0.61
  85035.679    -0.278    -0.28    0.42
  85414.220    -0.201     0.20    0.65
  85792.696    -0.279    -0.21    0.42
  86171.107    -0.357    -0.21    0.00
  86549.455     0.077     1.15    1.24
  86927.738     1.491     3.74    2.55
  87305.958     3.283     4.74    3.18
  87684.113     6.258     7.87    3.95
  88062.204     8.940     7.09    3.49
  88440.231    11.214     6.02    3.57
  88818.194    12.768     4.11    3.24
  89196.094    13.156     1.03    2.77
  89573.929    12.629    -1.39    1.70
  89951.701    12.355    -0.73    1.69
  90329.408    11.459    -2.37    2.12
  90707.052    10.453    -2.66    2.29
  91084.632    10.353    -0.26    2.42
  91462.149    10.425     0.19    2.41
  91839.601     9.721    -1.87    3.02
  92216.990     8.201    -4.03    3.66
  92594.315     5.853    -6.22    3.12
  92971.577     4.130    -4.57    1.47
  93348.775     3.643    -1.29    0.00
  93725.910     3.643     0.00    0.00
  94102.981     3.643     0.00    0.00
  94479.988     3.643     0.00    0.00
  94856.932     3.643     0.00    0.00
  95233.813     3.643     0.00    0.00
  95610.630     3.643     0.00    0.00
  95987.384     3.643     0.00    0.00
  96364.075     3.643     0.00    0.00
  96740.702     3.643     0.00    0.00
  97117.266     3.643     0.00    0.00
  97493.767     3.643     0.00    0.00
  97870.205     3.643     0.00    0.00
  98246.579     3.643     0.00    0.00
  98622.890     3.643     0.00    0.00
  98999.139     3.643     0.00    0.00
  99375.324     3.643     0.00    0.00
  99751.446     3.643     0.00    0.00
 100127.505     3.643     0.00    0.00
 100503.501     3.643     0.00    0.00
 100879.435     3.819     0.47    0.48
 101255.305     4.592     2.06    1.30
 101631.112     5.435     2.24    1.45
 102006.857     6.180     1.98    1.08
 102382.539     6.629     1.20    0.54
 102758.158     6.656     0.07    0.52
 103133.714     6.955     0.80    0.86
 103509.208     7.511     1.48    1.65
 103884.639     7.925     1.10    2.04
 104260.007     7.812    -0.30    1.98
 104635.313     7.233    -1.54    1.47
 105010.556     6.722    -1.36    0.36
 105385.736     6.643    -0.21    0.00
 105760.854     6.764     0.32    0.55
 106135.910     7.795     2.75    2.12
 106510.903     9.243     3.86    2.85
 106885.833     9.874     1.68    2.94
 107260.701     9.737    -0.36    3.16
 107635.507     8.357    -3.68    3.02
 108010.251     6.643    -4.57    1.09
 108384.932     6.445    -0.53    0.40
 108759.551     6.602     0.42    0.20
 109134.107     6.643     0.11    0.00
 109508.602     6.643     0.00    0.00
 109883.034     6.618    -0.07    0.16
 110257.404     6.603    -0.04    0.20
 110631.712     6.527    -0.20    0.32
 111005.958     6.336    -0.51    0.59
 111380.142     5.472    -2.31    1.82
 111754.264     4.064    -3.76    2.56
 112128.324     3.103    -2.57    2.50
 112502.322     2.045    -2.83    2.09
 112876.258     1.422    -1.67    1.73
 113250.132     1.243    -0.48    1.62
 113623.944     0.883    -0.96    1.04
 113997.695     0.643    -0.64    0.00
 114371.383     0.763     0.32    0.59
 114745.010     1.214     1.21    1.30
 115118.575     1.590     1.01    1.58
 115492.078     1.761     0.46    1.68
 115865.520     1.814     0.14    1.68
 116238.900     1.390    -1.14    1.46
 116612.219     0.893    -1.33    0.93
 116985.476     0.656    -0.63    0.11
 117358.671     0.643    -0.04    0.00
 117731.805     0.643     0.00    0.00
 118104.877     0.643     0.00    0.00
 118477.888     0.643     0.00    0.00
 118850.837     0.643     0.00    0.00
 119223.725     0.643     0.00    0.00
 119596.552     0.643     0.00    0.00
 119969.317     0.643     0.00    0.00
 120342.021     0.643     0.00    0.00
 120714.664     0.643     0.00    0.00
 121087.245     0.643     0.00    0.00
 121459.765     0.643     0.00    0.00
 121832.224     0.643     0.00    0.00
 122204.622     0.643     0.00    0.00
 122576.959     0.643     0.00    0.00
 122949.235     0.643     0.00    0.00
 123321.449     0.643     0.00    0.00
 123693.603     0.643     0.00    0.00
 124065.695     0.643     0.00    0.00
 124437.727     0.643     0.00    0.00
 124809.698     0.643     0.00    0.00
 125181.607     0.643     0.00    0.00
 125553.456     0.643     0.00    0.00
 125925.244     0.643     0.00    0.00
 126296.971     0.643     0.00    0.00
 126668.638     0.643     0.00    0.00
 127040.243     0.643     0.00    0.00
 127411.788     0.683     0.11    0.20
 127783.272     0.736     0.14    0.29
 128154.696     0.810     0.20    0.38
 128526.059     0.864     0.15    0.42
 128897.361     0.877     0.03    0.43
 129268.603     0.890     0.03    0.43
 129639.784     0.851    -0.10    0.41
 130010.905     0.893     0.11    0.44
 130381.965     1.011     0.32    0.49
 130752.964     1.188     0.48    0.50
 131123.904     1.363     0.47    0.45
 131494.783     1.527     0.44    0.32
 131865.601     1.643     0.31    0.00
 132236.359     1.643     0.00    0.00
 132607.057     1.643     0.00    0.00
 132977.695     1.643     0.00    0.00
 133348.272     1.643     0.00    0.00
 133718.789     1.643     0.00    0.00
 134089.246     1.643     0.00    0.00
 134459.643     1.643     0.00    0.00
 134829.979     1.643     0.00    0.00
 135200.256     1.643     0.00    0.00
 135570.472     1.643     0.00    0.00
 135940.629     1.643     0.00    0.00
 136310.725     1.643     0.00    0.00
 136680.761     1.643     0.00    0.00
 137050.738     1.643     0.00    0.00
 137420.654     1.695     0.14    0.22
 137790.511     1.776     0.22    0.34
 138160.308     1.859     0.22    0.41
 138530.045     2.070     0.57    0.81
 138899.722     2.237     0.45    1.16
 139269.339     2.163    -0.20    1.14
 139638.897     1.916    -0.67    0.84
 140008.395     1.763    -0.41    0.33
 140377.833     2.092     0.89    0.75
 140747.211     2.400     0.83    0.86
 141116.530     2.566     0.45    0.77
 141485.790     2.710     0.39    0.68
 141854.989     2.694    -0.04    0.58
 142224.129     2.643    -0.14    0.23
 142593.210     2.932     0.78    0.69
 142962.231     3.340     1.11    1.11
 143331.193     3.520     0.49    1.22
 143700.095     3.443    -0.21    1.20
 144068.938     3.143    -0.81    0.90
 144437.722     3.030    -0.31    0.82
 144806.446     3.451     1.14    1.29
 145175.111     3.748     0.81    1.49
 145543.717     3.851     0.28    1.55
 145912.263     3.656    -0.53    1.49
 146280.750     3.266    -1.06    1.21
 146649.178     2.870    -1.08    0.65
 147017.547     2.669    -0.54    0.16
 147385.857     2.735     0.18    0.33
 147754.107     3.459     1.96    1.37
 148122.299     4.406     2.57    1.77
 148490.431     5.550     3.11    1.57
 148858.505     6.305     2.05    0.85
 149226.519     6.643     0.92    0.00
 149594.475     6.643     0.00    0.00
 149962.371     6.643     0.00    0.00
 150330.209     6.643     0.00    0.00
 150697.988     6.643     0.00    0.00
 151065.708     6.643     0.00    0.00
 151433.369     6.643     0.00    0.00
 151800.971     6.827     0.50    0.56
 152168.515     7.617     2.15    1.80
 152536.465     8.788     3.18    2.89
 152916.097     9.357     1.50    3.38
 153295.666     9.314    -0.11    3.80
 153675.171     8.506    -2.13    3.94
 154054.614     7.575    -2.45    3.37
 154433.994     6.870    -1.86    2.64
 154813.311     6.615    -0.67    2.74
 155192.564     5.788    -2.18    2.59
 155571.755     4.921    -2.29    2.17
 155950.883     4.137    -2.07    0.73
 156329.948     4.602     1.23    1.61
 156708.950     5.734     2.98    2.76
 157087.889     7.763     5.35    3.68
 157466.765     9.843     5.49    3.49
 157845.579    11.827     5.24    2.42
 158224.330    12.190     0.96    1.91
 158603.018    11.576    -1.62    2.05
 158981.643    10.657    -2.43    1.95
 159360.206    10.683     0.07    1.95
 159738.706    11.600     2.42    1.87
 160117.144    12.617     2.69    1.72
 160495.519    13.413     2.10    0.90
 160873.832    13.566     0.40    0.45
 161252.082    13.403    -0.43    0.49
 161630.269    12.959    -1.17    0.72
 162008.395    12.400    -1.48    0.74
 162386.458    12.008    -1.04    0.69
 162764.458    12.040     0.09    0.98
 163142.396    12.163     0.32    1.31
 163520.272    12.603     1.17    1.41
 163898.086    12.958     0.94    1.33
 164275.837    13.143     0.49    0.82
 164653.526    12.857    -0.76    0.83
 165031.153    12.590    -0.71    0.79
 165408.718    12.373    -0.57    0.69
 165786.221    12.256    -0.31    0.68
 166163.661    12.470     0.57    0.81
 166541.040    12.760     0.77    0.89
 166918.356    12.843     0.22    0.84
 167295.611    12.723    -0.32    0.78
 167672.804    12.331    -1.04    0.89
 168049.934    11.994    -0.89    0.87
 168427.003    11.502    -1.31    1.22
 168804.010    11.046    -1.21    1.59
 169180.955    10.563    -1.28    1.81
 169557.839    10.157    -1.08    2.13
 169934.660     9.748    -1.08    2.57
 170311.420     9.351    -1.05    2.94
 170688.118     8.197    -3.06    2.62
 171064.755     7.176    -2.71    1.56
 171441.329     6.684    -1.31    0.26
 171817.843     6.643    -0.11    0.00
 172194.294     6.643     0.00    0.00
 172570.684     6.643     0.00    0.00
 172947.013     6.643     0.00    0.00
 173323.280     6.643     0.00    0.00
 173699.485     6.643     0.00    0.00
 174075.629     6.643     0.00    0.00
 174451.712     6.643     0.00    0.00
 174827.733     6.643     0.00    0.00
 175203.693     6.643     0.00    0.00
 175579.592     6.643     0.00    0.00
 175955.429     6.643     0.00    0.00
 176331.206     6.643     0.00    0.00
 176706.921     6.643     0.00    0.00
 177082.574     6.643     0.00    0.00
 177458.167     6.643     0.00    0.00
 177833.698     6.643     0.00    0.00
 178209.169     6.630    -0.04    0.11
 178584.578     6.511    -0.32    0.34
 178959.926     6.367    -0.39    0.45
 179335.214     6.163    -0.54    0.53
 179710.440     5.963    -0.53    0.67
 180085.605     6.062     0.26    0.70
 180460.710     6.188     0.34    0.70
 180835.753     6.129    -0.16    0.78
 181210.736     6.092    -0.10    0.78
 181585.658     6.060    -0.09    0.76
 181960.519     6.038    -0.06    0.75
 182335.319     6.178     0.37    0.58
 182710.059     6.077    -0.27    0.50
 183084.737     5.882    -0.52    0.43
 183459.356     5.764    -0.31    0.33
 183833.913     5.917     0.41    0.45
 184208.410     6.150     0.62    0.50
 184582.846     6.259     0.29    0.54
 184957.222     5.990    -0.72    1.18
 185331.537     5.603    -1.03    1.64
 185705.792     5.261    -0.91    1.66
 186079.986     5.016    -0.65    1.53
 186454.120     5.043     0.07    1.28
 186828.194     4.735    -0.82    1.30
 187202.207     4.332    -1.08    1.40
 187576.160     3.590    -1.98    1.55
 187950.052     2.994    -1.59    1.43
 188323.884     2.361    -1.69    1.13
 188697.656     1.903    -1.22    0.67
 189071.368     1.814    -0.24    0.53
 189445.019     1.780    -0.09    0.58
 189818.610     2.274     1.32    1.16
 190192.141     2.800     1.41    1.29
 190565.612     3.323     1.40    1.28
 190939.023     3.843     1.39    1.11
 191312.374     4.056     0.57    1.19
 191685.665     4.086     0.08    1.28
 192058.896     3.763    -0.86    1.28
 192432.067     3.506    -0.69    1.06
 192805.178     3.550     0.12    0.90
 193178.229     4.190     1.72    1.21
 193551.220     4.786     1.60    1.40
 193924.151     4.792     0.02    1.61
 194297.023     4.435    -0.96    1.77
 194669.835     3.940    -1.33    1.68
 195042.587     3.723    -0.58    1.28
 195415.279     3.967     0.66    1.28
 195787.911     4.150     0.49    1.12
 196160.484     4.310     0.43    1.04
 196532.998     4.203    -0.29    1.00
 196905.451     4.353     0.40    1.14
 197277.845     4.483     0.35    1.20
 197650.180     4.363    -0.32    1.24
 198022.455     4.300    -0.17    1.24
 198394.670     4.191    -0.29    1.04
 198766.826     4.203     0.03    0.95
 199138.923     4.122    -0.22    0.94
 199510.960     3.889    -0.63    0.91
 199882.938     3.883    -0.02    0.96
 200254.856     3.985     0.28    1.02
 200626.715     4.150     0.44    0.92
 200998.515     4.060    -0.24    0.83
 201370.256     3.990    -0.19    0.67
 201741.937     3.990     0.00    0.73
 202113.559     3.981    -0.03    0.80
 202485.122     3.851    -0.35    0.95
 202856.626     3.797    -0.15    1.07
 203228.070     3.851     0.15    1.15
 203599.456     3.880     0.08    1.11
 203970.783     4.087     0.56    1.02
 204342.050     4.176     0.24    0.95
 204713.259     4.263     0.23    0.98
 205084.408     4.163    -0.27    0.89
 205455.499     4.178     0.04    0.81
 205826.530     4.075    -0.28    0.80
 206197.503     4.023    -0.14    0.74
 206568.417     4.102     0.21    0.74
 206939.272     4.191     0.24    0.75
 207310.068     4.328     0.37    0.68
 207680.806     4.410     0.22    0.75
 208051.484     4.440     0.08    0.79
 208422.104     4.478     0.10    0.85
 208792.666     4.445    -0.09    0.85
 209163.168     3.792    -1.76    1.86
 209533.612     2.448    -3.63    2.72
 209903.998     0.923    -4.12    2.77
 210274.325    -0.344    -3.42    2.09
 210644.593    -1.357    -2.74    0.00
 211014.803    -1.357     0.00    0.00
 211384.954    -1.357     0.00    0.00
 211755.047    -1.357     0.00    0.00
 212125.081    -1.357     0.00    0.00
 212495.057    -1.357     0.00    0.00
 212864.975    -1.357     0.00    0.00
 213234.834    -1.357     0.00    0.00
 213604.635    -1.357     0.00    0.00
 213974.378    -1.357     0.00    0.00
 214344.062    -1.357     0.00    0.00
 214713.688    -1.357     0.00    0.00
 215083.256    -1.357     0.00    0.00
 215452.766    -1.357     0.00    0.00
 215822.217    -1.357     0.00    0.00
 216191.611    -1.357     0.00    0.00
 216560.946    -1.357     0.00    0.00
 216930.223    -1.357     0.00    0.00
 217299.443    -1.357     0.00    0.00
 217668.604    -1.357     0.00    0.00
 218037.707    -1.357     0.00    0.00
 218406.752    -1.357     0.00    0.00
 218775.740    -1.357     0.00    0.00
 219144.669    -1.357     0.00    0.00
 219513.541    -1.357     0.00    0.00
 219882.354    -1.357     0.00    0.00
 220251.110    -1.357     0.00    0.00
 220619.808    -1.357     0.00    0.00
 220988.449    -1.357     0.00    0.00
 221357.031    -1.357     0.00    0.00
 221725.556    -1.357     0.00    0.00
 222094.024    -1.357     0.00    0.00
 222462.433    -1.357     0.00    0.00
 222830.785    -1.357     0.00    0.00
 223199.079    -1.357     0.00    0.00
 223567.316    -1.357     0.00    0.00
 223935.495    -1.357     0.00    0.00
 224303.617    -1.357     0.00    0.00
 224671.681    -1.357     0.00    0.00
 225039.688    -1.357     0.00    0.00
 225407.638    -1.357     0.00    0.00
 225775.529    -1.357     0.00    0.00
 226143.364    -1.357     0.00    0.00
 226511.141    -1.357     0.00    0.00
 226878.861    -1.357     0.00    0.00
 227246.524    -1.357     0.00    0.00
 227623.984    -1.357     0.00    0.00
 228003.424    -1.357     0.00    0.00
 228382.802    -1.357     0.00    0.00
 228762.119    -1.357     0.00    0.00
 229141.374    -1.357     0.00    0.00
 229520.568    -1.357     0.00    0.00
 229899.701    -1.357     0.00    0.00
 230278.772    -1.357     0.00    0.00
 230657.783    -1.357     0.00    0.00
 231036.732    -1.357     0.00    0.00
 231415.619    -1.357     0.00    0.00
 231794.446    -1.357     0.00    0.00
 232173.211    -1.357     0.00    0.00
 232551.915    -1.357     0.00    0.00
 232930.559    -1.357     0.00    0.00
 233309.141    -1.357     0.00    0.00
 233687.662    -1.357     0.00    0.00
 234066.122    -1.357     0.00    0.00
 234444.521    -1.357     0.00    0.00
 234822.859    -1.357     0.00    0.00
 235201.137    -1.357     0.00    0.00
 235579.353    -1.357     0.00    0.00
 235957.509    -1.357     0.00    0.00
 236335.603    -1.357     0.00    0.00
 236713.637    -1.357     0.00    0.00
 237091.611    -1.357     0.00    0.00
 237469.523    -1.357     0.00    0.00
 237847.375    -1.357     0.00    0.00
 238225.166    -1.357     0.00    0.00
 238602.896    -1.357     0.00    0.00
 238980.566    -1.357     0.00    0.00
 239358.176    -1.357     0.00    0.00
 239735.724    -1.357     0.00    0.00
 240113.213    -1.357     0.00    0.00
 240490.640    -1.357     0.00    0.00
 240868.008    -1.357     0.00    0.00
 241245.314    -1.357     0.00    0.00
 241622.561    -1.357     0.00    0.00
 241999.747    -1.357     0.00    0.00
 242376.873    -1.357     0.00    0.00
 242753.938    -1.357     0.00    0.00
 243130.943    -1.357     0.00    0.00
 243507.888    -1.357     0.00    0.00
 243884.773    -1.357     0.00    0.00
 244261.597    -1.357     0.00    0.00
 244638.362    -1.357     0.00    0.00
 245015.066    -1.357     0.00    0.00
 245391.710    -1.357     0.00    0.00
 245768.294    -1.357     0.00    0.00
 246144.818    -1.357     0.00    0.00
 246521.282    -1.357     0.00    0.00
 246897.686    -1.357     0.00    0.00
 247274.030    -1.357     0.00    0.00
 247650.314    -1.357     0.00    0.00
 248026.538    -1.357     0.00    0.00
 248402.702    -1.357     0.00    0.00
 248778.807    -1.357     0.00    0.00
 249154.851    -1.357     0.00    0.00
 249530.836    -1.357     0.00    0.00
 249906.761    -1.357     0.00    0.00
 250282.627    -1.357     0.00    0.00
 250658.432    -1.357     0.00    0.00
 251034.178    -1.357     0.00    0.00
 251409.865    -1.357     0.00    0.00
 251785.491    -1.357     0.00    0.00
 252161.059    -1.357     0.00    0.00
 252536.566    -1.357     0.00    0.00
 252912.014    -1.357     0.00    0.00
 253287.403    -1.357     0.00    0.00
 253662.732    -1.357     0.00    0.00
 254038.002    -1.357     0.00    0.00
 254413.212    -1.357     0.00    0.00
 254788.363    -1.357     0.00    0.00
 255163.454    -1.357     0.00    0.00
 255538.487    -1.357     0.00    0.00
 255913.460    -1.357     0.00    0.00
 256288.373    -1.357     0.00    0.00
 256663.228    -1.357     0.00    0.00
 257038.023    -1.357     0.00    0.00
 257412.759    -1.357     0.00    0.00
 257787.436    -1.357     0.00    0.00
 258162.054    -1.357     0.00    0.00
 258536.612    -1.357     0.00    0.00
 258911.112    -1.357     0.00    0.00
 259285.553    -1.357     0.00    0.00
 259659.934    -1.357     0.00    0.00
 260034.257    -1.357     0.00    0.00
 260408.520    -1.357     0.00    0.00
 260782.725    -1.357     0.00    0.00
 261156.871    -1.357     0.00    0.00
 261530.958    -1.357     0.00    0.00
 261904.986    -1.357     0.00    0.00
 262278.955    -1.357     0.00    0.00
 262652.866    -1.357     0.00    0.00
 263026.718    -1.357     0.00    0.00
 263400.511    -1.357     0.00    0.00
 263774.245    -1.357     0.00    0.00
 264147.921    -1.357     0.00    0.00
 264521.538    -1.357     0.00    0.00
 264895.096    -1.357     0.00    0.00
 265268.596    -1.357     0.00    0.00
 265642.038    -1.357     0.00    0.00
 266015.420    -1.357     0.00    0.00
 266388.745    -1.357     0.00    0.00
 266762.011    -1.357     0.00    0.00
 267135.218    -1.357     0.00    0.00
 267508.367    -1.357     0.00    0.00
 267881.458    -1.357     0.00    0.00
 268254.490    -1.357     0.00    0.00
 268627.464    -1.357     0.00    0.00
 269000.379    -1.357     0.00    0.00
 269373.237    -1.357     0.00    0.00
 269746.036    -1.357     0.00    0.00
 270118.777    -1.357     0.00    0.00
 270491.459    -1.357     0.00    0.00
 270864.084    -1.357     0.00    0.00
 271236.650    -1.357     0.00    0.00
 271609.158    -1.357     0.00    0.00
 271981.609    -1.357     0.00    0.00
 272354.001    -1.357     0.00    0.00
 272726.335    -1.357     0.00    0.00
 273098.611    -1.357     0.00    0.00
 273470.829    -1.357     0.00    0.00
 273842.989    -1.357     0.00    0.00
 274215.092    -1.357     0.00    0.00
 274587.136    -1.357     0.00    0.00
 274959.123    -1.357     0.00    0.00
 275331.051    -1.357     0.00    0.00
 275702.922    -1.357     0.00    0.00
 276074.736    -1.357     0.00    0.00
 276446.491    -1.357     0.00    0.00
 276818.189    -1.357     0.00    0.00
 277189.829    -1.357     0.00    0.00
 277561.411    -1.357     0.00    0.00
 277932.936    -1.357     0.00    0.00
 278304.403    -1.357     0.00    0.00
 278675.812    -1.357     0.00    0.00
 279047.164    -1.357     0.00    0.00
 279418.459    -1.357     0.00    0.00
 279789.696    -1.357     0.00    0.00
 280160.875    -1.357     0.00    0.00
 280531.997    -1.357     0.00    0.00
 280903.062    -1.357     0.00    0.00
 281274.069    -1.357     0.00    0.00
 281645.019    -1.357     0.00    0.00
 282015.911    -1.357     0.00    0.00
 282386.747    -1.357     0.00    0.00
 282757.524    -1.357     0.00    0.00
 283128.245    -1.357     0.00    0.00
 283498.909    -1.357     0.00    0.00
 283869.515    -1.357     0.00    0.00
 284240.064    -1.357     0.00    0.00
 284610.556    -1.357     0.00    0.00
 284980.991    -1.357     0.00    0.00
 285351.368    -1.357     0.00    0.00
 285721.689    -1.357     0.00    0.00
 286091.953    -1.357     0.00    0.00
 286462.159    -1.357     0.00    0.00
 286832.309    -1.357     0.00    0.00
 287202.401    -1.357     0.00    0.00
 287572.437    -1.357     0.00    0.00
 287942.416    -1.357     0.00    0.00
 288312.338    -1.357     0.00    0.00
 288682.203    -1.357     0.00    0.00
 289052.011    -1.357     0.00    0.00
 289421.763    -1.357     0.00    0.00
 289791.458    -1.357     0.00    0.00
 290161.096    -1.357     0.00    0.00
 290530.677    -1.357     0.00    0.00
 290900.201    -1.357     0.00    0.00
 291269.669    -1.357     0.00    0.00
 291639.081    -1.357     0.00    0.00
 292008.435    -1.357     0.00    0.00
 292377.733    -1.357     0.00    0.00
 292746.975    -1.357     0.00    0.00
 293116.160    -1.357     0.00    0.00
 293485.288    -1.357     0.00    0.00
 293854.360    -1.357     0.00    0.00
 294223.376    -1.357     0.00    0.00
 294592.335    -1.357     0.00    0.00
 294961.238    -1.357     0.00    0.00
 295330.084    -1.357     0.00    0.00
 295698.874    -1.357     0.00    0.00
 296067.608    -1.357     0.00    0.00
 296436.285    -1.357     0.00    0.00
 296804.907    -1.357     0.00    0.00
 297173.472    -1.357     0.00    0.00
 297541.980    -1.357     0.00    0.00
 297910.433    -1.357     0.00    0.00
 298278.829    -1.357     0.00    0.00
 298647.170    -1.357     0.00    0.00
 299015.454    -1.357     0.00    0.00
 299383.682    -1.357     0.00    0.00
 299751.854    -1.357     0.00    0.00
 300119.970    -1.357     0.00    0.00
 300488.030    -1.357     0.00    0.00
 300856.034    -1.357     0.00    0.00
 301223.982    -1.357     0.00    0.00
 301591.874    -1.357     0.00    0.00
 301959.710    -1.357     0.00    0.00
 302334.763    -1.357     0.00    0.00
 302714.073    -1.357     0.00    0.00
 303093.324    -1.357     0.00    0.00
 303472.514    -1.357     0.00    0.00
 303851.645    -1.357     0.00    0.00
 304230.716    -1.357     0.00    0.00
 304609.728    -1.357     0.00    0.00
 304988.679    -1.357     0.00    0.00
 305367.571    -1.357     0.00    0.00
 305746.404    -1.357     0.00    0.00
 306125.177    -1.357     0.00    0.00
 306503.890    -1.357     0.00    0.00
 306882.544    -1.357     0.00    0.00
 307261.138    -1.357     0.00    0.00
 307639.673    -1.357     0.00    0.00
