# NaN NaN NaN ;Mean Elev.(m), Avg Gradient(m/km), RMS Gradient(m/km) - SRTM1     
#  112.760  -0.705   5.023 ;Mean Elev.(m), Avg Gradient(m/km), RMS Gradient(m/km) - ASTER GDEM
#  101.035  -0.659   0.779 ;Mean Elev.(m), Avg Gradient(m/km), RMS Gradient(m/km) - GMTED2010 
  7 212.264524  66.242185   100.109   100.156  8 52470.88226671 42.956
  8 212.262836  66.241751    94.475    94.485  8 52505.88224765 24.466
 10 212.266558  66.241433    98.848    98.800  6 52575.88227717 42.464
 11 212.263161  66.242810    99.341    99.099  8 52610.88223874 26.349
 13 212.268606  66.241247   104.061   104.086  6 52680.88220042 14.444
 15 212.264883  66.257887   100.348   100.717  4 52750.88227590  7.353
 19 212.267602  66.242303   100.482   100.481  7 52890.88237672 46.095
 20 212.261898  66.249819    98.912    98.911  7 52925.88232845 49.800
 22 212.272564  66.243056   103.235   103.118  3 52995.88233485 20.977
 23 212.260945  66.247521   100.664   100.581  7 53030.88229720 15.315
 25 212.265068  66.255027   102.709   102.990  4 53100.88230464 11.044
 28 212.266527  66.241192    99.595    99.627  7 53205.88237267 49.167
 29 212.265631  66.241927    99.342    99.367  8 53240.88234044 52.050
 31 212.269160  66.241741    97.218    97.223  6 53310.88235276 45.823
 32 212.265646  66.242150    98.541    98.520  8 53345.88231880 24.668
 36 212.265630  66.241232    97.513    97.505  7 53485.88237787 20.300
 37 212.271951  66.243591   101.874   101.869  4 53520.88237122 45.636
 38 212.262339  66.243266   100.024   100.002  9 53555.88239546 47.848
 39 212.266273  66.241399    99.865    99.818  7 53590.88233644 36.280
 41 212.273313  66.241728    98.831    98.831  2 53660.88234675 27.892
 42 212.262431  66.242516   100.765   100.664  8 53695.88231797 17.045
 43 212.261584  66.245151   100.546   100.183  9 53730.88224028 15.844
 47 212.274939  66.243030   101.987   101.987  2 53870.88227573 40.678
 48 212.268098  66.240196   101.120   101.116  5 53905.88231292 44.924
 49 212.262313  66.243745    99.916    99.936  9 53940.88234342 32.806
 50 212.260349  66.246221   101.178   101.177  9 53975.88229972 51.662
 53 212.263621  66.243152   100.963   100.528  8 54080.88230873 21.618
 54 212.263907  66.252669    99.982    99.049  5 54115.88224066 21.798
 55 212.271923  66.243177   103.712   103.745  4 54150.88225783 13.280
 56 212.261465  66.248002   101.941   102.551  7 54185.88223346 12.315
 58 212.267783  66.240360   101.660   101.666  6 54255.88229108 39.497
 59 212.272825  66.243401   100.870   100.874  3 54290.88229243 42.972
 60 212.267787  66.240926   100.096   100.081  5 54325.88229064 30.525
 61 212.263613  66.251273    99.796    99.887  5 54360.88224109 46.491
 63 212.263370  66.243993    99.173    98.937  8 54430.88219254 24.017
 65 212.263207  66.240949   102.923   102.956  8 54500.88220588 12.614
 66 212.272776  66.243643   104.159   104.171  3 54535.88222534 12.658
 67 212.261090  66.244512   100.479   100.464  9 54570.88220767  3.727
 68 212.273080  66.243213   100.483   100.430  3 54605.88221925 37.052
 69 212.267102  66.242879   100.517   100.515  7 54640.88222917 46.124
 70 212.266206  66.240197   101.267   101.278  6 54675.88223180 37.105
 71 212.261682  66.243859   101.162   101.162  9 54710.88218705 49.348
 72 212.273316  66.242476    99.712    99.712  2 54745.88219892 42.655
 73 212.265800  66.240819    97.663    97.649  7 54780.88217250 47.916
 75 212.265154  66.243353   103.081   103.177  8 54850.88217015 10.609
 76 212.273162  66.243799   104.333   104.518  3 54885.88219581 12.656
 77 212.263922  66.254206   102.496   102.605  5 54920.88216954  6.707
 78 212.274103  66.241734   101.388   101.388  2 54955.88219147 31.525
 79 212.267063  66.240842   101.572   101.569  6 54990.88221535 46.650
 80 212.264491  66.240368    99.994    99.990  7 55025.88220664 50.076
 81 212.268963  66.242130    99.460    99.462  6 55060.88219970 48.175
 82 212.263951  66.252404    99.783    99.856  6 55095.88214863 27.448
 83 212.273924  66.243557    98.912    98.957  3 55130.88214195 42.702
 84 212.264969  66.241495   102.016   102.120  7 55165.88211261 21.503
 85 212.274644  66.243627   104.322   104.322  2 55200.88213373 17.017
 86 212.261619  66.244292   101.426   100.739  9 55235.88211842 12.494
 87 212.267741  66.240422   103.145   103.276  5 55270.88212899 11.029
 88 212.262405  66.248059    99.363    99.430  7 55305.88209882 29.813
 89 212.272016  66.243270    99.913    99.894  3 55340.88209911 31.303
 90 212.265181  66.241737   100.290   100.295  8 55375.88209246 52.574
 92 212.267424  66.241607   100.113   100.141  6 55445.88210808 41.512
 93 212.263485  66.252472    98.724    98.784  6 55480.88203981 38.320
