# NaN NaN NaN ;Mean Elev.(m), Avg Gradient(m/km), RMS Gradient(m/km) - SRTM1     
#   -7.181  -1.001   2.786 ;Mean Elev.(m), Avg Gradient(m/km), RMS Gradient(m/km) - ASTER GDEM
#    4.649  -0.006   1.072 ;Mean Elev.(m), Avg Gradient(m/km), RMS Gradient(m/km) - GMTED2010 
  6 197.585507  61.928094     9.036     9.021  4 52440.91310637 19.119
  7 197.589696  61.927335     7.181     7.139  5 52475.91310342 43.132
  8 197.592064  61.926145     6.618     6.594  4 52510.91305736 51.070
  9 197.603528  61.923909     7.436     7.506  4 52545.91307556 18.280
 10 197.595881  61.926628     4.971     4.999  4 52580.91309958 46.637
 11 197.583337  61.930182     5.505     5.682  4 52615.91306879 36.965
 12 197.601997  61.923894     5.779     5.877  4 52650.91304670 14.662
 13 197.590304  61.926184     7.199     7.221  4 52685.91303571 13.481
 14 197.593776  61.926035     6.906     6.962  4 52720.91308581 18.370
 15 197.578534  61.931976     4.117     4.101  4 52755.91310873 34.226
 16 197.606305  61.924613     8.056     8.022  4 52790.91305846 20.174
 17 197.604890  61.925078     8.148     8.160  3 52825.91312778 49.807
 18 197.605184  61.924659     8.533     8.514  3 52860.91317355 48.288
 19 197.590238  61.928177     8.458     8.488  4 52895.91320375 25.216
 20 197.581535  61.930760     7.071     6.585  5 52930.91315180 20.561
 21 197.604954  61.923699     3.824     3.825  4 52965.91314782 29.405
 22 197.586802  61.928502     6.481     7.064  4 53000.91317889 13.333
 23 197.582938  61.930105     6.988     7.020  4 53035.91312782  9.582
 24 197.594485  61.926684     5.449     5.447  4 53070.91314912 13.737
 25 197.580016  61.931543     7.558     7.586  4 53105.91312891 37.411
 26 197.599580  61.924714     8.059     8.018  4 53140.91315617 18.744
 28 197.589914  61.926025     6.588     6.593  4 53210.91320591 30.082
 29 197.589886  61.926937     6.345     6.339  4 53245.91317386 49.879
 30 197.602518  61.925996     4.563     4.595  4 53280.91315817 32.212
 31 197.597512  61.926209     3.389     3.387  4 53315.91317155 25.285
 32 197.593032  61.926672     4.630     4.287  4 53350.91313729 19.756
 33 197.602721  61.924706     7.093     7.126  4 53385.91312077 14.716
 34 197.599619  61.924941     7.528     7.574  4 53420.91312467 10.905
 35 197.609502  61.925207     6.730     6.513  4 53455.91312987  7.934
 36 197.589506  61.927787     5.378     5.433  4 53490.91321509 33.496
 37 197.597044  61.924981    10.113    10.071  4 53525.91319847 24.012
 38 197.585600  61.929519     8.443     8.445  4 53560.91322618 24.430
 39 197.591193  61.926787     6.959     6.935  4 53595.91316517 39.513
 40 197.602807  61.926142     7.118     7.096  4 53630.91315891 23.829
 41 197.591445  61.926778     6.553     6.534  5 53665.91318232 51.256
 43 197.585766  61.928591     7.675     7.656  5 53735.91305595  8.689
 44 197.602581  61.924925     7.371     7.346  4 53770.91304746  7.929
 45 197.589716  61.927808     7.747     7.725  5 53805.91303931  6.454
 47 197.598386  61.924485     6.823     6.808  4 53875.91310696 36.433
 48 197.591433  61.926296     8.835     8.751  4 53910.91315494 24.405
 49 197.584616  61.929255     8.598     8.629  5 53945.91317344 27.215
 50 197.585183  61.928450     8.339     8.405  5 53980.91311947 27.741
 51 197.605725  61.923513     6.331     6.311  4 54015.91314046 36.300
 52 197.602083  61.925345     4.036     4.032  4 54050.91314077 36.200
 53 197.591131  61.927677     4.539     4.458  4 54085.91313282 13.776
 54 197.580144  61.931375     8.305     8.245  5 54120.91305841 10.268
 55 197.592624  61.925434     5.676     5.100  4 54155.91309188 13.150
 56 197.583283  61.928641     6.873     7.607  5 54190.91305642 11.586
 57 197.595755  61.925902     5.568     5.577  4 54225.91310277 37.221
 58 197.596192  61.927110     8.210     8.212  4 54260.91312251 47.950
 59 197.594506  61.926642     7.603     7.542  4 54295.91312698 25.759
 60 197.591334  61.927363     8.197     8.233  5 54330.91311891 20.269
 61 197.583761  61.928947     6.691     6.635  5 54365.91306246 48.708
 62 197.594820  61.926297     4.837     4.848  5 54400.91306099 45.140
 63 197.586451  61.928236     5.971     6.833  5 54435.91301822 37.405
 64 197.601025  61.924358     5.483     5.218  4 54470.91304525 15.255
 65 197.586218  61.928662     6.202     6.286  5 54505.91303125 10.646
 66 197.595652  61.927261     7.752     7.733  4 54540.91305970  9.425
 67 197.585190  61.928265     8.248     8.338  4 54575.91303259 14.694
 68 197.594082  61.926413    10.358    10.291  5 54610.91305163 29.529
 69 197.593205  61.926708     8.408     8.356  4 54645.91305917 36.048
 70 197.591826  61.926990     8.381     8.313  5 54680.91306021 23.159
 71 197.585541  61.929477     7.564     7.602  5 54715.91300970 31.518
 72 197.598140  61.926980     7.487     7.373  4 54750.91303127 17.130
 73 197.588745  61.928674     4.354     4.360  4 54785.91299921 28.003
 74 197.599279  61.926316     6.832     7.342  4 54820.91302458 13.397
 75 197.589212  61.927413     8.060     8.098  5 54855.91299560  7.788
 76 197.590019  61.926083     8.821     8.821  4 54890.91302885 10.904
 77 197.581863  61.929276     9.044     9.097  5 54925.91299417  9.021
 78 197.596840  61.926984     6.840     6.858  4 54960.91302650 43.342
 79 197.590586  61.926323     9.672     9.605  4 54995.91304845 21.954
 80 197.592570  61.927302     7.922     7.962  4 55030.91303799 34.299
 81 197.591508  61.927966     6.134     6.141  4 55065.91302784 29.796
 82 197.581924  61.930780     6.007     5.973  5 55100.91296973 48.119
 83 197.596776  61.925937     3.834     3.850  5 55135.91297385 40.378
 84 197.587421  61.928445     3.634     3.839  5 55170.91293639 22.758
 85 197.597771  61.926457     6.084     5.896  4 55205.91296707 17.043
 86 197.585055  61.929355     7.417     7.704  5 55240.91294229 15.300
 87 197.590178  61.926931     7.623     7.645  5 55275.91296116  8.132
 88 197.586261  61.929320     6.135     6.377  5 55310.91292621 19.996
 89 197.593010  61.925801     8.137     7.813  4 55345.91293034 32.156
 90 197.589646  61.927454     6.762     6.756  4 55380.91292303 50.449
 91 197.598775  61.925358     8.131     8.192  4 55415.91294967 21.572
 92 197.589691  61.928130     8.161     8.164  4 55450.91293407 41.267
 93 197.582895  61.929253     4.964     4.987  4 55485.91285837 24.752
