-279624.940     9.061     0.00    1.53
-279249.311     9.311     0.67    1.64
-278873.622     9.834     1.39    1.74
-278497.871    10.607     2.06    1.85
-278122.058    11.414     2.15    1.78
-277746.183    12.195     2.08    1.90
-277370.247    12.035    -0.43    2.13
-276994.250    11.769    -0.71    2.35
-276618.190    10.686    -2.88    2.61
-276242.069     8.874    -4.82    2.33
-275865.887     7.724    -3.05    2.23
-275489.642     6.502    -3.25    1.13
-275113.336     5.924    -1.53    0.55
-274736.967     7.235     3.48    2.53
-274360.537     8.448     3.22    2.81
-273984.045     9.717     3.37    2.84
-273607.491    11.637     5.10    2.43
-273230.875    12.268     1.68    2.39
-272854.198    12.408     0.37    2.38
-272477.458    11.957    -1.20    2.49
-272100.656    10.730    -3.26    2.48
-271723.792     9.558    -3.11    1.77
-271346.865     8.963    -1.58    0.48
-270969.877     8.957    -0.02    0.42
-270592.826     8.979     0.06    0.46
-270215.714     9.153     0.46    0.78
-269838.539     9.862     1.88    1.41
-269461.301    10.867     2.67    1.67
-269084.002    11.782     2.42    1.51
-268706.640    12.635     2.26    1.36
-268329.216    13.230     1.58    1.43
-267951.729    13.675     1.18    1.34
-267574.180    14.142     1.24    0.98
-267196.568    14.515     0.99    0.45
-266818.894    14.595     0.21    0.39
-266441.158    14.692     0.26    0.29
-266063.358    14.768     0.20    0.12
-265685.497    14.782     0.04    0.00
-265307.572    14.782     0.00    0.00
-264929.585    14.782     0.00    0.00
-264551.536    14.782     0.00    0.00
-264173.423    14.782     0.00    0.00
-263795.248    14.782     0.00    0.00
-263417.010    15.028     0.65    0.67
-263038.709    15.545     1.36    1.69
-262660.346    15.703     0.42    1.67
-262281.919    16.115     1.09    2.02
-261903.430    16.579     1.23    2.31
-261524.877    16.615     0.10    2.07
-261146.262    16.511    -0.27    1.95
-260767.584    16.111    -1.06    1.69
-260388.842    15.658    -1.19    1.59
-260010.038    15.097    -1.48    1.01
-259631.170    14.782    -0.83    0.00
-259252.240    14.795     0.04    0.12
-258873.246    14.809     0.04    0.16
-258494.189    15.058     0.66    0.67
-258115.069    15.768     1.87    1.48
-257735.885    16.982     3.20    2.40
-257356.638    18.145     3.07    2.47
-256977.328    18.727     1.53    2.20
-256597.955    18.478    -0.66    1.98
-256218.518    17.629    -2.24    1.62
-255839.018    16.650    -2.58    1.52
-255459.781    15.699    -2.51    1.06
-255092.424    15.005    -1.89    0.93
-254725.008    14.310    -1.89    1.11
-254357.533    13.703    -1.65    1.81
-253989.999    13.129    -1.56    2.18
-253622.406    12.334    -2.16    2.54
-253254.754    11.069    -3.44    2.95
-252887.043     9.326    -4.74    3.02
-252519.273     8.170    -3.14    2.19
-252151.443     7.644    -1.43    1.35
-251783.554     7.809     0.45    1.36
-251415.606     9.093     3.49    2.01
-251047.599    10.549     3.95    2.28
-250679.532    11.650     2.99    2.09
-250311.406    12.083     1.18    2.06
-249943.221    12.528     1.21    2.25
-249574.976    12.930     1.09    2.17
-249206.672    13.675     2.02    1.56
-248838.309    14.228     1.50    0.64
-248469.886    14.243     0.04    0.53
-248101.403    14.124    -0.32    0.71
-247732.861    13.982    -0.39    0.93
-247364.259    13.672    -0.84    1.26
-246995.598    13.128    -1.48    1.70
-246626.877    12.302    -2.24    2.19
-246258.097    11.340    -2.61    2.67
-245889.256    10.168    -3.18    2.79
-245520.356     9.741    -1.16    2.76
-245151.397    10.150     1.11    2.81
-244782.377    11.176     2.78    2.76
-244413.298    12.462     3.48    1.86
-244044.159    12.576     0.31    1.46
-243674.960    12.005    -1.55    1.73
-243305.701    11.089    -2.48    1.78
-242936.382    10.426    -1.79    1.59
-242567.004    10.807     1.03    1.91
-242197.565    11.518     1.92    2.05
-241828.066    12.229     1.92    1.69
-241458.508    12.532     0.82    1.33
-241088.889    12.262    -0.73    1.42
-240719.210    11.242    -2.76    1.87
-240349.471    10.071    -3.17    1.88
-239979.672     9.182    -2.40    1.67
-239609.812     8.666    -1.39    1.02
-239239.893     9.124     1.24    1.49
-238869.913    10.333     3.27    2.02
-238499.873    11.611     3.45    1.98
-238129.772    12.884     3.44    1.52
-237759.612    13.595     1.92    1.16
-237389.390    14.111     1.39    0.81
-237019.109    14.453     0.92    0.47
-236648.767    14.608     0.42    0.38
-236278.365    14.663     0.15    0.33
-235907.902    14.743     0.21    0.19
-235537.378    14.915     0.46    0.45
-235166.794    15.628     1.92    1.76
-234796.150    16.208     1.57    2.28
-234425.445    16.744     1.44    2.88
-234054.679    16.648    -0.26    3.16
-233683.852    15.730    -2.47    3.33
-233312.965    15.275    -1.23    2.96
-232942.017    14.902    -1.01    2.14
-232571.009    14.571    -0.89    2.14
-232199.939    13.368    -3.24    2.18
-231828.809    11.915    -3.92    2.24
-231457.618    10.275    -4.42    1.80
-231086.366     9.011    -3.40    1.28
-230715.053     8.244    -2.07    0.73
-230343.679     7.890    -0.95    0.31
-229972.245     7.782    -0.29    0.00
-229600.749     7.617    -0.44    0.58
-229229.192     6.379    -3.33    2.00
-228857.574     5.138    -3.34    2.24
-228485.895     3.900    -3.33    1.85
-228114.155     2.907    -2.67    0.37
-227742.354     3.176     0.73    0.80
-227370.491     3.484     0.83    1.16
-226998.568     3.644     0.43    1.11
-226626.583     3.934     0.78    1.30
-226254.536     4.294     0.97    1.50
-225882.429     4.573     0.75    1.58
-225510.260     4.538    -0.09    1.71
-225138.030     4.384    -0.41    1.67
-224765.738     4.268    -0.31    1.72
-224393.385     4.097    -0.46    1.67
-224020.971     4.532     1.17    1.81
-223648.495     5.328     2.14    1.85
-223275.957     5.743     1.11    1.73
-222903.358     5.435    -0.83    1.89
-222530.698     4.528    -2.43    1.88
-222157.975     3.703    -2.22    1.56
-221785.192     3.192    -1.37    1.18
-221412.346     2.808    -1.03    0.16
-221039.439     2.911     0.28    0.34
-220666.470     3.106     0.52    0.62
-220293.439     3.402     0.79    0.99
-219920.346     4.015     1.64    1.49
-219547.192     4.641     1.68    1.59
-219173.976     5.379     1.98    1.48
-218800.697     5.702     0.86    1.25
-218427.357     5.859     0.42    1.03
-218053.955     5.968     0.29    0.98
-217680.491     5.705    -0.71    1.09
-217306.965     5.222    -1.29    1.20
-216933.377     4.587    -1.70    1.16
-216559.727     3.966    -1.66    0.58
-216186.014     3.782    -0.49    0.00
-215812.240     3.782     0.00    0.00
-215438.403     3.782     0.00    0.00
-215064.504     3.782     0.00    0.00
-214690.543     4.032     0.67    0.63
-214316.520     4.462     1.15    0.93
-213942.434     4.857     1.05    0.95
-213568.286     5.025     0.45    0.68
-213194.076     4.913    -0.30    0.38
-212819.803     4.863    -0.13    0.27
-212445.468     4.847    -0.04    0.34
-212071.070     4.875     0.08    0.37
-211696.610     4.820    -0.15    0.19
-211322.087     4.795    -0.07    0.12
-210947.502     4.883     0.23    0.41
-210572.854     5.275     1.05    0.78
-210198.144     5.574     0.80    0.77
-209823.371     5.470    -0.28    1.36
-209448.535     4.602    -2.31    2.23
-209073.637     3.149    -3.88    2.35
-208698.675     1.961    -3.17    2.02
-208323.651     0.937    -2.73    0.71
-207948.564     0.782    -0.42    0.00
-207573.415     0.782     0.00    0.00
-207198.202     0.782     0.00    0.00
-206822.927     0.782     0.00    0.00
-206447.588     0.782     0.00    0.00
-206072.187     1.282     1.33    0.95
-205696.723     1.987     1.88    1.50
-205321.195     2.652     1.77    1.50
-204945.605     3.330     1.80    1.30
-204569.951     3.184    -0.39    1.07
-204194.235     3.011    -0.46    0.91
-203818.455     3.832     2.18    1.93
-203442.612     5.142     3.48    2.35
-203066.706     6.554     3.76    1.99
-202690.736     7.624     2.85    0.46
-202314.703     7.301    -0.86    0.95
-201938.607     6.807    -1.31    1.24
-201562.448     6.744    -0.17    1.58
-201186.225     6.884     0.37    2.40
-200809.938     7.518     1.69    3.16
-200433.589     8.959     3.83    3.65
-200057.175     9.328     0.98    3.34
-199680.699     9.344     0.04    2.90
-199304.158     9.165    -0.48    2.95
-198927.554     8.136    -2.73    2.51
-198550.887     6.998    -3.02    1.94
-198174.156     5.847    -3.06    2.09
-197797.361     4.660    -3.15    2.20
-197420.502     3.795    -2.30    1.67
-197043.580     3.982     0.50    1.68
-196666.594     4.490     1.35    1.73
-196289.544     5.097     1.61    1.54
-195912.430     5.128     0.08    1.44
-195535.253     4.704    -1.12    1.30
-195158.011     4.522    -0.48    1.12
-194780.706     4.538     0.04    1.16
-194403.336     5.717     3.13    2.30
-194025.903     7.961     5.94    3.89
-193648.405    10.302     6.20    4.31
-193270.844    11.569     3.36    3.13
-192893.218    11.504    -0.17    2.36
-192515.528    10.719    -2.08    1.77
-192137.774    10.255    -1.23    1.23
-191759.956     9.898    -0.94    1.25
-191382.074     9.392    -1.34    1.32
-191004.127     8.678    -1.89    1.05
-190626.116     8.179    -1.32    0.76
-190248.041     7.898    -0.74    0.71
-189869.901     7.730    -0.45    0.81
-189491.697     7.532    -0.52    0.77
-189113.428     7.389    -0.38    1.03
-188735.095     7.115    -0.72    1.54
-188356.698     6.106    -2.67    2.48
-187978.236     5.014    -2.88    2.70
-187599.709     4.067    -2.50    2.60
-187221.118     4.316     0.66    2.67
-186842.462     5.602     3.40    2.62
-186463.741     6.768     3.08    2.06
-186084.956     7.669     2.38    0.86
-185706.106     7.953     0.75    0.38
-185327.191     8.028     0.20    0.43
-184948.212     8.064     0.09    0.45
-184569.167     8.123     0.16    0.53
-184190.058     8.353     0.61    0.66
-183810.884     8.782     1.13    0.82
-183431.645     9.541     2.00    1.21
-183052.341    10.521     2.58    1.54
-182672.972    11.244     1.90    1.58
-182293.537    11.412     0.44    1.38
-181914.038    10.680    -1.93    1.36
-181534.474     9.911    -2.03    0.99
-181154.844     9.490    -1.11    0.58
-180775.150     9.132    -0.94    0.70
-180404.987     8.756    -1.02    0.83
-180037.759     8.321    -1.18    0.74
-179670.470     8.035    -0.78    0.49
-179303.121     7.885    -0.41    0.31
-178935.711     7.870    -0.04    0.29
-178568.241     7.834    -0.10    0.22
-178200.710     7.782    -0.14    0.00
-177833.118     7.666    -0.31    0.72
-177465.466     7.551    -0.31    0.97
-177097.753     7.462    -0.24    1.13
-176729.980     7.519     0.16    1.05
-176362.145     7.714     0.53    0.48
-175994.250     7.782     0.18    0.00
-175626.294     7.782     0.00    0.00
-175258.277     7.782     0.00    0.00
-174890.200     7.782     0.00    0.00
-174522.061     7.782     0.00    0.00
-174153.861     7.714    -0.18    0.25
-173785.601     7.094    -1.68    1.16
-173417.279     6.559    -1.45    1.35
-173048.897     6.382    -0.48    1.36
-172680.453     6.390     0.02    1.34
-172311.948     7.141     2.04    1.80
-171943.383     7.822     1.85    1.50
-171574.756     8.002     0.49    1.18
-171206.067     7.755    -0.67    0.50
-170837.318     7.369    -1.05    0.69
-170468.507     6.915    -1.23    0.89
-170099.635     6.569    -0.94    0.81
-169730.702     6.208    -0.98    0.95
-169361.707     5.166    -2.82    2.16
-168992.652     4.012    -3.13    2.77
-168623.534     2.574    -3.90    2.65
-168254.355     1.366    -3.27    1.58
-167885.115     0.782    -1.58    0.00
-167515.813     0.782     0.00    0.00
-167146.450     0.782     0.00    0.00
-166777.025     0.955     0.47    0.58
-166407.539     1.628     1.82    1.52
-166037.991     2.423     2.15    1.97
-165668.381     2.820     1.08    1.85
-165298.710     2.756    -0.17    1.53
-164928.976     2.692    -0.17    1.51
-164559.182     3.268     1.56    1.84
-164189.325     4.169     2.43    2.00
-163819.406     4.321     0.41    2.07
-163449.426     4.679     0.97    2.11
-163079.384     4.705     0.07    2.10
-162709.280     3.883    -2.22    2.20
-162339.114     2.924    -2.59    1.92
-161968.886     2.141    -2.12    1.07
-161598.596     1.966    -0.47    0.48
-161228.244     2.344     1.02    0.81
-160857.830     2.966     1.68    1.82
-160487.354     4.717     4.73    3.32
-160116.816     7.115     6.47    4.15
-159746.215     9.744     7.09    4.26
-159375.553    11.833     5.64    3.43
-159004.828    12.668     2.25    2.84
-158634.041    12.989     0.87    2.54
-158263.191    13.369     1.02    3.08
-157892.280    13.255    -0.31    2.94
-157521.306    12.384    -2.35    3.11
-157150.269    11.589    -2.14    3.31
-156779.171    10.832    -2.04    2.87
-156408.009    10.834     0.01    2.99
-156036.786    12.604     4.77    3.56
-155665.499    15.089     6.69    4.00
-155294.151    17.607     6.78    4.20
-154922.739    20.248     7.11    4.53
-154551.266    21.859     4.33    4.67
-154179.729    22.541     1.84    4.92
-153808.130    22.693     0.41    5.80
-153436.468    23.032     0.91    6.70
-153064.743    24.857     4.91    6.14
-152692.956    26.979     5.71    4.74
-152321.106    28.382     3.77    3.91
-151949.193    28.808     1.15    4.31
-151577.217    29.478     1.80    4.33
-151205.178    31.102     4.37    4.75
-150833.076    34.301     8.59    5.18
-150460.912    38.163    10.38    5.30
-150088.684    42.657    12.07    5.24
-149716.394    47.658    13.43    6.56
-149344.040    54.919    19.50   13.98
-148971.623    65.822    29.27   21.65
-148599.143    75.885    27.01   25.47
-148226.600    82.035    16.50   27.63
-147853.994    79.419    -7.02   26.08
-147481.325    70.322   -24.41   20.82
-147108.592    62.164   -21.88   11.85
-146735.796    57.282   -13.10    2.94
-146362.937    57.394     0.30    2.91
-145990.014    58.083     1.85    2.64
-145617.028    57.340    -1.99    3.00
-145243.979    56.042    -3.48    3.66
-144870.866    53.930    -5.66    4.21
-144497.690    51.355    -6.90    4.54
-144124.450    48.569    -7.46    5.25
-143751.147    46.032    -6.80    4.60
-143377.780    43.984    -5.48    2.33
-143004.350    42.744    -3.32    2.56
-142630.856    41.174    -4.20    3.05
-142257.298    39.236    -5.19    2.74
-141883.676    37.668    -4.20    2.25
-141509.991    36.269    -3.74    2.37
-141136.242    35.415    -2.29    2.49
-140762.429    34.615    -2.14    2.61
-140388.553    34.144    -1.26    2.65
-140014.612    33.419    -1.94    2.63
-139640.608    32.076    -3.59    2.05
-139266.540    31.564    -1.37    1.95
-138892.407    31.387    -0.47    2.03
-138518.211    30.971    -1.11    2.09
-138143.951    30.538    -1.16    1.99
-137769.626    30.225    -0.84    2.50
-137395.238    30.009    -0.57    3.10
-137020.785    29.465    -1.45    3.86
-136646.269    28.189    -3.41    3.99
-136271.688    26.707    -3.96    4.04
-135897.042    25.355    -3.61    3.26
-135522.333    24.930    -1.13    2.82
-135147.559    24.417    -1.37    2.78
-134772.721    23.613    -2.14    3.50
-134397.819    21.214    -6.40    5.17
-134022.852    17.557    -9.75    6.15
-133647.821    14.011    -9.45    5.91
-133272.725    10.644    -8.98    4.84
-132897.565     7.528    -8.30    3.55
-132522.340     4.997    -6.75    2.95
-132147.050     3.744    -3.34    2.76
-131771.697     2.680    -2.83    2.07
-131396.278     2.097    -1.55    1.35
-131020.795     1.819    -0.74    0.19
-130645.247     1.782    -0.10    0.00
-130269.634     1.794     0.03    0.11
-129893.957     1.782    -0.03    0.00
-129518.215     1.917     0.36    0.61
-129142.407     3.319     3.73    2.68
-128766.536     5.132     4.82    3.41
-128390.599     7.244     5.62    3.21
-128014.597     9.487     5.96    3.02
-127638.530    11.415     5.13    3.20
-127262.398    12.885     3.91    2.60
-126886.202    13.641     2.01    1.82
-126509.940    13.498    -0.38    1.85
-126133.613    13.607     0.29    1.76
-125757.221    13.795     0.50    1.40
-125380.764    14.053     0.69    0.82
-125004.241    14.187     0.36    0.79
-124627.653    14.111    -0.20    0.92
-124251.000    14.313     0.54    0.78
-123874.282    14.657     0.91    0.33
-123497.498    14.756     0.26    0.16
-123120.649    14.619    -0.36    0.37
-122743.735    14.307    -0.83    0.60
-122366.755    13.896    -1.09    0.70
-121989.710    13.532    -0.97    0.85
-121612.599    13.257    -0.73    1.01
-121235.422    12.756    -1.33    1.31
-120858.180    12.093    -1.76    1.56
-120480.873    10.982    -2.95    1.72
-120103.500     9.742    -3.28    1.36
-119726.061     8.882    -2.28    1.13
-119348.556     8.492    -1.03    1.02
-118970.985     8.349    -0.38    1.00
-118593.349     8.565     0.57    1.62
-118215.647     9.394     2.19    2.46
-117837.879    10.295     2.38    2.77
-117460.045    11.060     2.03    2.71
-117082.146    11.256     0.52    2.78
-116704.180    10.510    -1.97    2.77
-116326.148     9.882    -1.66    2.63
-115948.050     9.288    -1.57    2.42
-115569.887     8.719    -1.50    1.86
-115191.657     8.275    -1.17    1.35
-114813.361     7.944    -0.87    0.72
-114434.998     7.782    -0.43    0.62
-114056.570     7.579    -0.54    0.40
-113678.075     7.498    -0.21    0.48
-113299.514     7.294    -0.54    0.71
-112920.887     7.288    -0.02    0.74
-112542.193     7.362     0.19    0.72
-112163.433     7.487     0.33    0.58
-111784.607     7.559     0.19    0.42
-111405.714     7.415    -0.38    0.54
-111026.755     7.333    -0.22    0.60
-110647.729     7.314    -0.05    0.77
-110268.636     7.500     0.49    0.68
-109889.477     7.644     0.38    0.55
-109510.252     7.782     0.36    0.00
-109130.959     7.782     0.00    0.00
-108751.600     7.782     0.00    0.00
-108372.174     7.782     0.00    0.00
-107992.682     7.782     0.00    0.00
-107613.123     7.782     0.00    0.00
-107233.496     7.782     0.00    0.00
-106853.803     7.782     0.00    0.00
-106474.043     7.782     0.00    0.00
-106094.216     7.717    -0.17    0.41
-105720.633     7.742     0.07    0.26
-105353.597     7.769     0.07    0.11
-104986.498     7.782     0.03    0.00
-104619.337     7.670    -0.30    0.52
-104252.115     7.490    -0.49    0.85
-103884.830     7.419    -0.19    0.94
-103517.483     7.532     0.31    0.80
-103150.074     7.719     0.51    0.40
-102782.603     7.782     0.17    0.00
-102415.069     7.782     0.00    0.00
-102047.474     7.663    -0.32    0.33
-101679.816     7.288    -1.02    0.82
-101312.095     6.809    -1.30    1.01
-100944.313     6.831     0.06    0.97
-100576.468     6.903     0.20    1.03
-100208.560     7.194     0.79    0.99
 -99840.591     7.584     1.06    0.63
 -99472.558     7.732     0.40    0.31
 -99104.464     7.782     0.13    0.00
 -98736.306     7.782     0.00    0.00
 -98368.086     7.782     0.00    0.00
 -97999.804     7.782     0.00    0.00
 -97631.459     7.782     0.00    0.00
 -97263.051     7.782     0.00    0.00
 -96894.581     7.782     0.00    0.00
 -96526.047     7.782     0.00    0.00
 -96157.452     7.731    -0.14    0.27
 -95788.793     7.695    -0.10    0.42
 -95420.071     7.757     0.17    0.16
 -95051.287     7.782     0.07    0.00
 -94682.440     7.782     0.00    0.00
 -94313.529     7.782     0.00    0.00
 -93944.556     7.782     0.00    0.00
 -93575.520     7.782     0.00    0.00
 -93206.421     7.782     0.00    0.00
 -92837.259     7.719    -0.17    0.33
 -92468.033     7.566    -0.41    0.59
 -92098.745     7.366    -0.54    0.78
 -91729.393     7.038    -0.89    0.93
 -91359.979     6.718    -0.87    0.97
 -90990.501     6.584    -0.36    0.94
 -90620.960     6.532    -0.14    0.92
 -90251.355     6.642     0.30    0.94
 -89881.687     6.859     0.58    0.95
 -89511.956     7.144     0.77    0.90
 -89142.162     7.500     0.96    0.66
 -88772.304     7.695     0.53    0.36
 -88402.382     7.782     0.23    0.00
 -88032.398     7.782     0.00    0.00
 -87662.349     7.782     0.00    0.00
 -87292.237     7.782     0.00    0.00
 -86922.062     7.782     0.00    0.00
 -86551.823     7.782     0.00    0.00
 -86181.520     7.326    -1.23    1.08
 -85811.154     6.694    -1.71    1.37
 -85440.724     6.374    -0.86    1.37
 -85070.230     6.457     0.22    1.38
 -84699.672     7.102     1.74    1.12
 -84329.051     7.609     1.37    0.57
 -83958.366     7.782     0.47    0.00
 -83587.617     7.782     0.00    0.00
 -83216.804     7.782     0.00    0.00
 -82845.927     7.782     0.00    0.00
 -82474.986     7.782     0.00    0.00
 -82103.981     7.782     0.00    0.00
 -81732.912     7.782     0.00    0.00
 -81361.779     7.782     0.00    0.00
 -80990.582     7.782     0.00    0.00
 -80619.320     7.782     0.00    0.00
 -80247.995     7.782     0.00    0.00
 -79876.605     7.782     0.00    0.00
 -79505.151     7.782     0.00    0.00
 -79133.633     7.782     0.00    0.00
 -78762.051     7.782     0.00    0.00
 -78390.404     7.782     0.00    0.00
 -78018.693     7.782     0.00    0.00
 -77646.917     7.782     0.00    0.00
 -77275.077     7.782     0.00    0.00
 -76903.173     7.782     0.00    0.00
 -76531.204     7.782     0.00    0.00
 -76159.170     7.782     0.00    0.00
 -75787.072     7.769    -0.03    0.11
 -75414.909     7.782     0.03    0.00
 -75042.682     7.782     0.00    0.00
 -74670.390     7.782     0.00    0.00
 -74298.033     7.782     0.00    0.00
 -73925.611     7.607    -0.47    0.55
 -73553.125     6.845    -2.04    1.44
 -73180.574     5.982    -2.32    1.65
 -72807.958     4.974    -2.70    1.41
 -72435.277     4.569    -1.09    1.09
 -72062.532     4.607     0.10    1.22
 -71689.721     4.221    -1.04    1.34
 -71316.845     3.415    -2.16    1.90
 -70943.904     2.269    -3.07    2.15
 -70570.899     1.009    -3.38    1.75
 -70197.828     0.244    -2.05    1.18
 -69824.692     0.069    -0.47    0.98
 -69451.491     0.572     1.35    1.69
 -69078.224     1.226     1.75    2.14
 -68704.893     1.819     1.59    2.33
 -68331.496     2.730     2.44    2.34
 -67958.034     3.528     2.14    2.04
 -67584.507     4.461     2.50    1.01
 -67210.914     4.782     0.86    0.00
 -66837.256     4.745    -0.10    0.33
 -66463.532     4.692    -0.14    0.49
 -66089.743     4.694     0.01    0.48
 -65715.888     4.769     0.20    0.11
 -65341.968     4.782     0.03    0.00
 -64967.983     4.782     0.00    0.00
 -64593.931     4.782     0.00    0.00
 -64219.815     4.782     0.00    0.00
 -63845.632     4.782     0.00    0.00
 -63471.384     4.782     0.00    0.00
 -63097.070     4.721    -0.16    0.45
 -62722.690     4.174    -1.46    1.37
 -62348.244     3.932    -0.65    1.52
 -61973.733     3.924    -0.02    1.55
 -61599.155     3.635    -0.77    1.69
 -61224.512     3.353    -0.75    1.81
 -60849.803     2.917    -1.16    1.84
 -60475.028     2.755    -0.43    1.84
 -60100.187     3.611     2.28    1.70
 -59725.279     4.484     2.33    0.93
 -59350.306     4.732     0.66    0.22
 -58975.266     4.782     0.13    0.00
 -58600.161     4.782     0.00    0.00
 -58224.989     4.782     0.00    0.00
 -57849.751     4.782     0.00    0.00
 -57474.447     4.707    -0.20    0.27
 -57099.076     4.541    -0.44    0.43
 -56723.639     4.402    -0.37    0.49
 -56348.136     4.448     0.12    0.47
 -55972.566     4.512     0.17    0.45
 -55596.930     4.657     0.38    0.33
 -55221.227     4.991     0.89    0.63
 -54845.458     5.473     1.28    0.92
 -54469.622     5.979     1.35    0.93
 -54093.720     6.512     1.42    0.89
 -53717.751     7.607     2.91    1.70
 -53341.715     8.532     2.46    2.26
 -52965.613     9.584     2.80    2.41
 -52589.444    10.769     3.15    2.42
 -52213.208    11.419     1.73    2.33
 -51836.905    12.314     2.38    2.37
 -51460.536    13.233     2.44    2.51
 -51084.100    13.400     0.44    2.81
 -50707.596    12.831    -1.51    2.99
 -50331.026    11.890    -2.50    3.26
 -49954.389    10.196    -4.50    3.40
 -49577.685     8.439    -4.66    3.16
 -49200.914     7.623    -2.17    3.05
 -48824.075     7.487    -0.36    3.01
 -48447.170     7.189    -0.79    2.46
 -48070.197     7.085    -0.27    1.54
 -47693.158     7.090     0.01    1.16
 -47316.051     6.932    -0.42    1.10
 -46938.876     6.868    -0.17    0.92
 -46561.635     6.880     0.03    0.83
 -46184.326     6.744    -0.36    0.79
 -45806.950     6.572    -0.46    0.74
 -45429.506     6.494    -0.21    0.62
 -45051.995     6.621     0.34    0.62
 -44674.416     6.845     0.59    0.70
 -44296.770     7.094     0.66    0.87
 -43919.057     7.028    -0.17    1.23
 -43541.275     6.769    -0.69    1.45
 -43163.426     6.128    -1.70    1.72
 -42785.510     6.066    -0.16    1.76
 -42407.526     6.288     0.59    1.84
 -42029.474     6.694     1.07    1.66
 -41651.354     7.123     1.14    1.30
 -41273.166     7.472     0.92    0.81
 -40894.911     7.744     0.72    0.52
 -40516.587     8.078     0.88    1.27
 -40138.196     8.551     1.25    2.26
 -39759.737     8.053    -1.31    3.21
 -39381.210     6.559    -3.95    4.24
 -39002.615     4.757    -4.76    4.22
 -38623.951     4.498    -0.68    3.48
 -38245.220     6.038     4.07    4.23
 -37866.420     9.275     8.55    4.54
 -37487.553    12.359     8.14    2.92
 -37108.617    13.880     4.02    1.91
 -36729.613    14.834     2.52    0.43
 -36350.540    14.819    -0.04    0.75
 -35971.399    13.641    -3.11    2.52
 -35592.190    12.878    -2.01    3.15
 -35212.913    12.845    -0.09    3.29
 -34833.567    13.559     1.88    3.32
 -34454.152    15.219     4.37    2.10
 -34074.669    15.794     1.51    1.26
 -33695.118    15.745    -0.13    0.97
 -33315.498    15.557    -0.50    0.81
 -32935.809    15.374    -0.48    0.77
 -32556.052    15.179    -0.51    0.73
 -32176.226    14.916    -0.69    0.38
 -31796.331    14.808    -0.28    0.16
 -31416.367    14.782    -0.07    0.00
 -31039.066    14.782     0.00    0.00
 -30672.228    14.745    -0.10    0.19
 -30305.328    14.703    -0.12    0.27
 -29938.363    14.541    -0.44    0.51
 -29571.335    14.115    -1.16    0.89
 -29204.244    13.300    -2.22    1.32
 -28837.089    12.141    -3.16    1.55
 -28469.870    10.967    -3.20    1.37
 -28102.587     9.946    -2.78    1.02
 -27735.241     9.155    -2.15    0.88
 -27367.831     8.632    -1.42    0.73
 -27000.357     8.194    -1.19    0.57
 -26632.819     7.989    -0.56    0.41
 -26265.217     7.609    -1.03    0.95
 -25897.552     6.233    -3.74    2.14
 -25529.822     4.832    -3.81    2.29
 -25162.029     3.782    -2.85    1.83
 -24794.171     2.868    -2.48    0.39
 -24426.249     2.782    -0.23    0.00
 -24058.264     2.782     0.00    0.00
 -23690.214     2.782     0.00    0.00
 -23322.100     2.782     0.00    0.00
 -22953.921     2.782     0.00    0.00
 -22585.679     2.626    -0.42    0.51
 -22217.372     2.038    -1.60    0.95
 -21849.001     1.532    -1.37    0.94
 -21480.566     1.586     0.15    0.94
 -21112.066     1.913     0.89    0.96
 -20743.502     2.329     1.13    0.75
 -20374.873     2.361     0.08    0.72
 -20006.180     1.831    -1.44    0.93
 -19637.423     1.294    -1.46    0.80
 -19268.601     0.901    -1.07    0.39
 -18899.714     0.859    -0.11    0.27
 -18530.763     1.325     1.26    0.84
 -18161.747     1.820     1.34    0.95
 -17792.666     2.275     1.23    0.79
 -17423.521     2.415     0.38    0.72
 -17054.311     2.288    -0.34    0.85
 -16685.036     2.053    -0.63    0.96
 -16315.697     1.719    -0.90    1.00
 -15946.292     1.436    -0.77    0.94
 -15576.823     1.306    -0.35    0.86
 -15207.289     1.233    -0.20    0.80
 -14837.690     1.436     0.55    0.91
 -14468.026     1.757     0.87    0.97
 -14098.296     2.123     0.99    0.92
 -13728.502     2.461     0.91    0.70
 -13358.643     2.696     0.64    0.36
 -12988.719     2.782     0.23    0.00
 -12618.729     2.782     0.00    0.00
 -12248.674     2.782     0.00    0.00
 -11878.554     2.782     0.00    0.00
 -11508.369     2.782     0.00    0.00
 -11138.119     2.782     0.00    0.00
 -10767.803     2.782     0.00    0.00
 -10397.422     2.782     0.00    0.00
 -10026.975     2.782     0.00    0.00
  -9656.463     2.782     0.00    0.00
  -9285.886     2.782     0.00    0.00
  -8915.243     2.782     0.00    0.00
  -8544.534     2.782     0.00    0.00
  -8173.760     2.782     0.00    0.00
  -7802.920     2.633    -0.40    0.48
  -7432.015     2.394    -0.65    0.75
  -7061.044     2.329    -0.17    0.77
  -6690.008     2.326    -0.01    0.78
  -6318.905     2.535     0.56    0.60
  -5947.737     2.717     0.49    0.34
  -5576.503     2.782     0.17    0.00
  -5205.203     2.535    -0.66    0.63
  -4833.837     2.293    -0.65    0.83
  -4462.406     2.212    -0.22    0.87
  -4090.908     2.226     0.04    0.87
  -3719.344     2.461     0.63    0.73
  -3347.715     2.686     0.61    0.43
  -2976.019     2.782     0.26    0.00
  -2604.257     2.782     0.00    0.00
  -2232.429     2.782     0.00    0.00
  -1860.535     2.663    -0.32    0.42
  -1488.575     2.192    -1.27    1.01
  -1116.548     1.318    -2.35    1.36
   -744.456     0.457    -2.31    1.09
   -372.296    -0.074    -1.43    0.50
     -0.071    -0.129    -0.15    0.40
    372.221     0.343     1.27    1.04
    744.579     0.913     1.53    1.31
   1117.004     1.599     1.84    1.31
   1489.495     2.089     1.32    1.06
   1862.053     2.198     0.29    1.00
   2234.677     2.339     0.38    0.93
   2607.368     2.498     0.43    0.81
   2980.125     2.516     0.05    0.80
   3352.949     2.543     0.07    0.70
   3725.840     2.557     0.04    0.59
   4098.798     2.535    -0.06    0.66
   4471.822     2.507    -0.08    0.75
   4844.913     2.452    -0.15    0.81
   5218.071     2.377    -0.20    0.91
   5591.296     2.189    -0.50    1.08
   5964.588     1.984    -0.55    1.24
   6337.947     1.829    -0.41    1.33
   6711.373     1.668    -0.43    1.41
   7084.865     1.452    -0.58    1.47
   7458.425     1.307    -0.39    1.47
   7832.052     1.099    -0.56    1.46
   8205.746     0.858    -0.65    1.39
   8579.507     0.651    -0.55    1.32
   8953.336     0.510    -0.38    1.25
   9327.232     0.349    -0.43    1.14
   9701.195     0.263    -0.23    1.11
  10075.225     0.172    -0.24    1.00
  10449.322     0.172     0.00    0.94
  10823.487     0.152    -0.05    0.78
  11197.720     0.436     0.76    1.03
  11572.020     0.589     0.41    1.05
  11946.387     0.672     0.22    1.07
  12320.822     0.661    -0.03    1.08
  12695.325     0.522    -0.37    0.93
  13069.895     0.355    -0.45    0.79
  13444.532     0.221    -0.36    0.65
  13819.238     0.019    -0.54    0.48
  14194.011    -0.158    -0.47    0.24
  14568.852    -0.218    -0.16    0.00
  14943.761    -0.218     0.00    0.00
  15318.737    -0.218     0.00    0.00
  15693.782    -0.218     0.00    0.00
  16068.894    -0.218     0.00    0.00
  16444.074    -0.218     0.00    0.00
  16819.322    -0.218     0.00    0.00
  17194.638    -0.218     0.00    0.00
  17570.023    -0.218     0.00    0.00
  17945.475    -0.218     0.00    0.00
  18320.996    -0.218     0.00    0.00
  18696.584    -0.218     0.00    0.00
  19072.241    -0.218     0.00    0.00
  19447.966    -0.218     0.00    0.00
  19823.759    -0.218     0.00    0.00
  20199.621    -0.218     0.00    0.00
  20575.551    -0.218     0.00    0.00
  20951.549    -0.218     0.00    0.00
  21327.616    -0.218     0.00    0.00
  21703.751    -0.218     0.00    0.00
  22079.955    -0.218     0.00    0.00
  22456.227    -0.218     0.00    0.00
  22832.568    -0.218     0.00    0.00
  23208.978    -0.218     0.00    0.00
  23585.456    -0.218     0.00    0.00
  23962.003    -0.218     0.00    0.00
  24338.618    -0.218     0.00    0.00
  24715.302    -0.218     0.00    0.00
  25092.055    -0.218     0.00    0.00
  25468.877    -0.218     0.00    0.00
  25845.768    -0.218     0.00    0.00
  26222.728    -0.218     0.00    0.00
  26599.756    -0.218     0.00    0.00
  26976.854    -0.218     0.00    0.00
  27354.021    -0.218     0.00    0.00
  27731.256    -0.218     0.00    0.00
  28108.561    -0.218     0.00    0.00
  28485.935    -0.218     0.00    0.00
  28863.378    -0.218     0.00    0.00
  29240.890    -0.218     0.00    0.00
  29618.472    -0.218     0.00    0.00
  29996.123    -0.218     0.00    0.00
  30373.843    -0.218     0.00    0.00
  30751.633    -0.218     0.00    0.00
  31129.491    -0.218     0.00    0.00
  31507.420    -0.218     0.00    0.00
  31885.418    -0.218     0.00    0.00
  32263.485    -0.218     0.00    0.00
  32641.622    -0.218     0.00    0.00
  33019.829    -0.218     0.00    0.00
  33398.105    -0.218     0.00    0.00
  33776.451    -0.218     0.00    0.00
  34154.866    -0.218     0.00    0.00
  34533.351    -0.218     0.00    0.00
  34911.906    -0.218     0.00    0.00
  35290.531    -0.218     0.00    0.00
  35669.226    -0.218     0.00    0.00
  36047.991    -0.218     0.00    0.00
  36426.825    -0.218     0.00    0.00
  36805.730    -0.218     0.00    0.00
  37184.705    -0.218     0.00    0.00
  37563.749    -0.218     0.00    0.00
  37942.864    -0.218     0.00    0.00
  38322.049    -0.218     0.00    0.00
  38701.304    -0.218     0.00    0.00
  39080.629    -0.218     0.00    0.00
  39460.025    -0.218     0.00    0.00
  39839.491    -0.218     0.00    0.00
  40219.027    -0.218     0.00    0.00
  40598.633    -0.218     0.00    0.00
  40978.310    -0.218     0.00    0.00
  41358.058    -0.218     0.00    0.00
  41737.876    -0.218     0.00    0.00
  42117.764    -0.218     0.00    0.00
  42497.723    -0.218     0.00    0.00
  42877.752    -0.218     0.00    0.00
  43257.853    -0.218     0.00    0.00
  43638.023    -0.218     0.00    0.00
  44005.821    -0.218     0.00    0.00
  44372.519    -0.218     0.00    0.00
  44739.282    -0.218     0.00    0.00
  45106.111    -0.218     0.00    0.00
  45473.005    -0.218     0.00    0.00
  45839.964    -0.218     0.00    0.00
  46206.989    -0.218     0.00    0.00
  46574.078    -0.218     0.00    0.00
  46941.233    -0.218     0.00    0.00
  47308.454    -0.218     0.00    0.00
  47675.740    -0.218     0.00    0.00
  48043.091    -0.218     0.00    0.00
  48410.508    -0.218     0.00    0.00
  48777.990    -0.218     0.00    0.00
  49145.538    -0.218     0.00    0.00
  49513.151    -0.218     0.00    0.00
  49880.830    -0.218     0.00    0.00
  50248.575    -0.218     0.00    0.00
  50616.385    -0.218     0.00    0.00
  50984.262    -0.218     0.00    0.00
  51352.203    -0.218     0.00    0.00
  51720.211    -0.218     0.00    0.00
  52088.285    -0.218     0.00    0.00
  52456.424    -0.218     0.00    0.00
  52824.629    -0.218     0.00    0.00
  53192.900    -0.218     0.00    0.00
  53561.238    -0.218     0.00    0.00
  53929.641    -0.218     0.00    0.00
  54298.110    -0.218     0.00    0.00
  54666.645    -0.218     0.00    0.00
  55035.247    -0.218     0.00    0.00
  55403.914    -0.218     0.00    0.00
  55772.648    -0.218     0.00    0.00
  56141.448    -0.218     0.00    0.00
  56510.314    -0.218     0.00    0.00
  56879.247    -0.218     0.00    0.00
  57248.246    -0.218     0.00    0.00
  57617.311    -0.218     0.00    0.00
  57986.443    -0.218     0.00    0.00
  58355.641    -0.218     0.00    0.00
  58724.905    -0.218     0.00    0.00
  59094.237    -0.218     0.00    0.00
  59463.634    -0.218     0.00    0.00
  59833.098    -0.218     0.00    0.00
  60202.629    -0.218     0.00    0.00
  60572.227    -0.218     0.00    0.00
  60941.891    -0.218     0.00    0.00
  61311.622    -0.218     0.00    0.00
  61681.419    -0.218     0.00    0.00
  62051.284    -0.218     0.00    0.00
  62421.215    -0.218     0.00    0.00
  62791.213    -0.218     0.00    0.00
  63161.278    -0.218     0.00    0.00
  63531.410    -0.218     0.00    0.00
  63901.609    -0.218     0.00    0.00
  64271.875    -0.218     0.00    0.00
  64642.208    -0.218     0.00    0.00
  65012.609    -0.218     0.00    0.00
  65383.076    -0.218     0.00    0.00
  65753.610    -0.218     0.00    0.00
  66124.212    -0.218     0.00    0.00
  66494.881    -0.218     0.00    0.00
  66865.617    -0.218     0.00    0.00
  67236.420    -0.218     0.00    0.00
  67607.291    -0.218     0.00    0.00
  67978.229    -0.218     0.00    0.00
  68349.235    -0.218     0.00    0.00
  68720.308    -0.218     0.00    0.00
  69091.449    -0.218     0.00    0.00
  69462.657    -0.218     0.00    0.00
  69833.932    -0.218     0.00    0.00
  70205.276    -0.218     0.00    0.00
  70576.687    -0.218     0.00    0.00
  70948.165    -0.218     0.00    0.00
  71319.711    -0.218     0.00    0.00
  71691.325    -0.218     0.00    0.00
  72063.007    -0.218     0.00    0.00
  72434.757    -0.218     0.00    0.00
  72806.574    -0.218     0.00    0.00
  73178.460    -0.218     0.00    0.00
  73550.413    -0.218     0.00    0.00
  73922.435    -0.218     0.00    0.00
  74294.524    -0.218     0.00    0.00
  74666.681    -0.218     0.00    0.00
  75038.907    -0.218     0.00    0.00
  75411.200    -0.218     0.00    0.00
  75783.562    -0.218     0.00    0.00
  76155.992    -0.218     0.00    0.00
  76528.490    -0.218     0.00    0.00
  76901.057    -0.218     0.00    0.00
  77273.692    -0.218     0.00    0.00
  77646.395    -0.218     0.00    0.00
  78019.166    -0.218     0.00    0.00
  78392.006    -0.218     0.00    0.00
  78764.915    -0.218     0.00    0.00
  79137.891    -0.218     0.00    0.00
  79510.937    -0.218     0.00    0.00
  79884.051    -0.218     0.00    0.00
  80257.233    -0.218     0.00    0.00
  80630.485    -0.218     0.00    0.00
  81003.805    -0.218     0.00    0.00
  81377.193    -0.218     0.00    0.00
  81750.651    -0.218     0.00    0.00
  82124.177    -0.218     0.00    0.00
  82497.772    -0.218     0.00    0.00
  82871.436    -0.218     0.00    0.00
  83245.169    -0.218     0.00    0.00
  83618.971    -0.218     0.00    0.00
  83992.842    -0.218     0.00    0.00
  84366.782    -0.218     0.00    0.00
  84740.791    -0.218     0.00    0.00
  85114.869    -0.218     0.00    0.00
  85489.016    -0.218     0.00    0.00
  85863.232    -0.218     0.00    0.00
  86237.518    -0.218     0.00    0.00
  86611.873    -0.218     0.00    0.00
  86986.297    -0.218     0.00    0.00
  87360.790    -0.218     0.00    0.00
  87735.353    -0.218     0.00    0.00
  88109.985    -0.218     0.00    0.00
  88484.687    -0.218     0.00    0.00
  88859.458    -0.218     0.00    0.00
  89234.299    -0.218     0.00    0.00
  89609.209    -0.218     0.00    0.00
  89984.189    -0.218     0.00    0.00
  90359.239    -0.218     0.00    0.00
  90734.358    -0.218     0.00    0.00
  91109.547    -0.218     0.00    0.00
  91484.806    -0.218     0.00    0.00
  91860.134    -0.218     0.00    0.00
  92235.533    -0.218     0.00    0.00
  92611.001    -0.218     0.00    0.00
  92986.539    -0.218     0.00    0.00
  93362.147    -0.218     0.00    0.00
  93737.825    -0.218     0.00    0.00
  94113.573    -0.218     0.00    0.00
  94489.392    -0.218     0.00    0.00
  94865.280    -0.218     0.00    0.00
  95241.239    -0.218     0.00    0.00
  95617.267    -0.218     0.00    0.00
  95993.366    -0.218     0.00    0.00
  96369.535    -0.218     0.00    0.00
  96745.775    -0.218     0.00    0.00
  97122.085    -0.218     0.00    0.00
  97498.465    -0.218     0.00    0.00
  97874.915    -0.218     0.00    0.00
  98251.437    -0.218     0.00    0.00
  98628.028    -0.218     0.00    0.00
  99004.690    -0.218     0.00    0.00
  99381.423    -0.218     0.00    0.00
  99758.226    -0.218     0.00    0.00
 100135.101    -0.218     0.00    0.00
 100512.045    -0.218     0.00    0.00
 100889.061    -0.218     0.00    0.00
 101266.147    -0.218     0.00    0.00
 101643.304    -0.218     0.00    0.00
 102020.532    -0.218     0.00    0.00
 102397.831    -0.218     0.00    0.00
 102775.201    -0.218     0.00    0.00
 103152.641    -0.218     0.00    0.00
 103530.153    -0.218     0.00    0.00
 103907.736    -0.218     0.00    0.00
 104285.390    -0.218     0.00    0.00
 104663.115    -0.218     0.00    0.00
 105040.911    -0.218     0.00    0.00
 105418.779    -0.218     0.00    0.00
 105796.718    -0.218     0.00    0.00
 106174.728    -0.218     0.00    0.00
 106552.809    -0.218     0.00    0.00
 106930.962    -0.218     0.00    0.00
 107309.186    -0.218     0.00    0.00
 107687.482    -0.218     0.00    0.00
 108065.849    -0.218     0.00    0.00
 108444.288    -0.218     0.00    0.00
 108822.798    -0.218     0.00    0.00
 109201.380    -0.218     0.00    0.00
 109580.034    -0.218     0.00    0.00
 109958.759    -0.218     0.00    0.00
 110337.556    -0.218     0.00    0.00
 110716.425    -0.218     0.00    0.00
 111095.365    -0.218     0.00    0.00
 111474.378    -0.218     0.00    0.00
 111853.462    -0.218     0.00    0.00
 112232.619    -0.218     0.00    0.00
 112611.847    -0.218     0.00    0.00
 112991.147    -0.218     0.00    0.00
 113370.520    -0.218     0.00    0.00
 113749.965    -0.218     0.00    0.00
 114129.481    -0.218     0.00    0.00
 114509.070    -0.218     0.00    0.00
 114888.731    -0.218     0.00    0.00
 115268.465    -0.218     0.00    0.00
 115648.271    -0.218     0.00    0.00
 116028.149    -0.218     0.00    0.00
 116408.099    -0.218     0.00    0.00
 116788.122    -0.218     0.00    0.00
 117168.218    -0.218     0.00    0.00
 117548.386    -0.218     0.00    0.00
 117928.626    -0.218     0.00    0.00
 118308.939    -0.218     0.00    0.00
 118680.744    -0.218     0.00    0.00
 119047.235    -0.218     0.00    0.00
 119413.793    -0.218     0.00    0.00
 119780.418    -0.218     0.00    0.00
 120147.110    -0.218     0.00    0.00
 120513.868    -0.218     0.00    0.00
 120880.694    -0.218     0.00    0.00
 121247.586    -0.218     0.00    0.00
 121614.545    -0.218     0.00    0.00
 121981.571    -0.218     0.00    0.00
 122348.665    -0.218     0.00    0.00
 122715.825    -0.218     0.00    0.00
 123083.053    -0.218     0.00    0.00
 123450.347    -0.218     0.00    0.00
 123817.709    -0.218     0.00    0.00
 124185.138    -0.218     0.00    0.00
 124552.634    -0.218     0.00    0.00
 124920.198    -0.218     0.00    0.00
 125287.828    -0.218     0.00    0.00
 125655.527    -0.218     0.00    0.00
 126023.292    -0.218     0.00    0.00
 126391.125    -0.218     0.00    0.00
 126759.026    -0.218     0.00    0.00
 127126.994    -0.218     0.00    0.00
 127495.029    -0.218     0.00    0.00
 127863.132    -0.218     0.00    0.00
 128231.303    -0.218     0.00    0.00
 128599.541    -0.218     0.00    0.00
 128967.847    -0.218     0.00    0.00
 129336.221    -0.218     0.00    0.00
 129704.663    -0.218     0.00    0.00
 130073.172    -0.218     0.00    0.00
 130441.749    -0.218     0.00    0.00
 130810.394    -0.218     0.00    0.00
 131179.107    -0.218     0.00    0.00
 131547.888    -0.218     0.00    0.00
 131916.737    -0.218     0.00    0.00
 132285.654    -0.218     0.00    0.00
 132654.639    -0.218     0.00    0.00
 133023.692    -0.218     0.00    0.00
 133392.814    -0.218     0.00    0.00
 133762.003    -0.218     0.00    0.00
 134131.261    -0.218     0.00    0.00
 134500.587    -0.218     0.00    0.00
 134869.981    -0.218     0.00    0.00
 135239.443    -0.218     0.00    0.00
 135608.974    -0.218     0.00    0.00
 135978.574    -0.218     0.00    0.00
 136348.242    -0.218     0.00    0.00
 136717.978    -0.218     0.00    0.00
 137087.783    -0.218     0.00    0.00
 137457.656    -0.218     0.00    0.00
 137827.598    -0.218     0.00    0.00
 138197.608    -0.218     0.00    0.00
 138567.688    -0.218     0.00    0.00
 138937.836    -0.218     0.00    0.00
 139308.052    -0.218     0.00    0.00
 139678.338    -0.218     0.00    0.00
 140048.692    -0.218     0.00    0.00
 140419.115    -0.218     0.00    0.00
 140789.607    -0.218     0.00    0.00
 141160.168    -0.218     0.00    0.00
 141530.798    -0.218     0.00    0.00
 141901.497    -0.218     0.00    0.00
 142272.266    -0.218     0.00    0.00
 142643.103    -0.218     0.00    0.00
 143014.009    -0.218     0.00    0.00
 143384.984    -0.218     0.00    0.00
 143756.029    -0.218     0.00    0.00
 144127.143    -0.218     0.00    0.00
 144498.326    -0.218     0.00    0.00
 144869.579    -0.218     0.00    0.00
 145240.901    -0.218     0.00    0.00
 145612.292    -0.218     0.00    0.00
 145983.753    -0.218     0.00    0.00
 146355.283    -0.218     0.00    0.00
 146726.883    -0.218     0.00    0.00
 147098.552    -0.218     0.00    0.00
 147470.291    -0.218     0.00    0.00
 147842.100    -0.218     0.00    0.00
 148213.978    -0.218     0.00    0.00
 148585.926    -0.218     0.00    0.00
 148957.943    -0.218     0.00    0.00
 149330.031    -0.218     0.00    0.00
 149702.188    -0.218     0.00    0.00
 150074.416    -0.218     0.00    0.00
 150446.713    -0.218     0.00    0.00
 150819.080    -0.218     0.00    0.00
 151191.517    -0.218     0.00    0.00
 151564.024    -0.218     0.00    0.00
 151936.601    -0.218     0.00    0.00
 152309.248    -0.218     0.00    0.00
 152681.966    -0.218     0.00    0.00
 153054.753    -0.218     0.00    0.00
 153427.611    -0.218     0.00    0.00
 153800.539    -0.218     0.00    0.00
 154173.537    -0.218     0.00    0.00
 154546.606    -0.218     0.00    0.00
 154919.745    -0.218     0.00    0.00
 155292.955    -0.218     0.00    0.00
 155666.235    -0.218     0.00    0.00
 156039.585    -0.218     0.00    0.00
 156413.006    -0.218     0.00    0.00
 156786.498    -0.218     0.00    0.00
 157160.060    -0.218     0.00    0.00
 157533.693    -0.218     0.00    0.00
 157907.397    -0.218     0.00    0.00
 158281.171    -0.218     0.00    0.00
 158655.016    -0.218     0.00    0.00
 159028.932    -0.218     0.00    0.00
 159402.919    -0.218     0.00    0.00
 159776.977    -0.218     0.00    0.00
 160151.106    -0.218     0.00    0.00
 160525.305    -0.218     0.00    0.00
 160899.576    -0.218     0.00    0.00
 161273.918    -0.218     0.00    0.00
 161648.331    -0.218     0.00    0.00
 162022.815    -0.218     0.00    0.00
 162397.370    -0.218     0.00    0.00
 162771.996    -0.218     0.00    0.00
 163146.694    -0.218     0.00    0.00
 163521.463    -0.218     0.00    0.00
 163896.303    -0.218     0.00    0.00
 164271.215    -0.218     0.00    0.00
 164646.198    -0.218     0.00    0.00
 165021.253    -0.218     0.00    0.00
 165396.379    -0.218     0.00    0.00
 165771.577    -0.218     0.00    0.00
 166146.846    -0.218     0.00    0.00
 166522.187    -0.218     0.00    0.00
 166897.600    -0.218     0.00    0.00
