# NaN NaN NaN ;Mean Elev.(m), Avg Gradient(m/km), RMS Gradient(m/km) - SRTM1     
#   60.345  -5.547  69.579 ;Mean Elev.(m), Avg Gradient(m/km), RMS Gradient(m/km) - ASTER GDEM
#   76.143  -6.082  66.704 ;Mean Elev.(m), Avg Gradient(m/km), RMS Gradient(m/km) - GMTED2010 
  7    71.723 52465.28455587 31.07 208.659564  65.257359  9.099
  7    66.316 52465.28455651 36.86 208.656534  65.260459  9.099
  9    67.176 52535.28453835 41.93 208.641655  65.254934 19.481
  9    66.085 52535.28453899 46.39 208.638615  65.258034 19.481
 10    62.231 52570.28457019 40.30 208.654344  65.258202 12.720
 10    62.535 52570.28457084 39.05 208.651314  65.261302 12.720
 11    62.212 52605.28454452 22.20 208.666851  65.257140  8.048
 11    62.400 52605.28454516 26.24 208.663821  65.260240  8.048
 12    62.146 52640.28453153 12.81 208.647607  65.256719  5.603
 12    61.954 52640.28453218 12.34 208.644577  65.259819  5.603
 13    91.782 52675.28452429  9.02 208.664712  65.259292  3.959
 13    93.505 52675.28452493  9.70 208.661682  65.262392  3.959
 14    61.463 52710.28454498  7.03 208.649651  65.257701  4.047
 14    61.600 52710.28454563  6.87 208.646621  65.260801  4.047
 17    71.443 52815.28459237 11.43 208.643321  65.256611  4.115
 17    64.247 52815.28459301 10.37 208.640291  65.259711  4.115
 21    60.980 52955.28459906 36.30 208.653501  65.256773 13.488
 21    60.588 52955.28459970 41.05 208.650461  65.259873 13.488
 22    62.823 52990.28461201 10.61 208.663089  65.258499  9.754
 22    62.734 52990.28461266  9.16 208.660059  65.261609  9.754
 23    64.521 53025.28458565  7.94 208.674222  65.259081  4.709
 23    64.024 53025.28458629  7.77 208.671192  65.262181  4.709
 24    61.474 53060.28458952  8.92 208.663425  65.258137  5.988
 24    61.918 53060.28459016  7.02 208.660395  65.261238  5.065
 25    60.763 53095.28462305 12.77 208.663374  65.257503  7.067
 25    60.993 53095.28462369 13.06 208.660344  65.260603  7.067
 26    64.737 53130.28459526 27.74 208.659717  65.255965 14.109
 26    66.731 53130.28459590 24.71 208.656687  65.259065 14.109
 28    65.332 53200.28466762 39.50 208.658966  65.255809 16.021
 28    67.790 53200.28466827 40.39 208.655936  65.258909 16.021
 29    62.866 53235.28463750 48.59 208.672813  65.258865 17.296
 29    62.473 53235.28463815 46.02 208.669783  65.261965 17.296
 30    62.420 53270.28460042 47.07 208.644541  65.255281 13.499
 30    62.411 53270.28460106 52.22 208.641511  65.258381 13.499
 31    61.427 53305.28466304 46.20 208.645616  65.256621 13.486
 31    61.429 53305.28466368 37.80 208.642586  65.259721 13.486
 32    61.255 53340.28463075 19.87 208.665351  65.256752  8.026
 32    61.144 53340.28463139 20.77 208.662321  65.259852  8.026
 34    61.361 53410.28460522  8.90 208.660634  65.256462  5.267
 34    61.201 53410.28460586  8.75 208.657604  65.259562  5.267
 35    62.790 53445.28458785 10.50 208.675345  65.258384  8.440
 35    62.039 53445.28458850  9.20 208.672315  65.261484  8.440
 36    62.748 53480.28467022 12.50 208.646465  65.256808 14.837
 36    62.248 53480.28467087  9.63 208.643435  65.259908 14.837
 37    68.187 53515.28467620 49.42 208.658806  65.259133 14.666
 37    68.269 53515.28467684 44.89 208.655776  65.262233 14.666
 39    64.469 53585.28465497 41.45 208.667082  65.257794  9.876
 39    64.271 53585.28465561 42.80 208.664052  65.260894  9.876
 41    95.173 53655.28464119  4.33 208.652662  65.256347  9.393
 41    96.037 53655.28464183  4.18 208.649632  65.259447  9.393
 42    61.339 53690.28463341 20.73 208.660923  65.257072 10.239
 42    61.851 53690.28463406 22.91 208.657893  65.260172 10.239
 44    61.807 53760.28450351 10.80 208.655821  65.257286  6.085
 44    61.585 53760.28450416 10.31 208.652791  65.260386  6.085
 45    62.228 53795.28452015  8.27 208.671389  65.257303  4.723
 45    63.140 53795.28452080  6.61 208.668359  65.260403  4.723
 46    61.358 53830.28450015 17.48 208.649050  65.256848 10.407
 46    61.140 53830.28450079 15.56 208.646010  65.259948 10.407
 48   148.682 53900.28460381  1.30 208.656951  65.257683 10.963
 48   144.853 53900.28460445  1.82 208.653921  65.260783 10.963
 52    62.469 54040.28462139 45.30 208.657311  65.256774 10.685
 52    62.217 54040.28462203 46.78 208.654281  65.259874 10.685
 53    62.406 54075.28461601 21.05 208.663447  65.259051  7.652
 53    62.568 54075.28461666 21.04 208.660417  65.262151  7.652
 54    61.639 54110.28455928 15.49 208.674539  65.259177  7.141
 54    61.681 54110.28455993 14.96 208.671509  65.262277  7.141
 55    61.457 54145.28455536 15.53 208.652480  65.257301  7.074
 55    61.349 54145.28455601 14.79 208.649450  65.260401  7.074
 57    63.371 54215.28456289 32.26 208.654922  65.255037 12.752
 57    64.228 54215.28456353 25.98 208.651898  65.258139 11.405
 57    63.939 54215.28456418 29.84 208.648858  65.261239 11.405
 58    66.872 54250.28459031 44.42 208.657279  65.256325 10.012
 58    66.831 54250.28459095 45.00 208.654247  65.259430 13.370
 60    65.348 54320.28459430 53.42 208.662704  65.257669  9.233
 60    65.481 54320.28459494 50.16 208.659680  65.260773 12.329
 62    65.006 54390.28453452 30.17 208.661092  65.256212 10.067
 62    65.046 54390.28453516 37.67 208.658062  65.259312 10.067
 63    62.440 54425.28450621 17.68 208.665676  65.257833  5.609
 63    62.303 54425.28450685 19.80 208.662646  65.260943  5.609
 64    62.157 54460.28451120 10.84 208.652545  65.257753  3.601
 64    61.861 54460.28451184  9.75 208.649515  65.260853  3.601
 65    62.401 54495.28451222  7.26 208.665550  65.259365  3.108
 65    62.010 54495.28451287  8.16 208.662520  65.262475  3.108
 66    64.019 54530.28452379  8.97 208.657520  65.256763  4.307
 66    64.171 54530.28452443  7.34 208.654490  65.259873  4.307
 68    66.811 54600.28451943 46.02 208.658496  65.256995 14.026
 68    67.152 54600.28452008 44.02 208.655466  65.260095 14.026
 69    72.251 54635.28453164 41.03 208.658826  65.257628 20.558
 69    70.511 54635.28453229 39.84 208.655796  65.260728 20.558
 70    65.980 54670.28453613 50.65 208.660736  65.258744 11.112
 70    65.787 54670.28453678 48.00 208.657706  65.261844 11.112
 71    98.069 54705.28449796  8.77 208.670253  65.257413  9.024
 71    99.974 54705.28449861  6.04 208.667223  65.260523  9.024
 72    65.698 54740.28449901 43.98 208.656041  65.256068 15.260
 72    65.580 54740.28449965 47.64 208.653011  65.259168 15.260
 74    63.395 54810.28449287  9.40 208.649619  65.257224  5.417
 74    63.657 54810.28449351  8.02 208.646589  65.260334  5.417
 77    66.653 54915.28448174  2.54 208.669251  65.257642  7.966
 77    65.230 54915.28448239  1.33 208.666221  65.260742  7.966
 79    69.204 54985.28451344 42.93 208.657688  65.255803 14.738
 79    68.327 54985.28451409 46.23 208.654658  65.258903 14.738
 82    63.735 55090.28446357 46.21 208.670254  65.257739 14.462
 82    63.680 55090.28446421 48.76 208.667224  65.260849 14.462
 83    62.239 55125.28444244 47.28 208.658810  65.256417 14.053
 83    62.284 55125.28444308 49.90 208.655780  65.259517 14.053
 84    93.241 55160.28442490  7.16 208.664789  65.258492  8.282
 84    93.902 55160.28442554  5.71 208.661759  65.261592  8.282
 85    62.470 55195.28443343 10.74 208.650221  65.257819  5.589
 85    62.681 55195.28443408 10.06 208.647187  65.260919  5.262
 86    62.098 55230.28442737 14.59 208.668685  65.257990  8.618
 86    62.040 55230.28442802 13.12 208.665655  65.261100  8.618
 87    61.423 55265.28442842  8.67 208.657318  65.258762  6.134
 87    92.384 55265.28442906  7.57 208.654291  65.261863  4.478
 89    63.135 55335.28440449 44.76 208.663436  65.256277 17.443
 89    63.309 55335.28440514 37.98 208.660406  65.259377 17.443
 90    65.084 55370.28439508 45.19 208.664251  65.256798  8.629
 90    65.172 55370.28439572 50.32 208.661221  65.259898  8.629
 91    66.149 55405.28441333 19.94 208.656657  65.256433 13.393
 91    68.782 55405.28441398 18.52 208.653627  65.259533 13.393
 92    65.271 55440.28441379 47.14 208.666603  65.257026 11.193
 92    65.359 55440.28441443 49.54 208.663573  65.260126 11.193
 93    61.838 55475.28435828 33.14 208.673100  65.258410  7.205
 93    63.013 55475.28435893 40.85 208.670070  65.261520  7.205
