# NaN NaN NaN ;Mean Elev.(m), Avg Gradient(m/km), RMS Gradient(m/km) - SRTM1     
#   57.220  -4.480   9.987 ;Mean Elev.(m), Avg Gradient(m/km), RMS Gradient(m/km) - ASTER GDEM
#   47.391  -4.290   6.272 ;Mean Elev.(m), Avg Gradient(m/km), RMS Gradient(m/km) - GMTED2010 
  6    45.688 52439.29646127 21.16 204.747990  64.830343 13.438
  6    44.426 52439.29646192 19.38 204.745040  64.833453 13.438
  6    46.358 52439.29646256 16.61 204.742100  64.836563 13.438
  7    46.113 52474.29645999 50.71 204.753169  64.831087 20.976
  7    45.899 52474.29646063 48.41 204.750229  64.834197 20.976
  7    46.274 52474.29646127 51.24 204.747279  64.837307 20.976
 10    43.793 52579.29646183 40.60 204.750686  64.831851 18.588
 10    43.933 52579.29646247 50.21 204.747746  64.834951 18.588
 10    44.287 52579.29646312 44.73 204.744806  64.838061 18.588
 11    44.145 52614.29642836 34.97 204.762368  64.832221 12.598
 11    44.162 52614.29642900 37.03 204.759428  64.835331 12.598
 11    44.065 52614.29642965 36.06 204.756488  64.838441 12.598
 11    44.120 52614.29643029 31.79 204.753538  64.841551 12.598
 12    44.174 52649.29640920 19.67 204.753584  64.833183  5.645
 12    43.697 52649.29640985 22.12 204.750644  64.836283  5.645
 12    43.474 52649.29641049 20.89 204.747694  64.839393  5.645
 13    44.122 52684.29638994  8.74 204.767463  64.833985  3.753
 13    43.959 52684.29639058  8.17 204.764513  64.837095  3.753
 13    43.649 52684.29639123  8.80 204.761573  64.840205  3.753
 13    43.501 52684.29639187  8.77 204.758633  64.843315  3.753
 14    46.750 52719.29644354  3.85 204.752957  64.831105  7.512
 14    45.951 52719.29644418  3.14 204.750007  64.834215  7.512
 14    45.541 52719.29644483  3.27 204.747067  64.837325  7.512
 17    45.620 52824.29648617 31.38 204.748445  64.831255 10.838
 17    45.638 52824.29648681 30.91 204.745495  64.834365 10.838
 17    45.952 52824.29648746 34.39 204.742555  64.837475 10.838
 18    46.532 52859.29653260 49.53 204.750533  64.832942 21.382
 18    46.578 52859.29653324 50.70 204.747583  64.836052 21.382
 19    46.622 52894.29656374 17.69 204.753912  64.833554 11.073
 19    46.762 52894.29656438 22.35 204.750972  64.836664 11.073
 19    46.682 52894.29656503 35.57 204.748022  64.839774 11.073
 20    44.584 52929.29651371 27.78 204.764747  64.835932 14.860
 20    44.080 52929.29651436 16.13 204.761807  64.839032 14.860
 20    44.325 52929.29651500 17.99 204.758867  64.842142 14.860
 21    42.810 52964.29649868 30.13 204.749606  64.830711  9.899
 21    42.898 52964.29649932 34.99 204.746656  64.833821  9.899
 21    42.889 52964.29649997 33.53 204.743716  64.836921  9.899
 22    44.150 52999.29653510 22.69 204.751703  64.832025  8.195
 22    44.188 52999.29653574 23.10 204.748753  64.835135  8.195
 22    44.024 52999.29653639 21.95 204.745813  64.838245  8.195
 23    44.173 53034.29648696  9.11 204.763108  64.835763  3.075
 23    44.048 53034.29648760  9.35 204.760168  64.838873  3.075
 23    43.629 53034.29648825  8.97 204.757218  64.841983  3.075
 24    44.452 53069.29650263 11.64 204.756274  64.830887  3.918
 24    44.464 53069.29650328 10.59 204.753324  64.833997  3.918
 24    44.088 53069.29650392 11.14 204.750384  64.837107  3.918
 25    42.767 53104.29648872  3.90 204.765711  64.836047  5.171
 25    62.457 53104.29648936  1.25 204.762771  64.839157  5.171
 26    46.892 53139.29650809 51.25 204.753008  64.831101 24.181
 26    46.932 53139.29650874 50.22 204.750068  64.834211 24.181
 26    47.063 53139.29650938 49.15 204.747118  64.837321 24.181
 27    47.194 53174.29654642  9.97 204.752766  64.831943  7.141
 27    47.219 53174.29654707  9.33 204.749826  64.835053  7.141
 27    47.091 53174.29654771  9.01 204.746876  64.838163  7.141
 28    45.543 53209.29656314 45.71 204.757432  64.831528 24.810
 28    45.719 53209.29656378 51.21 204.754492  64.834638 24.810
 28    45.700 53209.29656443 50.70 204.751542  64.837748 24.810
 29    46.242 53244.29653143 28.14 204.761615  64.835440 24.008
 29    45.487 53244.29653208 42.13 204.758665  64.838550 24.008
 29    46.123 53244.29653272 45.40 204.755725  64.841660 24.008
 30    43.710 53279.29651024 33.28 204.744695  64.828899 16.184
 30    44.047 53279.29651088 28.98 204.741755  64.832009 16.184
 30    43.400 53279.29651153 19.14 204.738805  64.835119 16.184
 31    43.589 53314.29653359 29.71 204.753401  64.831644 13.833
 31    43.457 53314.29653424 39.67 204.750461  64.834754 13.833
 31    43.932 53314.29653488 38.52 204.747521  64.837864 13.833
 32    44.699 53349.29649943 24.43 204.762394  64.833800 10.395
 32    44.852 53349.29650008 32.10 204.759444  64.836910 10.395
 32    44.438 53349.29650072 23.56 204.756504  64.840020 10.395
 33    44.372 53384.29647379 17.66 204.745881  64.830530  7.145
 33    44.398 53384.29647443 18.54 204.742941  64.833640  7.145
 33    44.235 53384.29647508 17.76 204.739991  64.836750  7.145
 34    43.764 53419.29648039 16.49 204.763297  64.834713  5.730
 34    43.908 53419.29648103 16.30 204.760357  64.837823  5.730
 34    43.785 53419.29648168 15.62 204.757417  64.840933  5.730
 35    43.540 53454.29648545 16.81 204.746736  64.827796  8.269
 35    43.640 53454.29648610 18.94 204.743796  64.830906  8.269
 35    43.551 53454.29648674 19.26 204.740846  64.834016  8.269
 36    44.410 53489.29657086 16.84 204.749507  64.828956  9.630
 36    43.971 53489.29657151 15.31 204.746557  64.832066  9.630
 36    43.595 53489.29657215 17.20 204.743617  64.835176  9.630
 37    47.635 53524.29655787 28.68 204.759480  64.832097 20.833
 37    47.501 53524.29655851 26.19 204.756540  64.835207 20.833
 37    47.419 53524.29655916 25.17 204.753600  64.838317 20.833
 38    46.615 53559.29658469 50.82 204.753230  64.831802 19.004
 38    46.599 53559.29658533 48.40 204.750280  64.834912 19.004
 38    46.581 53559.29658598 50.00 204.747340  64.838022 19.004
 39    46.052 53594.29652251 44.27 204.770557  64.835161 15.827
 39    45.989 53594.29652315 49.08 204.767617  64.838271 15.827
 39    45.960 53594.29652380 41.85 204.764667  64.841381 15.827
 41    44.465 53664.29653906 48.92 204.750644  64.832479 20.635
 41    44.548 53664.29653970 53.37 204.747704  64.835589 20.635
 41    44.845 53664.29654035 44.29 204.744764  64.838699 20.635
 42    44.865 53699.29649695 23.21 204.762798  64.834012  6.407
 42    44.967 53699.29649760 20.50 204.759858  64.837122  6.407
 42    44.533 53699.29649824 19.23 204.756908  64.840232  6.407
 43    45.041 53734.29641925 16.05 204.773582  64.835681  4.687
 43    45.170 53734.29641989 14.34 204.770642  64.838791  4.687
 43    45.057 53734.29642054 14.20 204.767702  64.841901  4.687
 44    44.841 53769.29640301 12.12 204.759098  64.831265  4.089
 44    44.760 53769.29640366 12.30 204.756148  64.834375  4.089
 44    44.683 53769.29640430 11.90 204.753208  64.837485  4.089
 44    44.544 53769.29640495 11.45 204.750258  64.840595  4.089
 45    44.837 53804.29639924 10.80 204.767461  64.835996  3.726
 45    44.673 53804.29639989 10.67 204.764521  64.839106  3.726
 45    44.299 53804.29640053  9.87 204.761571  64.842216  3.726
 46    45.455 53839.29641872  5.73 204.745580  64.829596  2.561
 46    45.165 53839.29641936  5.16 204.742640  64.832706  2.561
 46    45.018 53839.29642000  4.66 204.739690  64.835816  2.561
 47    50.274 53874.29646488 41.46 204.754511  64.832066 24.183
 47    50.951 53874.29646552 40.36 204.751571  64.835176 24.183
 48    47.015 53909.29650933 23.11 204.749664  64.829524 13.782
 48    47.473 53909.29650997 21.40 204.746714  64.832634 13.782
 48    48.348 53909.29651062 25.40 204.743774  64.835744 13.782
 49    48.070 53944.29653222 45.08 204.749625  64.831920 24.817
 49    46.162 53944.29653287 48.27 204.746675  64.835030 24.817
 49    46.044 53944.29653351 51.93 204.743735  64.838140 24.817
 50    47.311 53979.29648124 49.41 204.763849  64.833993 18.718
 50    47.122 53979.29648188 49.61 204.760909  64.837103 18.718
 50    47.391 53979.29648253 50.30 204.757959  64.840213 18.718
 51    46.470 54014.29649541 43.37 204.744562  64.830349 23.722
 51    46.455 54014.29649606 42.79 204.741622  64.833459 23.722
 51    46.649 54014.29649670 40.74 204.738672  64.836569 23.722
 52    44.831 54049.29650039 36.18 204.762494  64.832200 15.252
 52    45.460 54049.29650104 37.88 204.759554  64.835310 15.252
 52    44.763 54049.29650168 35.40 204.756604  64.838420 15.252
 52    44.656 54049.29650233 29.52 204.753664  64.841530 15.252
 54    44.381 54119.29642217 16.18 204.770693  64.837577  4.791
 54    44.530 54119.29642282 14.70 204.767753  64.840687  4.791
 54    44.355 54119.29642346 14.11 204.764813  64.843797  4.791
 55    44.768 54154.29644866 13.83 204.757248  64.831015  4.405
 55    44.533 54154.29644930 14.70 204.754308  64.834125  4.405
 55    44.464 54154.29644995 13.79 204.751358  64.837235  4.405
 56    44.641 54189.29641716 10.37 204.769063  64.834541  3.300
 56    44.452 54189.29641780 10.74 204.766113  64.837651  3.300
 56    44.330 54189.29641845 10.22 204.763173  64.840761  3.300
 56    43.858 54189.29641909 10.11 204.760233  64.843871  3.300
 57    45.070 54224.29645940 41.45 204.752695  64.831007 14.069
 57    45.149 54224.29646005 38.60 204.749745  64.834107 14.069
 57    45.251 54224.29646069 36.29 204.746805  64.837217 14.069
 58    47.230 54259.29648067 53.72 204.756726  64.832685 16.633
 58    47.910 54259.29648131 46.88 204.753776  64.835795 16.633
 58    47.258 54259.29648196 51.04 204.750836  64.838905 16.633
 59    46.551 54294.29648364 34.55 204.758189  64.831857 11.275
 59    46.650 54294.29648428 29.62 204.755239  64.834957 11.275
 59    46.798 54294.29648493 30.39 204.752299  64.838067 11.275
 60    46.884 54329.29647763 49.92 204.763862  64.833117 17.148
 60    46.931 54329.29647828 51.44 204.760922  64.836227 17.148
 60    47.351 54329.29647892 49.32 204.757982  64.839337 17.148
 61    46.725 54364.29642420 44.16 204.769558  64.835122 17.424
 61    45.627 54364.29642484 50.47 204.766618  64.838232 17.424
 61    45.508 54364.29642549 52.64 204.763678  64.841342 17.424
 62    44.006 54399.29641831 32.79 204.757520  64.832144 14.862
 62    44.164 54399.29641895 50.05 204.754580  64.835254 14.862
 62    44.633 54399.29641960 47.59 204.751630  64.838364 14.862
 63    44.165 54434.29637631 24.33 204.766251  64.835235  9.771
 63    44.362 54434.29637696 28.32 204.763311  64.838345  9.771
 63    44.038 54434.29637760 33.12 204.760361  64.841455  9.771
 64    44.228 54469.29640117 20.48 204.753790  64.830402  6.160
 64    44.206 54469.29640181 21.62 204.750850  64.833512  6.160
 64    44.131 54469.29640246 21.53 204.747910  64.836622  6.160
 65    43.801 54504.29639078 16.33 204.766615  64.833245  4.203
 65    43.838 54504.29639143 16.74 204.763675  64.836355  4.203
 65    43.869 54504.29639207 14.67 204.760735  64.839465  4.203
 65    43.805 54504.29639272 15.57 204.757785  64.842575  4.203
 66    43.358 54539.29641694 15.47 204.758408  64.833976  4.783
 66    43.227 54539.29641759 15.19 204.755468  64.837086  4.783
 66    43.373 54539.29641823 15.02 204.752528  64.840196  4.783
 67    44.023 54574.29639199  6.15 204.766668  64.836060  3.108
 67    43.658 54574.29639264  7.33 204.763728  64.839170  3.108
 67    43.305 54574.29639328  7.03 204.760778  64.842280  3.108
 68    46.830 54609.29640964 51.31 204.756708  64.833246 27.576
 68    46.634 54609.29641028 53.27 204.753768  64.836356 27.576
 68    46.693 54609.29641093 51.17 204.750828  64.839466 27.576
 69    47.502 54644.29641754 47.16 204.757667  64.833673 26.050
 69    46.385 54644.29641818 49.01 204.754727  64.836783 26.050
 69    46.627 54644.29641882 49.88 204.751787  64.839893 26.050
 70    46.082 54679.29641868 18.03 204.758707  64.831249 12.342
 70    45.635 54679.29641933 16.91 204.755767  64.834359 12.342
 70    46.546 54679.29641997 16.37 204.752817  64.837469 12.342
 70    46.630 54679.29642062 14.72 204.749877  64.840579 12.342
 71    46.919 54714.29637066 46.02 204.770830  64.834670 22.545
 71    46.940 54714.29637131 53.59 204.767890  64.837780 22.545
 71    46.797 54714.29637195 53.00 204.764950  64.840890 22.545
 71    47.501 54714.29637259 46.11 204.762000  64.844000 22.545
 72    44.062 54749.29638871 24.34 204.752822  64.831561 13.866
 72    44.571 54749.29638935 18.03 204.749882  64.834671 13.866
 72    44.274 54749.29639000 17.66 204.746942  64.837781 13.866
 73    44.534 54784.29635829 25.33 204.764210  64.832965  9.629
 73    44.782 54784.29635894 28.79 204.761270  64.836075  9.629
 73    44.776 54784.29635958 32.77 204.758320  64.839185  9.629
 73    45.109 54784.29636023 30.24 204.755380  64.842295  9.629
 74    44.276 54819.29638122 19.43 204.753434  64.831708  6.732
 74    44.399 54819.29638186 20.02 204.750494  64.834818  6.732
 74    44.346 54819.29638251 21.01 204.747554  64.837928  6.732
 75    44.360 54854.29635556  7.70 204.762556  64.834749  2.794
 75    44.303 54854.29635620  6.92 204.759606  64.837859  2.794
 75    43.830 54854.29635685  7.55 204.756666  64.840969  2.794
 76    43.761 54889.29638620  9.17 204.755181  64.833928  3.080
 76    44.426 54889.29638685  8.31 204.752241  64.837038  3.080
 76    44.356 54889.29638749  7.47 204.749301  64.840148  3.080
 77    44.826 54924.29635522  5.92 204.767644  64.836142  2.593
 77    44.318 54924.29635586  5.73 204.764704  64.839252  2.593
 77    43.865 54924.29635651  5.42 204.761764  64.842362  2.593
 78    49.606 54959.29638379 51.81 204.751168  64.832302 27.174
 78    48.834 54959.29638444 53.28 204.748228  64.835412 27.174
 78    49.852 54959.29638508 46.35 204.745278  64.838522 27.174
 79    47.601 54994.29640551 45.21 204.756394  64.831625 17.210
 79    47.661 54994.29640615 40.30 204.753444  64.834735 17.210
 79    47.586 54994.29640679 42.52 204.750504  64.837845 17.210
 80    46.115 55029.29639555 50.34 204.760001  64.832593 23.405
 80    46.026 55029.29639619 52.77 204.757051  64.835703 23.405
 80    46.144 55029.29639684 51.10 204.754111  64.838813 23.405
 82    46.151 55099.29633197 20.41 204.769266  64.836335 19.426
 82    46.618 55099.29633261 23.31 204.766326  64.839445 19.426
 82    46.975 55099.29633326 38.33 204.763386  64.842555 19.426
 83    44.082 55134.29633119 35.57 204.754504  64.831134 16.758
 83    44.066 55134.29633183 41.83 204.751564  64.834244 16.758
 83    44.366 55134.29633248 45.48 204.748624  64.837354 16.758
 84    45.023 55169.29629617 22.67 204.763791  64.836154  7.369
 84    45.111 55169.29629681 20.78 204.760841  64.839264  7.369
 84    44.864 55169.29629746 21.69 204.757901  64.842374  7.369
 85    45.259 55204.29632429 19.83 204.753677  64.831543  7.208
 85    45.105 55204.29632493 21.53 204.750737  64.834653  7.208
 85    45.078 55204.29632558 19.82 204.747797  64.837763  7.208
 86    44.979 55239.29630291 12.62 204.764295  64.835568  4.031
 86    44.821 55239.29630355 11.17 204.761355  64.838678  4.031
 86    44.519 55239.29630420 12.09 204.758405  64.841788  4.031
 87    44.869 55274.29631851 12.64 204.758450  64.834256  3.706
 87    44.776 55274.29631915 12.06 204.755500  64.837366  3.706
 87    44.667 55274.29631980 10.92 204.752560  64.840476  3.706
 88    44.451 55309.29628614 28.47 204.768865  64.834490 18.950
 88    44.401 55309.29628679 30.19 204.765925  64.837600 18.950
 88    44.289 55309.29628743 27.50 204.762985  64.840710 18.950
 88    44.301 55309.29628808 27.37 204.760035  64.843820 18.950
 89    45.630 55344.29628621 43.37 204.760243  64.831541 25.983
 89    45.449 55344.29628685 45.05 204.757293  64.834651 25.983
 89    45.407 55344.29628750 46.95 204.754353  64.837761 25.983
 89    45.637 55344.29628814 44.13 204.751413  64.840871 25.983
 90    48.022 55379.29628122 14.47 204.762384  64.834180 17.096
 90    45.852 55379.29628187 13.35 204.759434  64.837290 17.096
 90    45.489 55379.29628251 11.92 204.756494  64.840400 17.096
 91    46.590 55414.29630625 12.74 204.753753  64.830883 11.673
 91    46.855 55414.29630689 12.27 204.750813  64.833993 11.673
 91    47.013 55414.29630754 11.11 204.747873  64.837103 11.673
 92    45.787 55449.29629419 40.47 204.762636  64.834719 23.792
 92    46.127 55449.29629483 35.49 204.759696  64.837829 23.792
 92    46.100 55449.29629548 44.84 204.756746  64.840939 23.792
 93    43.936 55484.29622065 52.55 204.770715  64.838481 24.365
 93    43.893 55484.29622130 49.72 204.767775  64.841591 24.365
 93    43.881 55484.29622194 46.73 204.764835  64.844701 24.365
