# NaN NaN NaN ;Mean Elev.(m), Avg Gradient(m/km), RMS Gradient(m/km) - SRTM1     
#   10.105   0.205   1.657 ;Mean Elev.(m), Avg Gradient(m/km), RMS Gradient(m/km) - ASTER GDEM
#    0.214   0.345   1.504 ;Mean Elev.(m), Avg Gradient(m/km), RMS Gradient(m/km) - GMTED2010 
 10     1.473 52567.91893907 23.23 195.983401  62.601630 17.445
 10     1.733 52567.91893972 18.20 195.980851  62.598490 17.445
 10     2.116 52567.91894036 18.35 195.978301  62.595350 17.445
 10     3.031 52567.91894101 18.23 195.975761  62.592210 17.445
 10     3.583 52567.91894165 19.35 195.973211  62.589070 17.445
 11     1.150 52602.91893516 34.48 195.972608  62.611761 15.181
 11     1.103 52602.91893581 31.51 195.970058  62.608621 15.181
 11     1.012 52602.91893645 30.19 195.967518  62.605471 15.181
 11     0.946 52602.91893710 28.40 195.964968  62.602331 15.181
 11     0.781 52602.91893774 24.86 195.962418  62.599191 15.181
 11     0.560 52602.91893839 22.94 195.959868  62.596051 15.181
 12     1.165 52637.91890939 22.86 195.981246  62.600501  4.062
 12     1.042 52637.91891003 22.58 195.978696  62.597361  4.062
 12     1.326 52637.91891068 21.86 195.976146  62.594211  4.062
 12     1.005 52637.91891132 21.88 195.973596  62.591071  4.062
 12     2.791 52637.91891197 21.09 195.971056  62.587931  4.062
 13     1.129 52672.91890886 20.77 195.975273  62.608148  4.118
 13     0.982 52672.91890951 20.62 195.972723  62.605008  4.118
 13     1.048 52672.91891015 19.73 195.970173  62.601868  4.118
 13     0.967 52672.91891080 20.02 195.967623  62.598728  4.118
 13     0.879 52672.91891144 19.72 195.965073  62.595578  4.118
 14     1.019 52707.91891637 26.37 195.981587  62.600594  8.604
 14     1.004 52707.91891702 26.69 195.979037  62.597454  8.604
 14     1.021 52707.91891766 25.33 195.976487  62.594304  8.604
 14     0.982 52707.91891831 23.69 195.973947  62.591164  8.604
 14     0.984 52707.91891895 21.28 195.971397  62.588024  8.604
 15     1.730 52742.91894586 51.48 195.972197  62.609164 24.006
 15     1.605 52742.91894651 49.86 195.969657  62.606024 24.006
 15     1.669 52742.91894715 49.79 195.967107  62.602884 24.006
 15     1.691 52742.91894780 46.96 195.964557  62.599734 24.006
 15     1.620 52742.91894844 48.63 195.962007  62.596594 24.006
 17     3.035 52812.91896733 27.43 195.982312  62.600490 30.934
 17     2.968 52812.91896797 23.76 195.979762  62.597350 30.934
 17     2.730 52812.91896862 22.22 195.977212  62.594200 30.934
 17     2.787 52812.91896926 22.54 195.974662  62.591060 30.934
 17     2.921 52812.91896991 20.88 195.972112  62.587920 30.934
 18     2.212 52847.91902100 25.24 195.984289  62.602007 15.427
 18     1.636 52847.91902165 25.50 195.981739  62.598867 15.427
 18     1.706 52847.91902229 25.72 195.979189  62.595727 15.427
 18     1.858 52847.91902294 22.95 195.976639  62.592587 15.427
 18     1.635 52847.91902358 21.35 195.974099  62.589437 15.427
 18     1.645 52847.91902422 19.26 195.971549  62.586297 15.427
 19     2.482 52882.91905653 23.12 195.976318  62.607272 18.451
 19     2.328 52882.91905718 19.76 195.973778  62.604132 18.451
 19     1.898 52882.91905782 20.72 195.971228  62.600992 18.451
 19     2.009 52882.91905847 22.31 195.968678  62.597842 18.451
 19     3.604 52882.91905911 20.22 195.966128  62.594702 18.451
 20    -0.437 52917.91901344 30.55 195.973366  62.607147 16.593
 20    -0.373 52917.91901408 31.74 195.970816  62.604007 16.593
 20    -0.196 52917.91901472 32.40 195.968266  62.600867 16.593
 20    -0.031 52917.91901537 31.81 195.965726  62.597717 16.593
 20     1.563 52917.91901601 28.63 195.963176  62.594577 16.593
 21     1.810 52952.91897645 29.41 195.990678  62.599350 27.778
 21     1.848 52952.91897710 28.53 195.988128  62.596210 27.778
 21     1.884 52952.91897774 25.04 195.985579  62.593065 26.557
 21     1.853 52952.91897839 24.81 195.983029  62.589925 26.557
 21     1.841 52952.91897903 25.19 195.980479  62.586785 26.557
 21     2.101 52952.91897968 25.26 195.977939  62.583645 26.557
 22     1.222 52987.91898840 24.20 195.982998  62.598981  4.222
 22     1.234 52987.91898905 22.72 195.980448  62.595841  4.222
 22     1.103 52987.91898969 22.99 195.977908  62.592701  2.707
 22     1.169 52987.91899034 21.77 195.975358  62.589561  2.707
 22     1.106 52987.91899098 20.57 195.972808  62.586421  2.707
 23     0.924 53022.91897548 16.49 195.976943  62.604463  3.039
 23     1.066 53022.91897613 16.82 195.974393  62.601323  3.039
 23     0.886 53022.91897677 16.20 195.971843  62.598183  3.039
 23     1.063 53022.91897741 16.12 195.969293  62.595043  3.039
 23     0.793 53022.91897806 16.20 195.966754  62.591899  2.095
 24     1.666 53057.91896972 15.75 195.985062  62.599328  2.945
 24     1.831 53057.91897037 15.27 195.982512  62.596188  2.945
 24     1.786 53057.91897101 15.65 195.979962  62.593048  2.945
 24     1.609 53057.91897166 14.19 195.977412  62.589908  2.945
 24     1.343 53057.91897230 14.27 195.974872  62.586758  2.945
 25     2.235 53092.91900490 12.66 195.969901  62.616702  2.581
 25     2.132 53092.91900555 13.34 195.967361  62.613562  2.581
 25     1.981 53092.91900619 13.20 195.964811  62.610422  2.581
 25     1.925 53092.91900684 13.61 195.962261  62.607282  2.581
 25     1.700 53092.91900748 13.69 195.959711  62.604142  2.581
 25     1.719 53092.91900813 13.15 195.957161  62.601002  2.581
 26     1.394 53127.91897849 40.37 195.985782  62.599802 34.750
 26     1.409 53127.91897914 39.22 195.983232  62.596662 34.750
 26     1.338 53127.91897978 36.77 195.980682  62.593522 34.750
 26     1.337 53127.91898043 35.22 195.978142  62.590382 34.750
 26     1.285 53127.91898107 37.69 195.975592  62.587242 34.750
 26     1.300 53127.91898171 42.27 195.973042  62.584102 34.750
 28     2.125 53197.91904350 27.62 195.977268  62.601799 20.966
 28     2.030 53197.91904415 27.70 195.974718  62.598659 20.966
 28     1.683 53197.91904479 28.91 195.972168  62.595509 20.966
 28     1.962 53197.91904544 26.28 195.969618  62.592369 20.966
 28     2.376 53197.91904608 25.34 195.967078  62.589229 20.966
 29     0.783 53232.91901876 33.89 195.980482  62.603542 15.479
 29     0.897 53232.91901940 33.04 195.977932  62.600402 15.479
 29     1.113 53232.91902005 31.06 195.975382  62.597262 15.479
 29     1.255 53232.91902069 28.53 195.972832  62.594122 15.479
 29     1.167 53232.91902134 26.31 195.970292  62.590972 15.479
 30     1.473 53267.91898479 29.76 195.970827  62.617022 23.241
 30     1.489 53267.91898544 26.67 195.968277  62.613872 23.241
 30     1.694 53267.91898608 28.32 195.965727  62.610732 23.241
 30    -2.025 53267.91898673 31.36 195.963177  62.607592 23.241
 30    -1.840 53267.91898737 30.50 195.960637  62.604452 23.241
 30    -1.619 53267.91898802 31.75 195.958087  62.601312 23.241
 31     0.281 53302.91904329 32.54 195.976976  62.604935 13.976
 31     0.367 53302.91904394 34.64 195.974426  62.601785 13.976
 31     0.608 53302.91904458 34.47 195.971876  62.598645 13.976
 31     0.535 53302.91904523 32.56 195.969331  62.595509 24.500
 31     0.640 53302.91904587 28.05 195.966781  62.592369 24.500
 32     1.117 53337.91901252 22.73 195.975815  62.607732  7.606
 32     1.026 53337.91901317 23.41 195.973265  62.604582  7.606
 32     0.946 53337.91901381 24.78 195.970715  62.601442  7.606
 32     1.019 53337.91901446 24.01 195.968175  62.598302  7.606
 32     0.986 53337.91901510 23.68 195.965620  62.595162  4.565
 35     1.433 53442.91896956 19.30 195.971028  62.613239 13.606
 35     1.425 53442.91897021 12.92 195.968478  62.610089 13.606
 35     1.702 53442.91897085 10.57 195.965928  62.606949 13.606
 35     1.921 53442.91897150  9.26 195.963378  62.603809 13.606
 35     2.137 53442.91897214  8.13 195.960838  62.600669 13.606
 35     2.110 53442.91897279  8.04 195.958288  62.597529 13.606
 36     1.272 53477.91904419  8.98 195.976960  62.603740  2.098
 36     1.374 53477.91904484  9.21 195.974420  62.600600  2.098
 36     1.374 53477.91904548  9.46 195.971870  62.597460  2.098
 36     1.792 53477.91904613  8.66 195.969313  62.594322  1.847
 36     1.940 53477.91904677  9.00 195.966773  62.591182  1.847
 37     3.699 53512.91905437 19.99 195.978165  62.605270 21.260
 37     3.614 53512.91905501 19.54 195.975615  62.602120 21.260
 37     4.314 53512.91905566 18.67 195.973065  62.598980 21.260
 37     4.829 53512.91905630 18.83 195.970525  62.595840 21.260
 37     5.210 53512.91905695 19.37 195.967975  62.592700 21.260
 38     3.225 53547.91907197 24.21 195.971805  62.608697 30.832
 38     2.988 53547.91907262 21.72 195.969255  62.605547 30.832
 38     2.947 53547.91907326 21.47 195.966705  62.602407 30.832
 38     3.260 53547.91907391 24.61 195.964165  62.599267 30.832
 38     4.321 53547.91907455 22.87 195.961615  62.596127 30.832
 39     2.426 53582.91903991 23.68 195.975564  62.607756 21.474
 39     2.508 53582.91904056 25.74 195.973024  62.604616 21.474
 39     0.308 53582.91904120 26.65 195.970474  62.601466 21.474
 39     0.333 53582.91904184 26.38 195.967924  62.598326 21.474
 39     2.426 53582.91904249 22.68 195.965374  62.595186 21.474
 40     2.956 53617.91899453 24.39 195.969535  62.615524 14.518
 40    -2.425 53617.91899518 28.17 195.966985  62.612384 14.518
 40    -1.988 53617.91899582 28.22 195.964435  62.609234 14.518
 40    -1.655 53617.91899647 29.96 195.961885  62.606094 14.518
 40    -1.517 53617.91899711 29.07 195.959345  62.602954 14.518
 40    -1.423 53617.91899776 28.45 195.956795  62.599814 14.518
 41     1.060 53652.91901692 30.38 195.980362  62.602023 25.415
 41     1.308 53652.91901757 26.14 195.977812  62.598883 25.415
 41     1.635 53652.91901821 24.05 195.975262  62.595743 25.415
 41     1.763 53652.91901886 21.40 195.972713  62.592605 30.183
 41     1.454 53652.91901950 20.29 195.970163  62.589465 30.183
 42     1.088 53687.91901737 21.43 195.973276  62.605678  7.412
 42     1.127 53687.91901801 21.27 195.970726  62.602528  7.412
 42     1.053 53687.91901866 21.62 195.968176  62.599388  7.412
 42     1.254 53687.91901930 20.73 195.965636  62.596248  7.412
 42     2.729 53687.91901995 19.50 195.963082  62.593108  3.396
 43     1.446 53722.91894139 16.21 195.972860  62.611797  5.794
 43     1.482 53722.91894203 17.22 195.970310  62.608657  5.794
 43     1.501 53722.91894268 16.06 195.967760  62.605517  5.794
 43     1.283 53722.91894332 13.67 195.965210  62.602367  5.794
 43     1.676 53722.91894397 13.60 195.962670  62.599227  5.794
 43     2.138 53722.91894461 12.32 195.960120  62.596087  5.794
 44     2.023 53757.91887861 10.40 195.991291  62.600619  2.027
 44     2.022 53757.91887926 10.55 195.988741  62.597469  2.027
 44     2.107 53757.91887990 10.46 195.986191  62.594329  2.027
 44     2.256 53757.91888055 10.42 195.983641  62.591189  2.027
 44     2.425 53757.91888119 10.21 195.981095  62.588051  1.963
 44     2.376 53757.91888184 10.33 195.978545  62.584911  1.963
 45     1.731 53792.91890151 11.46 195.976339  62.603317  2.639
 45     1.520 53792.91890216 12.27 195.973799  62.600177  2.639
 45     1.539 53792.91890280 10.58 195.971249  62.597037  2.639
 45     1.625 53792.91890345 10.41 195.968700  62.593895  1.946
 45     1.261 53792.91890409 10.28 195.966160  62.590755  1.946
 46     2.475 53827.91887044  8.64 195.989385  62.597980  3.006
 46     2.407 53827.91887108  9.08 195.986835  62.594840  3.006
 46     2.429 53827.91887173  8.54 195.984288  62.591704  2.176
 46     2.224 53827.91887237  8.42 195.981738  62.588564  2.176
 46     2.463 53827.91887302  8.80 195.979188  62.585424  2.176
 46     2.938 53827.91887366  8.18 195.976648  62.582284  2.176
 47     1.129 53862.91895502 47.54 195.978021  62.601604 25.487
 47     1.164 53862.91895566 43.13 195.975471  62.598454 25.487
 47     0.987 53862.91895631 38.17 195.972921  62.595314 25.487
 47     1.041 53862.91895695 33.03 195.970371  62.592174 25.487
 47     0.781 53862.91895760 31.19 195.967830  62.589034 26.063
 48     3.039 53897.91897766 23.48 195.978899  62.601983 29.326
 48     3.109 53897.91897830 20.82 195.976349  62.598843 29.326
 48     3.040 53897.91897895 20.78 195.973799  62.595703 29.326
 48     4.496 53897.91897959 22.41 195.971254  62.592563 40.477
 48     5.232 53897.91898024 25.39 195.968704  62.589423 40.477
 49     3.009 53932.91902315 23.80 195.972204  62.611808 26.698
 49     2.725 53932.91902380 19.33 195.969654  62.608668 26.698
 49     2.760 53932.91902444 16.80 195.967104  62.605528 26.698
 49     3.114 53932.91902509 16.72 195.964554  62.602378 26.698
 49     2.967 53932.91902573 23.70 195.962014  62.599238 26.698
 50     2.088 53967.91899642 24.77 195.972732  62.611923 20.849
 50    -0.815 53967.91899706 27.50 195.970182  62.608783 20.849
 50    -0.552 53967.91899771 28.81 195.967642  62.605643 20.849
 50    -0.404 53967.91899835 28.02 195.965092  62.602493 20.849
 50     2.148 53967.91899900 26.65 195.962542  62.599353 20.849
 50     2.359 53967.91899964 24.63 195.959992  62.596213 20.849
 51     2.044 54002.91896559 28.81 195.991417  62.599805 29.706
 51     2.195 54002.91896623 27.77 195.988867  62.596665 29.706
 51     2.223 54002.91896688 26.75 195.986317  62.593515 29.706
 51     2.218 54002.91896752 25.19 195.983767  62.590375 29.706
 51     1.940 54002.91896816 25.85 195.981227  62.587237 27.894
 51     2.260 54002.91896881 22.56 195.978677  62.584097 27.894
 53     1.283 54072.91899634 24.05 195.976553  62.604084  4.954
 53     1.246 54072.91899698 23.73 195.974013  62.600934  4.954
 53     1.162 54072.91899762 24.02 195.971463  62.597794  4.954
 53     1.181 54072.91899827 22.36 195.968913  62.594654  4.954
 53     1.136 54072.91899891 21.79 195.966366  62.591513  2.727
 54     1.317 54107.91894302 15.61 195.969011  62.613901  2.843
 54     1.464 54107.91894367 15.63 195.966461  62.610751  2.843
 54     1.339 54107.91894431 15.68 195.963911  62.607611  2.843
 54     1.637 54107.91894495 15.61 195.961361  62.604471  2.843
 54     1.848 54107.91894560 15.89 195.958821  62.601331  2.843
 55     1.575 54142.91893206 20.24 195.981117  62.601534  5.413
 55     1.577 54142.91893270 18.42 195.978567  62.598384  5.413
 55     1.636 54142.91893335 17.77 195.976017  62.595244  5.413
 55     1.612 54142.91893399 16.44 195.973467  62.592104  5.413
 55     1.292 54142.91893463 14.91 195.970926  62.588965  2.741
 56     1.397 54177.91892672 18.74 195.972114  62.610098  5.363
 56     1.065 54177.91892737 18.41 195.969574  62.606958  5.363
 56     0.555 54177.91892801 18.66 195.967024  62.603808  5.363
 56     0.319 54177.91892866 18.34 195.964474  62.600668  5.363
 56     0.380 54177.91892930 17.61 195.961934  62.597528  5.363
 57     1.281 54212.91893927 33.30 195.979669  62.602822 15.300
 57     1.385 54212.91893992 32.62 195.977119  62.599682 15.300
 57     1.429 54212.91894056 30.50 195.974569  62.596542 15.300
 57     1.389 54212.91894121 28.40 195.972017  62.593403 16.116
 57     1.302 54212.91894185 25.87 195.969477  62.590263 16.116
 58     1.989 54247.91896784 53.35 195.978074  62.602970 35.871
 58     2.020 54247.91896849 52.47 195.975524  62.599820 35.871
 58     2.057 54247.91896913 50.96 195.972974  62.596680 35.871
 58     2.077 54247.91896978 50.93 195.970434  62.593540 35.871
 58     2.082 54247.91897042 51.77 195.967887  62.590398 32.102
 60     1.917 54317.91897472 26.92 195.976847  62.604889 19.705
 60     1.572 54317.91897536 24.78 195.974297  62.601739 19.705
 60     0.947 54317.91897601 25.34 195.971757  62.598599 19.705
 60     0.977 54317.91897665 24.43 195.969207  62.595459 19.705
 60     0.896 54317.91897730 23.90 195.966659  62.592317 32.589
 61     0.502 54352.91893938 24.22 195.972243  62.608421 19.746
 61    -0.134 54352.91894003 25.03 195.969693  62.605271 19.746
 61    -0.162 54352.91894067 24.38 195.967143  62.602131 19.746
 61     1.931 54352.91894132 22.21 195.964593  62.598991 19.746
 61     2.495 54352.91894196 24.90 195.962053  62.595851 19.746
 62     1.608 54387.91891498 27.03 195.978366  62.602130 22.625
 62     1.360 54387.91891562 26.70 195.975816  62.598990 22.625
 62     1.248 54387.91891627 25.55 195.973276  62.595840 22.625
 62     3.342 54387.91891691 22.81 195.970726  62.592700 22.625
 62     3.728 54387.91891756 22.56 195.968175  62.589560 25.037
 63     0.825 54422.91888966 18.65 195.972446  62.606415 10.654
 63     0.841 54422.91889031 17.60 195.969896  62.603275 10.654
 63     0.980 54422.91889095 17.46 195.967346  62.600125 10.654
 63     2.093 54422.91889159 16.91 195.964796  62.596985 10.654
 63     3.685 54422.91889224 16.26 195.962256  62.593845 10.654
 64     1.548 54457.91888907 18.97 195.985474  62.601494  3.596
 64     1.679 54457.91888972 18.71 195.982924  62.598344  3.596
 64     1.779 54457.91889036 19.13 195.980374  62.595204  3.596
 64     1.991 54457.91889100 18.94 195.977824  62.592064  3.596
 64     2.593 54457.91889165 18.23 195.975275  62.588926  2.951
 64     3.607 54457.91889229 17.86 195.972725  62.585786  2.951
 65     1.888 54492.91889274 10.57 195.974473  62.606516  2.706
 65     1.778 54492.91889339 10.97 195.971923  62.603376  2.706
 65     1.606 54492.91889403 10.26 195.969373  62.600236  2.706
 65     1.475 54492.91889468 10.07 195.966823  62.597096  2.706
 65     1.295 54492.91889532 10.39 195.964278  62.593954  2.077
 66     1.746 54527.91890179  7.09 195.982715  62.602273  2.211
 66     1.655 54527.91890243  6.72 195.980165  62.599133  2.211
 66     1.803 54527.91890308  6.69 195.977615  62.595993  2.211
 66     1.984 54527.91890372  6.34 195.975066  62.592855  1.683
 66     2.402 54527.91890437  6.51 195.972516  62.589715  1.683
 67     1.906 54562.91890003  8.51 195.971283  62.608593  2.398
 67     2.198 54562.91890067  8.54 195.968733  62.605443  2.398
 67     2.236 54562.91890132  8.83 195.966183  62.602303  2.398
 67     2.860 54562.91890196  8.51 195.963633  62.599163  2.398
 67     3.443 54562.91890261  7.67 195.961093  62.596023  2.398
 68     1.763 54597.91889727 39.94 195.976880  62.603205 23.309
 68     1.872 54597.91889791 39.82 195.974330  62.600065 23.309
 68     1.712 54597.91889856 41.66 195.971780  62.596925 23.309
 68     1.916 54597.91889920 43.80 195.969240  62.593785 23.309
 68     1.757 54597.91889984 37.72 195.966687  62.590643 36.534
 69     2.813 54632.91891015 23.10 195.977314  62.605477 32.698
 69     2.735 54632.91891079 21.33 195.974764  62.602327 32.698
 69     2.700 54632.91891144 20.57 195.972214  62.599187 32.698
 69     4.064 54632.91891208 20.15 195.969674  62.596047 32.698
 69     4.616 54632.91891273 22.67 195.967117  62.592908 36.508
 70     2.338 54667.91891560 22.77 195.975498  62.605467 27.587
 70     1.997 54667.91891625 23.68 195.972948  62.602317 27.587
 70     1.578 54667.91891689 24.88 195.970408  62.599177 27.587
 70     0.988 54667.91891754 25.79 195.967858  62.596037 27.587
 70     4.484 54667.91891818 24.04 195.965305  62.592895 33.307
 71     2.093 54702.91888115 21.36 195.972455  62.607270 16.902
 71     2.078 54702.91888180 19.66 195.969905  62.604120 16.902
 71     1.802 54702.91888244 21.50 195.967355  62.600980 16.902
 71     2.290 54702.91888309 21.03 195.964815  62.597840 16.902
 71     4.367 54702.91888373 20.57 195.962265  62.594700 16.902
 72     1.412 54737.91887745 31.63 195.981923  62.601030 21.877
 72     1.552 54737.91887809 28.54 195.979373  62.597880 21.877
 72     1.479 54737.91887874 27.11 195.976823  62.594740 21.877
 72     1.398 54737.91887938 26.31 195.974273  62.591600 21.877
 72     1.363 54737.91888003 23.95 195.971732  62.588462 22.873
 73     1.481 54772.91886223 25.75 195.975834  62.607665  7.381
 73     1.466 54772.91886288 24.56 195.973284  62.604515  7.381
 73     1.417 54772.91886352 26.13 195.970744  62.601375  7.381
 73     1.487 54772.91886417 25.51 195.968194  62.598235  7.381
 73     1.447 54772.91886481 24.77 195.965646  62.595094  5.347
 74     1.168 54807.91887080 16.58 195.983283  62.602225  3.084
 74     1.013 54807.91887144 17.07 195.980733  62.599085  3.084
 74     1.719 54807.91887209 16.64 195.978183  62.595945  3.084
 74     2.468 54807.91887273 16.97 195.975644  62.592807  2.492
 74     2.998 54807.91887337 16.75 195.973094  62.589667  2.492
 74     3.725 54807.91887402 16.24 195.970544  62.586527  2.492
 75     1.140 54842.91885965 11.15 195.974933  62.605125  2.359
 75     1.083 54842.91886030 11.26 195.972393  62.601975  2.359
 75     1.191 54842.91886094 11.48 195.969843  62.598835  2.359
 75     1.707 54842.91886159 11.66 195.967293  62.595695  2.359
 75     2.663 54842.91886223 10.72 195.964746  62.592553  1.980
 76     1.717 54877.91887312  9.87 195.978784  62.603892  1.952
 76     1.736 54877.91887376  9.80 195.976234  62.600752  1.952
 76     1.560 54877.91887441  9.98 195.973684  62.597602  1.952
 76     2.550 54877.91887505  9.79 195.971136  62.594465  2.004
 76     3.154 54877.91887570  9.70 195.968586  62.591325  2.004
 77     3.108 54912.91886324 10.13 195.972006  62.611325  2.165
 77     2.190 54912.91886389 11.01 195.969466  62.608185  2.165
 77     1.462 54912.91886453 11.37 195.966916  62.605045  2.165
 77     2.353 54912.91886517 11.59 195.964366  62.601905  2.165
 77     2.984 54912.91886582 10.27 195.961816  62.598765  2.165
 78     1.519 54947.91886557 21.97 195.978145  62.602595 24.250
 78     1.519 54947.91886621 21.54 195.975596  62.599455 24.609
 78     1.548 54947.91886686 17.14 195.973046  62.596315 24.609
 78     3.492 54947.91886750 13.21 195.970496  62.593175 24.609
 78     4.178 54947.91886815 12.27 195.967956  62.590035 24.609
 79     3.783 54982.91889091 52.54 195.975997  62.604222 42.144
 79     3.793 54982.91889156 53.45 195.973447  62.601072 42.144
 79     3.801 54982.91889220 49.76 195.970907  62.597932 42.144
 79     3.807 54982.91889285 48.22 195.968357  62.594792 42.144
 79     3.827 54982.91889349 50.24 195.965802  62.591651 41.504
 80     3.228 55017.91888917 32.75 195.977982  62.605333 30.193
 80     3.250 55017.91888982 33.34 195.975432  62.602183 30.193
 80     3.224 55017.91889046 32.60 195.972882  62.599043 30.193
 80     3.165 55017.91889111 31.49 195.970342  62.595903 30.193
 80     3.166 55017.91889175 31.08 195.967788  62.592762 24.688
 81     0.904 55052.91888491 28.80 195.975193  62.603576 19.249
 81     1.012 55052.91888556 27.87 195.972653  62.600436 19.249
 81     1.066 55052.91888620 27.55 195.970103  62.597296 19.249
 81     0.995 55052.91888685 26.27 195.967553  62.594156 19.249
 81     4.772 55052.91888749 28.99 195.965007  62.591012 34.547
 82    -0.955 55087.91884618 28.97 195.972029  62.611513 19.508
 82    -0.480 55087.91884682 30.87 195.969479  62.608373 19.508
 82    -0.316 55087.91884747 29.27 195.966929  62.605233 19.508
 82    -0.151 55087.91884811 29.51 195.964379  62.602093 19.508
 82    -0.131 55087.91884876 28.86 195.961839  62.598953 19.508
 83     1.510 55122.91882137 29.63 195.980037  62.600101 23.003
 83     1.639 55122.91882202 26.31 195.977487  62.596951 23.003
 83     1.699 55122.91882266 25.54 195.974936  62.593814 16.115
 83     1.617 55122.91882331 24.36 195.972386  62.590674 16.115
 83     4.138 55122.91882395 22.75 195.969846  62.587534 16.115
 84     1.083 55157.91880778 16.31 195.972254  62.607107  3.364
 84     1.318 55157.91880842 16.60 195.969714  62.603967  3.364
 84     1.320 55157.91880907 17.13 195.967164  62.600827  3.364
 84     1.174 55157.91880971 16.46 195.964614  62.597687  3.364
 84     1.167 55157.91881036 16.13 195.962068  62.594545  2.241
 85     1.496 55192.91881069 26.26 195.982821  62.601165  6.431
 85     1.237 55192.91881134 27.16 195.980281  62.598025  6.431
 85     1.272 55192.91881198 28.23 195.977731  62.594885  6.431
 85     1.156 55192.91881263 28.70 195.975185  62.591747  7.693
 85     1.161 55192.91881327 27.06 195.972635  62.588607  7.693
 86     1.369 55227.91880921 21.86 195.971759  62.607425  3.357
 86     1.211 55227.91880986 21.45 195.969209  62.604275  3.357
 86     1.205 55227.91881050 21.25 195.966659  62.601135  3.357
 86     1.132 55227.91881115 21.79 195.964109  62.597995  3.357
 86     1.403 55227.91881179 20.89 195.961566  62.594854  2.912
 87     1.559 55262.91880583 13.65 195.979200  62.604195  2.257
 87     1.557 55262.91880647 14.36 195.976650  62.601055  2.257
 87     1.496 55262.91880712 14.08 195.974100  62.597915  2.257
 87     1.484 55262.91880776 14.18 195.971555  62.594776  1.907
 87     1.448 55262.91880841 13.61 195.969005  62.591636  1.907
 88     1.404 55297.91879281 22.80 195.971931  62.607917 13.867
 88     1.666 55297.91879346 10.09 195.969381  62.604767 13.867
 88     2.072 55297.91879410  7.11 195.966831  62.601627 13.867
 88     2.395 55297.91879475  6.66 195.964281  62.598487 13.867
 88     2.797 55297.91879539  5.94 195.961741  62.595347 13.867
 89     2.701 55332.91878416 36.30 195.975828  62.606752 27.949
 89     2.794 55332.91878480 37.86 195.973278  62.603612 27.949
 89     2.730 55332.91878545 27.36 195.970738  62.600472 27.949
 89     4.473 55332.91878609 26.07 195.968188  62.597332 27.949
 89     2.750 55332.91878674 33.98 195.965638  62.594192 27.949
 90     1.613 55367.91877675 27.04 195.974491  62.604334 16.150
 90     1.066 55367.91877739 26.00 195.971951  62.601194 16.150
 90     1.105 55367.91877804 25.30 195.969401  62.598054 16.150
 90     4.428 55367.91877868 24.32 195.966851  62.594914 16.150
 90     4.938 55367.91877933 32.72 195.964307  62.591772 42.639
 91     2.162 55402.91879225 21.92 195.981558  62.600925 32.943
 91     2.026 55402.91879290 21.60 195.979008  62.597785 32.943
 91     1.950 55402.91879354 22.81 195.976458  62.594645 32.943
 91     1.893 55402.91879419 20.73 195.973908  62.591505 22.081
 91     4.373 55402.91879483 18.06 195.971358  62.588365 22.081
 92     2.544 55437.91879399 18.63 195.976688  62.606628 25.125
 92     2.409 55437.91879464 18.13 195.974148  62.603478 25.125
 92     2.511 55437.91879528 17.46 195.971598  62.600338 25.125
 92     3.501 55437.91879593 17.86 195.969048  62.597198 25.125
 92     4.408 55437.91879657 18.58 195.966498  62.594058 25.125
 93     1.974 55472.91874202 30.64 195.973028  62.612081 33.340
 93     1.983 55472.91874266 31.61 195.970478  62.608941 33.340
 93     2.010 55472.91874331 26.18 195.967928  62.605791 33.340
 93     1.418 55472.91874395 22.71 195.965378  62.602651 33.340
 93     1.596 55472.91874460 22.87 195.962838  62.599511 33.340
 93     1.878 55472.91874524 25.81 195.960288  62.596371 33.340
