# NaN NaN NaN ;Mean Elev.(m), Avg Gradient(m/km), RMS Gradient(m/km) - SRTM1     
#   61.484 -23.157  77.789 ;Mean Elev.(m), Avg Gradient(m/km), RMS Gradient(m/km) - ASTER GDEM
#   53.181 -30.649  70.287 ;Mean Elev.(m), Avg Gradient(m/km), RMS Gradient(m/km) - GMTED2010 
  7    57.595 52444.89447738 38.96 206.866751  65.170591 16.219
  7    57.502 52444.89447802 40.53 206.863741  65.167491 16.219
  7    56.917 52444.89447931 37.00 206.857721  65.161281 16.219
  7    57.265 52444.89447996 42.90 206.854711  65.158181 16.219
  8    56.480 52479.89447069 17.70 206.865941  65.167317  7.664
  8    55.252 52479.89447134 17.39 206.862931  65.164217  7.664
  8    57.611 52479.89447198 18.75 206.859921  65.161117  7.664
  9    56.766 52514.89441768 16.41 206.871165  65.171584  6.083
  9    56.992 52514.89441832 16.12 206.868155  65.168474  6.083
  9    57.447 52514.89441897 14.66 206.865145  65.165374  6.083
 12    55.870 52619.89442579 22.27 206.857000  65.166470 13.300
 12    55.708 52619.89442643 24.79 206.853990  65.163370 13.300
 12    55.484 52619.89442708 26.73 206.850980  65.160260 13.300
 12    56.524 52619.89442772 27.53 206.847970  65.157160 13.300
 12    54.184 52619.89442837 30.53 206.844970  65.154060 13.300
 12    54.165 52619.89442901 30.23 206.841960  65.150950 13.300
 12    57.288 52619.89442965 28.18 206.838950  65.147850 13.300
 12    57.596 52619.89443030 27.83 206.835950  65.144750 13.300
 12    57.395 52619.89443094 28.92 206.832942  65.141643 10.556
 12    53.437 52619.89443159 30.42 206.829942  65.138543 10.556
 12    56.548 52619.89443223 30.50 206.826932  65.135433 10.556
 12    56.873 52619.89443288 29.69 206.823932  65.132333 10.556
 14    57.199 52689.89440695  7.70 206.860648  65.169696  5.488
 14    58.665 52689.89440759  7.44 206.857638  65.166586  5.488
 14    59.550 52689.89440824  7.59 206.854628  65.163486  5.488
 14    59.343 52689.89440888  8.41 206.851617  65.160383  6.321
 14    58.859 52689.89440953  9.72 206.848617  65.157273  6.321
 14    59.199 52689.89441017  9.83 206.845607  65.154173  6.321
 14    59.388 52689.89441082 10.30 206.842597  65.151073  6.321
 14    59.129 52689.89441146 10.46 206.839587  65.147963  6.321
 14    62.233 52689.89441211  9.91 206.836587  65.144863  6.321
 14    59.130 52689.89441275 11.21 206.833577  65.141753  6.321
 14    59.332 52689.89441339 11.34 206.830577  65.138653  6.321
 14    58.953 52689.89441404  9.93 206.827567  65.135553  6.321
 15    57.250 52724.89444987  7.11 206.879590  65.172226  5.149
 15    57.002 52724.89445052  7.60 206.876580  65.169126  5.149
 15    57.232 52724.89445116  7.70 206.873560  65.166016  5.149
 16    54.437 52759.89447086 25.78 206.847490  65.164415  9.826
 16    61.088 52759.89447151 21.59 206.844480  65.161315  9.826
 16    59.341 52759.89447215 26.59 206.841470  65.158215  9.826
 16    59.785 52759.89447280 28.33 206.838460  65.155105  9.826
 16    59.513 52759.89447344 24.39 206.835450  65.152005  9.826
 16    59.059 52759.89447409 22.91 206.832450  65.148905  9.826
 16    58.225 52759.89447473 26.00 206.829441  65.145799 22.546
 16    58.459 52759.89447538 24.44 206.826431  65.142689 22.546
 16    54.355 52759.89447602 26.59 206.823431  65.139589 22.546
 16    54.295 52759.89447667 29.77 206.820421  65.136489 22.546
 16    57.746 52759.89447731 29.44 206.817421  65.133379 22.546
 16    53.831 52759.89447795 30.65 206.814421  65.130279 22.546
 16    53.635 52759.89447860 32.94 206.811411  65.127169 22.546
 16    57.512 52759.89447924 28.77 206.808411  65.124069 22.546
 16    57.868 52759.89447989 25.70 206.805411  65.120969 22.546
 16    53.194 52759.89448053 31.33 206.802411  65.117859 22.546
 16    53.875 52759.89448118 34.02 206.799411  65.114759 22.546
 23    53.850 53004.89454327 18.31 206.866943  65.170239 10.494
 23    54.283 53004.89454391 21.55 206.863923  65.167139 10.494
 23    55.325 53004.89454456 20.88 206.860913  65.164039 10.494
 23    53.277 53004.89454520 24.81 206.857903  65.160929 10.494
 23    55.284 53004.89454585 24.83 206.854893  65.157829 10.494
 25    55.816 53074.89452405 12.05 206.869144  65.171486  7.364
 25    57.019 53074.89452469 13.26 206.866134  65.168386  7.364
 25    57.242 53074.89452534 13.45 206.863114  65.165286  7.364
 25    56.863 53074.89452598 13.89 206.860104  65.162176  7.364
 25    58.282 53074.89452663 14.98 206.857094  65.159076  7.364
 28    56.933 53179.89454763 14.09 206.882563  65.174369 10.042
 28    56.937 53179.89454827 17.39 206.879543  65.171269 10.042
 28    56.948 53179.89454892 18.29 206.876533  65.168159 10.042
 33    55.802 53354.89449082 23.22 206.872243  65.171913 16.305
 33    54.489 53354.89449147 23.65 206.869233  65.168813 16.305
 33    54.383 53354.89449211 24.12 206.866223  65.165703 16.305
 33    54.318 53354.89449276 22.03 206.863213  65.162603 16.305
 35    54.009 53424.89449453 16.90 206.878768  65.172502 15.767
 35    54.366 53424.89449517 18.37 206.875758  65.169392 15.767
 35    54.098 53424.89449582 19.29 206.872748  65.166292 15.767
 38    77.526 53529.89455888 21.05 206.883253  65.174512 17.795
 38    56.917 53529.89455953 27.17 206.880233  65.171412 17.795
 38    56.963 53529.89456017 29.89 206.877223  65.168312 17.795
 39    57.464 53564.89459127 38.78 206.861631  65.168689 19.908
 39    57.529 53564.89459191 38.30 206.858621  65.165589 19.908
 39    57.454 53564.89459256 27.00 206.855611  65.162489 19.908
 39    56.142 53564.89459320 28.58 206.852601  65.159379 19.908
 39    56.324 53564.89459385 27.23 206.849591  65.156279 19.908
 39    56.043 53564.89459449 35.59 206.846581  65.153169 19.908
 39    56.059 53564.89459513 38.63 206.843571  65.150069 19.908
 40    58.354 53599.89453255 41.27 206.871030  65.172232 19.902
 40    58.235 53599.89453319 46.79 206.868020  65.169122 19.902
 40    56.915 53599.89453384 44.34 206.865010  65.166022 19.902
 40    57.436 53599.89453448 40.97 206.862000  65.162922 19.902
 43    55.288 53704.89448741 18.34 206.875510  65.171303 10.166
 43    55.977 53704.89448805 19.35 206.872500  65.168203 10.166
 43    56.097 53704.89448870 20.06 206.869490  65.165093 10.166
 44    56.325 53739.89439942 17.42 206.855982  65.167033  9.467
 44    56.297 53739.89440006 19.80 206.852972  65.163933  9.467
 44    56.478 53739.89440070 21.05 206.849962  65.160823  9.467
 44    58.343 53739.89440135 21.53 206.846952  65.157723  9.467
 44    58.179 53739.89440199 21.84 206.843952  65.154623  9.467
 44    58.085 53739.89440264 23.47 206.840942  65.151513  9.467
 44    58.644 53739.89440328 22.28 206.837932  65.148413  9.467
 44    58.707 53739.89440393 21.66 206.834932  65.145303  9.467
 44    58.573 53739.89440457 22.27 206.831928  65.142202  5.105
 44    58.600 53739.89440522 21.44 206.828918  65.139102  5.105
 44    58.547 53739.89440586 21.76 206.825918  65.135992  5.105
 44    58.539 53739.89440651 21.01 206.822918  65.132892  5.105
 44    58.383 53739.89440715 20.44 206.819918  65.129782  5.105
 44    57.977 53739.89440780 20.05 206.816918  65.126682  5.105
 44    57.673 53739.89440844 18.74 206.813918  65.123582  5.105
 44    56.797 53739.89440909 19.19 206.810918  65.120472  5.105
 46    57.554 53809.89440192 13.02 206.861166  65.167602  8.313
 46    58.173 53809.89440256 13.81 206.858166  65.164502  8.313
 46    58.258 53809.89440321 14.49 206.855156  65.161392  8.313
 46    59.009 53809.89440385 15.27 206.852146  65.158292  8.313
 46    59.635 53809.89440450 15.72 206.849136  65.155182  8.313
 46    59.703 53809.89440514 16.50 206.846126  65.152082  8.313
 47    55.691 53844.89444334 12.19 206.883117  65.171667  8.430
 47    55.840 53844.89444398 13.24 206.880097  65.168567  8.430
 50    55.077 53949.89454275 27.40 206.844486  65.151375  7.681
 50    54.876 53949.89454339 28.17 206.841476  65.148275  7.681
 51    59.472 53984.89447691 40.16 206.863172  65.168949 16.166
 51    58.847 53984.89447756 42.29 206.860152  65.165849 16.166
 51    58.442 53984.89447820 39.87 206.857152  65.162749 16.166
 51    59.743 53984.89447885 39.69 206.854142  65.159639 16.166
 51    59.375 53984.89447949 44.97 206.851132  65.156539 16.166
 51    59.630 53984.89448014 41.93 206.848122  65.153429 16.166
 54    56.104 54089.89449278 18.59 206.867708  65.169418  7.957
 54    55.588 54089.89449342 19.00 206.864698  65.166318  7.957
 54    56.545 54089.89449406 20.57 206.861688  65.163218  7.957
 54    57.184 54089.89449471 21.00 206.858678  65.160108  7.957
 61    58.019 54334.89448271 43.84 206.872438  65.172383 14.592
 61    59.561 54334.89448336 44.79 206.869418  65.169283 14.592
 61    58.060 54334.89448400 43.83 206.866408  65.166173 14.592
 61    57.740 54334.89448464 44.90 206.863398  65.163073 14.592
 65    55.898 54474.89441354 13.93 206.881903  65.171903  7.005
 65    54.226 54474.89441419 15.08 206.878893  65.168803  7.005
 67    55.181 54544.89442772  8.99 206.877232  65.173530  5.390
 67    55.847 54544.89442837 10.37 206.874222  65.170430  5.390
 67    55.681 54544.89442901 10.60 206.871212  65.167330  5.390
 67    56.988 54544.89442965 11.56 206.868202  65.164220  5.390
 68    57.360 54579.89439547 17.63 206.880863  65.170763 13.362
 68    58.181 54579.89439612 20.24 206.877853  65.167663 13.362
 69    57.562 54614.89441727 18.60 206.879146  65.173140  7.416
 69    57.158 54614.89441791 19.67 206.876136  65.170040  7.416
 75    54.847 54824.89439373 15.34 206.881734  65.171014  6.571
 75    56.247 54824.89439438 15.98 206.878724  65.167914  6.571
 77    57.448 54894.89439557  9.67 206.871137  65.171189  6.515
 77    58.324 54894.89439621  9.61 206.868127  65.168079  6.515
 77    57.649 54894.89439686 10.95 206.865107  65.164979  6.515
 77    58.300 54894.89439750 11.35 206.862097  65.161879  6.515
 80    58.109 54999.89441557 41.89 206.874549  65.172184 16.570
 80    59.489 54999.89441621 43.76 206.871539  65.169084 16.570
 80    56.525 54999.89441686 41.80 206.868519  65.165974 16.570
 80    56.727 54999.89441750 38.39 206.865509  65.162874 16.570
 84    54.552 55139.89433890 34.16 206.877390  65.173065 16.838
 84    55.186 55139.89433954 37.80 206.874380  65.169955 16.838
 84    56.399 55139.89434019 40.14 206.871370  65.166855 16.838
 84    56.006 55139.89434083 30.54 206.868360  65.163755 16.838
 86    54.265 55209.89433392 15.09 206.881666  65.174026  6.393
 86    54.497 55209.89433457 17.23 206.878656  65.170926  6.393
 86    55.593 55209.89433521 17.83 206.875646  65.167826  6.393
 89    58.780 55314.89429290 23.08 206.879503  65.172827  7.067
 89    58.523 55314.89429355 21.89 206.876487  65.169722 18.841
 89    57.183 55314.89429419 24.23 206.873477  65.166622 18.841
 90    59.533 55349.89429958 13.21 206.872648  65.171337  4.495
 90    59.006 55349.89430022 14.94 206.869638  65.168237  4.495
 90    61.609 55349.89430087 14.62 206.866628  65.165127  4.495
 90    61.474 55349.89430151 16.56 206.863618  65.162027  4.495
 93    55.141 55454.89429611 27.86 206.866533  65.169847 13.606
 93    55.098 55454.89429676 34.17 206.863523  65.166747 13.606
 93    54.957 55454.89429740 30.35 206.860513  65.163647 13.606
 93    54.828 55454.89429805 32.69 206.857503  65.160537 13.606
 93    54.850 55454.89429869 40.49 206.854493  65.157437 13.606
 94    52.583 55489.89421968 48.22 206.839244  65.149407 36.634
 94    52.396 55489.89422032 44.41 206.836234  65.146297 36.634
 94    52.362 55489.89422097 38.31 206.833234  65.143197 36.634
 94    52.421 55489.89422161 40.39 206.830224  65.140097 36.634
 94    52.198 55489.89422225 41.78 206.827224  65.136987 36.634
 94    52.431 55489.89422290 43.16 206.824224  65.133887 36.634
 94    52.266 55489.89422354 50.02 206.821214  65.130777 36.634
 94    52.273 55489.89422419 53.32 206.818214  65.127677 36.634
 94    52.292 55489.89422483 51.53 206.815214  65.124577 36.634
