# NaN NaN NaN ;Mean Elev.(m), Avg Gradient(m/km), RMS Gradient(m/km) - SRTM1     
#   52.832  -2.167  25.615 ;Mean Elev.(m), Avg Gradient(m/km), RMS Gradient(m/km) - ASTER GDEM
#   49.588  -2.921  23.188 ;Mean Elev.(m), Avg Gradient(m/km), RMS Gradient(m/km) - GMTED2010 
  7    44.183 52458.29841661 26.25 204.134229  64.731113 27.897
  7    43.575 52458.29841726 19.24 204.131299  64.734223 27.897
  7    43.581 52458.29841790 19.96 204.128379  64.737333 27.897
  7    43.360 52458.29841855 17.27 204.125459  64.740443 27.897
  7    43.562 52458.29841919 14.12 204.122529  64.743553 27.897
  8    43.327 52493.29839573 21.54 204.141576  64.732750 18.614
  8    43.422 52493.29839638 21.88 204.138656  64.735860 18.614
  8    43.541 52493.29839702 24.18 204.135736  64.738970 18.614
  8    43.824 52493.29839767 23.56 204.132806  64.742080 18.614
  8    43.839 52493.29839831 28.47 204.129886  64.745190 18.614
 10    41.939 52563.29841410 37.88 204.130000  64.731244 15.869
 10    42.607 52563.29841474 40.23 204.127080  64.734354 15.869
 10    42.051 52563.29841539 39.61 204.124150  64.737464 15.869
 10    41.908 52563.29841603 48.63 204.121230  64.740574 15.869
 10    41.838 52563.29841667 46.09 204.118300  64.743694 15.869
 12    41.490 52633.29838306 20.13 204.123775  64.729989  5.037
 12    41.505 52633.29838371 20.62 204.120855  64.733099  5.037
 12    41.533 52633.29838435 20.70 204.117935  64.736209  5.037
 12    41.602 52633.29838500 19.94 204.115005  64.739329  5.037
 12    41.652 52633.29838564 18.07 204.112085  64.742439  5.037
 13    42.129 52668.29839859 15.77 204.131179  64.731434  4.225
 13    42.053 52668.29839924 15.06 204.128259  64.734544  4.225
 13    43.337 52668.29839988 14.62 204.125329  64.737654  4.225
 13    43.347 52668.29840053 15.32 204.122409  64.740764  4.225
 13    41.037 52668.29840117 15.98 204.119479  64.743874  4.225
 14    45.708 52703.29837663  5.98 204.129516  64.730009  2.928
 14    44.359 52703.29837728  6.83 204.126596  64.733129  2.928
 14    44.144 52703.29837792  6.04 204.123676  64.736229  2.928
 14    43.581 52703.29837856  5.79 204.120746  64.739349  2.928
 14    43.357 52703.29837921  5.61 204.117816  64.742449  2.928
 16    44.176 52773.29837357 31.93 204.146510  64.734413 30.358
 16    44.020 52773.29837421 33.74 204.143590  64.737523 30.358
 16    44.292 52773.29837486 36.94 204.140666  64.740637 16.879
 16    44.250 52773.29837550 47.79 204.137746  64.743747 16.879
 17    44.370 52808.29843928 39.65 204.118679  64.731720 21.175
 17    44.491 52808.29843992 39.43 204.115759  64.734840 21.175
 17    44.226 52808.29844056 31.20 204.112829  64.737950 21.175
 17    44.276 52808.29844121 39.13 204.109909  64.741060 21.175
 18    44.103 52843.29849686 25.45 204.122143  64.731979 17.300
 18    44.339 52843.29849750 25.45 204.119213  64.735099 17.300
 18    44.025 52843.29849815 22.42 204.116293  64.738199 17.300
 18    43.769 52843.29849879 16.77 204.113363  64.741319 17.300
 19    43.398 52878.29853487 48.50 204.126884  64.731605 27.063
 19    43.272 52878.29853552 37.54 204.123964  64.734725 27.063
 19    43.598 52878.29853616 45.48 204.121044  64.737835 27.063
 19    43.501 52878.29853681 51.55 204.118114  64.740945 27.063
 20    41.984 52913.29849292 32.51 204.146486  64.734343 17.588
 20    42.035 52913.29849357 31.20 204.143566  64.737453 17.588
 20    41.990 52913.29849421 24.65 204.140646  64.740563 17.588
 20    41.865 52913.29849486 22.67 204.137726  64.743673 17.588
 21    40.753 52948.29845101 31.02 204.121372  64.731394 18.553
 21    40.779 52948.29845166 32.89 204.118442  64.734514 18.553
 21    40.843 52948.29845230 44.08 204.115522  64.737624 18.553
 21    40.843 52948.29845295 47.56 204.112592  64.740734 18.553
 23    42.033 53018.29847635 11.74 204.140209  64.731993  4.638
 23    42.190 53018.29847699 11.72 204.137289  64.735103  4.638
 23    41.919 53018.29847764 13.51 204.134369  64.738213  4.638
 23    41.659 53018.29847828 13.01 204.131439  64.741323  4.638
 23    41.637 53018.29847893 11.84 204.128519  64.744433  4.638
 24    43.406 53053.29845854  7.28 204.127358  64.730499  4.087
 24    41.521 53053.29845919  9.20 204.124438  64.733609  4.087
 24    41.382 53053.29845983  9.00 204.121518  64.736719  4.087
 24    41.034 53053.29846048  8.52 204.118588  64.739839  4.087
 24    40.978 53053.29846112  6.91 204.115658  64.742939  4.087
 25    41.811 53088.29849582  7.30 204.132972  64.732793  3.496
 25    42.176 53088.29849646  5.79 204.130052  64.735903  3.496
 25    41.412 53088.29849711  7.79 204.127132  64.739013  3.496
 25    41.485 53088.29849775  6.34 204.124202  64.742123  3.496
 26    41.534 53123.29846602 41.82 204.124576  64.731197 17.225
 26    41.651 53123.29846666 34.85 204.121646  64.734307 17.225
 26    41.599 53123.29846731 33.78 204.118726  64.737417 17.225
 26    41.591 53123.29846795 25.34 204.115796  64.740527 17.225
 27    45.880 53158.29852391 48.69 204.121704  64.731478 24.901
 27    45.642 53158.29852455 44.80 204.118784  64.734588 24.901
 27    45.734 53158.29852520 47.97 204.115864  64.737698 24.901
 27    45.760 53158.29852584 52.40 204.112934  64.740808 24.901
 28    44.892 53193.29851732 25.91 204.138113  64.731001 14.138
 28    43.775 53193.29851796 24.17 204.135193  64.734111 14.138
 28    43.706 53193.29851861 32.39 204.132273  64.737221 14.138
 28    43.494 53193.29851925 26.51 204.129343  64.740331 14.138
 28    43.374 53193.29851990 19.98 204.126423  64.743441 14.138
 30    42.353 53263.29848658 54.31 204.140531  64.735081 16.035
 30    41.591 53263.29848723 42.86 204.137611  64.738191 16.035
 30    41.651 53263.29848787 52.63 204.134691  64.741301 16.035
 30    41.632 53263.29848851 51.76 204.131771  64.744411 16.035
 31    40.759 53298.29852649 46.01 204.119099  64.729063 27.116
 31    41.178 53298.29852713 38.81 204.116179  64.732173 27.116
 31    40.781 53298.29852778 44.26 204.113259  64.735283 27.116
 31    40.783 53298.29852842 49.80 204.110329  64.738393 27.116
 31    40.790 53298.29852906 46.46 204.107409  64.741503 27.116
 33    41.695 53368.29844059  9.91 204.147430  64.732944  6.158
 33    41.910 53368.29844124  9.50 204.144510  64.736054  6.158
 33    41.739 53368.29844188  8.79 204.141590  64.739164  6.158
 33    41.339 53368.29844253  9.13 204.138670  64.742274  6.158
 33    41.088 53368.29844317  9.35 204.135740  64.745384  6.158
 34    44.883 53403.29847084  5.17 204.127682  64.731658  2.791
 34    41.503 53403.29847149  5.70 204.124762  64.734768  2.791
 34    43.204 53403.29847213  6.16 204.121842  64.737878  2.791
 34    40.709 53403.29847278  6.63 204.118912  64.740988  2.791
 35    44.583 53438.29845940  3.48 204.141619  64.734064  2.675
 35    43.754 53438.29846004  4.36 204.138699  64.737174  2.675
 35    43.127 53438.29846069  4.13 204.135779  64.740284  2.675
 35    42.638 53438.29846133  3.88 204.132849  64.743394  2.675
 36    47.160 53473.29851625  3.64 204.122129  64.731640  2.256
 36    46.723 53473.29851689  3.54 204.119209  64.734750  2.256
 36    45.775 53473.29851754  3.78 204.116279  64.737860  2.256
 36    44.871 53473.29851818  4.12 204.113359  64.740970  2.256
 37    47.009 53508.29854044 34.71 204.132280  64.729912  9.937
 37    46.673 53508.29854109 29.36 204.129350  64.733022  9.937
 37    46.362 53508.29854173 31.04 204.126430  64.736132  9.937
 37    45.957 53508.29854237 37.27 204.123510  64.739242  9.937
 37    47.085 53508.29854302 44.80 204.120580  64.742352  9.937
 38    44.819 53543.29855170 53.14 204.129524  64.732779 36.406
 38    44.794 53543.29855234 50.11 204.126594  64.735889 36.406
 38    44.716 53543.29855299 49.77 204.123674  64.738999 36.406
 38    44.654 53543.29855363 53.33 204.120754  64.742109 36.406
 39    43.889 53578.29853433 34.27 204.138799  64.731517 22.696
 39    43.736 53578.29853497 37.30 204.135879  64.734627 22.696
 39    43.459 53578.29853562 35.15 204.132959  64.737737 22.696
 39    43.074 53578.29853626 35.68 204.130029  64.740847 22.696
 39    42.630 53578.29853691 29.91 204.127109  64.743957 22.696
 40    43.886 53613.29848764 22.80 204.141461  64.732982 29.065
 40    43.651 53613.29848828 22.90 204.138541  64.736092 29.065
 40    43.071 53613.29848893 24.46 204.135621  64.739202 29.065
 40    42.722 53613.29848957 26.63 204.132701  64.742312 29.065
 40    42.599 53613.29849021 23.78 204.129771  64.745422 29.065
 41    43.230 53648.29849301 50.49 204.128125  64.729802 31.956
 41    43.192 53648.29849366 53.06 204.125205  64.732912 31.956
 41    43.182 53648.29849430 49.00 204.122275  64.736022 31.956
 41    43.165 53648.29849495 51.19 204.119355  64.739132 31.956
 41    43.178 53648.29849559 53.26 204.116425  64.742242 31.956
 42    41.881 53683.29850834 24.40 204.129324  64.732774  9.393
 42    41.740 53683.29850898 24.87 204.126404  64.735884  9.393
 42    41.632 53683.29850963 23.70 204.123474  64.738994  9.393
 42    41.741 53683.29851027 23.06 204.120554  64.742104  9.393
 43    42.969 53718.29843550 25.52 204.143065  64.735329 11.694
 43    42.887 53718.29843615 29.94 204.140145  64.738439 11.694
 43    42.794 53718.29843679 26.10 204.137215  64.741549 11.694
 43    42.722 53718.29843744 25.04 204.134295  64.744659 11.694
 44    43.170 53753.29835652 11.46 204.127541  64.732385  4.417
 44    42.760 53753.29835717 10.98 204.124611  64.735495  4.417
 44    42.554 53753.29835781 11.51 204.121691  64.738605  4.417
 44    42.337 53753.29835846 10.95 204.118761  64.741715  4.417
 45    43.463 53788.29838652  7.92 204.138386  64.733737  3.394
 45    43.203 53788.29838717  7.96 204.135456  64.736847  3.394
 45    42.812 53788.29838781  8.12 204.132536  64.739957  3.394
 45    42.871 53788.29838846  7.22 204.129616  64.743067  3.394
 46    42.716 53823.29834143  5.10 204.119816  64.730163  2.173
 46    42.296 53823.29834208  5.02 204.116896  64.733273  2.173
 46    44.201 53823.29834272  4.98 204.113965  64.736385  2.613
 46    42.109 53823.29834336  5.31 204.111045  64.739495  2.613
 46    41.777 53823.29834401  4.42 204.108115  64.742605  2.613
 47    43.448 53858.29843376 31.03 204.124541  64.730427 14.047
 47    43.544 53858.29843440 34.24 204.121621  64.733537 14.047
 47    43.497 53858.29843505 31.49 204.118701  64.736647 14.047
 47    43.491 53858.29843569 20.92 204.115771  64.739757 14.047
 47    42.761 53858.29843634 19.81 204.112851  64.742867 14.047
 48    44.522 53893.29844888 53.22 204.132153  64.732014 32.698
 48    44.463 53893.29844952 51.26 204.129233  64.735124 32.698
 48    44.494 53893.29845017 51.58 204.126313  64.738234 32.698
 48    44.546 53893.29845081 53.05 204.123383  64.741344 32.698
 49    44.427 53928.29850649 39.40 204.123951  64.729208 25.714
 49    44.435 53928.29850714 42.61 204.121031  64.732318 25.714
 49    44.277 53928.29850778 42.63 204.118101  64.735428 25.714
 49    44.273 53928.29850843 49.53 204.115181  64.738538 25.714
 49    44.451 53928.29850907 47.63 204.112251  64.741648 25.714
 50    43.454 53963.29848823 47.06 204.134224  64.730161 35.841
 50    43.504 53963.29848888 43.15 204.131304  64.733271 35.841
 50    43.127 53963.29848952 35.88 204.128384  64.736381 35.841
 50    43.346 53963.29849017 42.81 204.125454  64.739491 35.841
 50    43.396 53963.29849081 48.22 204.122534  64.742601 35.841
 51    43.318 53998.29843777 51.53 204.115490  64.731006 32.252
 51    42.876 53998.29843841 47.88 204.112570  64.734116 32.252
 51    42.909 53998.29843905 51.03 204.109640  64.737226 32.252
 51    42.781 53998.29843970 50.38 204.106710  64.740336 32.252
 52    42.030 54033.29848559 44.36 204.130730  64.729955 28.891
 52    41.768 54033.29848624 52.05 204.127810  64.733065 28.891
 52    41.710 54033.29848688 45.91 204.124890  64.736175 28.891
 52    41.704 54033.29848753 50.37 204.121960  64.739285 28.891
 52    41.715 54033.29848817 50.96 204.119040  64.742395 28.891
 54    42.408 54103.29843788 16.20 204.143737  64.732675  5.113
 54    42.592 54103.29843853 16.77 204.140817  64.735785  5.113
 54    42.483 54103.29843917 16.06 204.137897  64.738895  5.113
 54    42.365 54103.29843982 15.86 204.134977  64.742005  5.113
 54    42.084 54103.29844046 14.68 204.132047  64.745115  5.113
 55    41.844 54138.29840923 12.31 204.126480  64.730327  3.902
 55    41.769 54138.29840988 11.69 204.123560  64.733437  3.902
 55    41.824 54138.29841052 10.25 204.120630  64.736547  3.902
 55    41.875 54138.29841117 10.07 204.117710  64.739657  3.902
 55    41.756 54138.29841181  9.97 204.114780  64.742767  3.902
 56    42.327 54173.29841599  9.64 204.139139  64.732531  4.428
 56    42.589 54173.29841664  9.06 204.136219  64.735641  4.428
 56    42.258 54173.29841728  9.06 204.133289  64.738751  4.428
 56    42.367 54173.29841793  6.86 204.130369  64.741861  4.428
 56    41.848 54173.29841857  7.39 204.127449  64.744971  4.428
 57    42.799 54208.29841545 27.99 204.123267  64.731994 12.190
 57    42.320 54208.29841609 29.96 204.120337  64.735104 12.190
 57    41.752 54208.29841674 32.30 204.117417  64.738224 12.190
 57    41.133 54208.29841738 29.93 204.114487  64.741324 12.190
 58    42.701 54243.29844714 32.80 204.131861  64.732217 18.609
 58    42.652 54243.29844778 36.61 204.128931  64.735327 18.609
 58    42.311 54243.29844843 38.34 204.126011  64.738437 18.609
 58    42.385 54243.29844907 47.06 204.123091  64.741547 18.609
 59    43.923 54278.29845999 25.65 204.132211  64.731495 11.509
 59    43.762 54278.29846063 24.42 204.129281  64.734605 11.509
 59    43.586 54278.29846128 29.27 204.126361  64.737715 11.509
 59    43.822 54278.29846192 32.04 204.123441  64.740825 11.509
 59    44.164 54278.29846257 37.94 204.120511  64.743935 11.509
 60    43.825 54313.29846013 20.28 204.135601  64.731916  7.386
 60    43.739 54313.29846077 15.71 204.132671  64.735026  7.386
 60    43.761 54313.29846142 17.11 204.129751  64.738136  7.386
 60    43.646 54313.29846206 17.92 204.126831  64.741246  7.386
 60    43.454 54313.29846271 16.07 204.123901  64.744356  7.386
 61    43.451 54348.29843133 50.33 204.142246  64.733546 15.583
 61    43.696 54348.29843198 50.29 204.139326  64.736656 15.583
 61    43.406 54348.29843262 51.68 204.136396  64.739766 15.583
 61    43.263 54348.29843327 52.03 204.133476  64.742876 15.583
 62    42.050 54383.29839753 47.17 204.129238  64.729821 17.168
 62    42.188 54383.29839818 44.30 204.126318  64.732931 17.168
 62    41.917 54383.29839882 37.32 204.123398  64.736041 17.168
 62    41.892 54383.29839947 40.22 204.120468  64.739151 17.168
 62    41.962 54383.29840011 34.89 204.117548  64.742271 17.168
 63    42.642 54418.29838044 35.63 204.139514  64.731852 11.423
 63    42.748 54418.29838109 27.25 204.136594  64.734962 11.423
 63    42.441 54418.29838173 21.87 204.133674  64.738072 11.423
 63    42.293 54418.29838237 20.87 204.130754  64.741182 11.423
 63    41.846 54418.29838302 19.89 204.127824  64.744292 11.423
 64    42.769 54453.29836831 23.11 204.121356  64.731640  9.900
 64    42.588 54453.29836896 23.44 204.118436  64.734750  9.900
 64    42.273 54453.29836960 19.78 204.115506  64.737860  9.900
 64    41.705 54453.29837025 16.45 204.112586  64.740970  9.900
 65    42.872 54488.29837918 11.03 204.134996  64.733447  3.761
 65    42.623 54488.29837983 11.35 204.132066  64.736557  3.761
 65    42.563 54488.29838047 10.03 204.129146  64.739667  3.761
 65    42.330 54488.29838112 11.36 204.126226  64.742777  3.761
 66    42.546 54523.29838089  8.16 204.130368  64.730241  3.570
 66    42.534 54523.29838154  8.62 204.127448  64.733351  3.570
 66    43.636 54523.29838218  7.35 204.124528  64.736461  3.570
 66    42.792 54523.29838283  7.24 204.121598  64.739571  3.570
 66    42.250 54523.29838347  7.37 204.118678  64.742681  3.570
 67    42.634 54558.29838906 11.71 204.137944  64.734200  5.137
 67    42.622 54558.29838971 13.95 204.135014  64.737310  5.137
 67    42.782 54558.29839035 11.65 204.132094  64.740420  5.137
 67    42.602 54558.29839100  8.22 204.129174  64.743530  5.137
 68    42.566 54593.29837729 31.83 204.131347  64.731265 21.527
 68    42.998 54593.29837794 32.04 204.128427  64.734375 21.527
 68    42.817 54593.29837858 36.25 204.125507  64.737485 21.527
 68    42.168 54593.29837923 34.41 204.122577  64.740605 21.527
 68    42.069 54593.29837987 33.12 204.119657  64.743715 21.527
 69    43.970 54628.29839236 54.74 204.132901  64.732884 24.840
 69    43.926 54628.29839300 38.94 204.129981  64.735994 24.840
 69    43.886 54628.29839365 46.62 204.127061  64.739104 24.840
 69    43.903 54628.29839429 49.68 204.124131  64.742214 24.840
 70    44.198 54663.29839921 48.58 204.130986  64.730052 15.711
 70    44.903 54663.29839985 46.12 204.128056  64.733162 15.711
 70    44.177 54663.29840049 46.82 204.125136  64.736272 15.711
 70    44.182 54663.29840114 45.19 204.122216  64.739382 15.711
 70    44.425 54663.29840178 46.93 204.119286  64.742502 15.711
 71    44.105 54698.29837342 22.27 204.140849  64.734785 14.371
 71    43.998 54698.29837407 22.89 204.137929  64.737895 14.371
 71    44.139 54698.29837471 27.15 204.134999  64.741005 14.371
 71    44.290 54698.29837536 38.44 204.132079  64.744115 14.371
 72    42.793 54733.29835678 50.23 204.125367  64.730538 24.908
 72    42.771 54733.29835743 41.03 204.122437  64.733648 24.908
 72    42.934 54733.29835807 52.61 204.119517  64.736758 24.908
 72    42.936 54733.29835872 51.51 204.116587  64.739878 24.908
 72    42.962 54733.29835936 48.48 204.113667  64.742978 24.908
 73    41.105 54768.29835228 35.84 204.136246  64.731131 15.279
 73    41.019 54768.29835293 31.07 204.133326  64.734241 15.279
 73    41.346 54768.29835357 35.14 204.130396  64.737351 15.279
 73    41.344 54768.29835421 44.53 204.127476  64.740471 15.279
 73    41.370 54768.29835486 40.18 204.124556  64.743571 15.279
 74    42.005 54803.29835094 22.36 204.122857  64.731995  7.614
 74    41.706 54803.29835159 23.43 204.119937  64.735105  7.614
 74    41.950 54803.29835223 21.99 204.117007  64.738215  7.614
 74    41.930 54803.29835288 20.50 204.114087  64.741325  7.614
 75    41.275 54838.29834613 13.17 204.132867  64.732478  5.070
 75    41.251 54838.29834678 12.96 204.129947  64.735588  5.070
 75    41.239 54838.29834742 12.67 204.127017  64.738698  5.070
 75    41.466 54838.29834806 12.05 204.124097  64.741808  5.070
 76    45.145 54873.29835015  7.19 204.126073  64.731595  3.114
 76    44.276 54873.29835079  7.21 204.123153  64.734705  3.114
 76    41.031 54873.29835144  7.30 204.120223  64.737815  3.114
 76    42.574 54873.29835208  6.77 204.117303  64.740925  3.114
 77    46.777 54908.29835315  4.67 204.139312  64.734248  2.699
 77    46.186 54908.29835379  5.10 204.136392  64.737358  2.699
 77    43.514 54908.29835443  4.85 204.133472  64.740468  2.699
 77    43.849 54908.29835508  5.01 204.130552  64.743578  2.699
 78    47.322 54943.29834317  1.98 204.124604  64.731326  2.035
 78    46.945 54943.29834381  1.72 204.121684  64.734446  2.035
 78    46.530 54943.29834446  1.91 204.118754  64.737556  2.035
 78    45.007 54943.29834510  1.68 204.115834  64.740666  2.035
 79    45.526 54978.29837017 26.06 204.132604  64.731017 14.528
 79    47.095 54978.29837081 15.43 204.129684  64.734127 14.528
 79    46.002 54978.29837146 16.79 204.126764  64.737237 14.528
 79    44.673 54978.29837210 17.73 204.123834  64.740347 14.528
 79    44.337 54978.29837275 16.46 204.120914  64.743457 14.528
 80    44.688 55013.29837646 54.68 204.132938  64.732874 23.993
 80    44.708 55013.29837710 49.68 204.130008  64.735984 23.993
 80    44.638 55013.29837775 53.16 204.127088  64.739094 23.993
 80    44.518 55013.29837839 53.30 204.124168  64.742204 23.993
 81    42.760 55048.29836907 41.87 204.133434  64.731014 19.757
 81    42.922 55048.29836971 32.22 204.130504  64.734124 19.757
 81    42.723 55048.29837036 40.71 204.127584  64.737234 19.757
 81    42.775 55048.29837100 51.31 204.124664  64.740344 19.757
 81    42.813 55048.29837164 48.86 204.121734  64.743464 19.757
 82    43.349 55083.29833949 54.51 204.142351  64.735171 20.383
 82    43.343 55083.29834013 52.92 204.139431  64.738281 20.383
 82    43.322 55083.29834078 52.98 204.136501  64.741391 20.383
 82    43.244 55083.29834142 48.24 204.133581  64.744501 20.383
 83    41.998 55118.29830064 52.20 204.128087  64.730174 25.611
 83    41.690 55118.29830129 47.02 204.125167  64.733284 25.611
 83    41.921 55118.29830193 48.30 204.122237  64.736394 25.611
 83    41.936 55118.29830258 50.06 204.119317  64.739504 25.611
 83    41.802 55118.29830322 51.99 204.116387  64.742614 25.611
 84    41.629 55153.29829737 24.78 204.136563  64.731028  9.522
 84    41.819 55153.29829801 24.56 204.133643  64.734138  9.522
 84    41.525 55153.29829866 24.63 204.130713  64.737248  9.522
 84    41.974 55153.29829930 23.30 204.127793  64.740358  9.522
 84    40.489 55153.29829995 23.86 204.124873  64.743468  9.522
 85    42.219 55188.29828894 13.62 204.126004  64.729235  4.810
 85    42.351 55188.29828959 13.57 204.123084  64.732355  4.810
 85    42.309 55188.29829023 13.35 204.120164  64.735465  4.810
 85    42.398 55188.29829088 13.25 204.117234  64.738575  4.810
 85    42.386 55188.29829152 12.97 204.114314  64.741685  4.810
 86    42.241 55223.29829688 10.28 204.134253  64.732992  4.452
 86    42.065 55223.29829752 10.06 204.131323  64.736102  4.452
 86    42.077 55223.29829817  9.87 204.128403  64.739222  4.452
 86    42.056 55223.29829881  9.94 204.125483  64.742332  4.452
 87    42.174 55258.29828530  9.99 204.129644  64.732775  4.163
 87    42.408 55258.29828595 10.15 204.126724  64.735885  4.163
 87    42.236 55258.29828659  9.11 204.123794  64.738995  4.163
 87    42.086 55258.29828724  8.82 204.120874  64.742115  4.163
 88    42.436 55293.29828429  7.43 204.140801  64.733392  3.730
 88    42.674 55293.29828494  7.14 204.137881  64.736502  3.730
 88    42.651 55293.29828558  7.38 204.134951  64.739612  3.730
 88    42.125 55293.29828623  8.74 204.132031  64.742722  3.730
 89    51.123 55328.29826851 47.36 204.130078  64.731554 21.358
 89    51.129 55328.29826915 42.52 204.127148  64.734664 21.358
 89    51.095 55328.29826979 39.33 204.124228  64.737774 21.358
 89    50.914 55328.29827044 32.98 204.121308  64.740884 21.358
 89    51.060 55328.29827108 27.22 204.118378  64.743994 21.358
 90    43.129 55363.29826378 52.13 204.136731  64.733479 23.782
 90    43.189 55363.29826442 48.85 204.133801  64.736589 23.782
 90    43.151 55363.29826506 52.11 204.130881  64.739699 23.782
 90    43.182 55363.29826571 52.05 204.127961  64.742809 23.782
 91    44.102 55398.29827250 49.55 204.125968  64.730294 28.387
 91    43.943 55398.29827315 52.15 204.123048  64.733404 28.387
 91    44.054 55398.29827379 52.29 204.120128  64.736514 28.387
 91    43.933 55398.29827444 52.93 204.117198  64.739624 28.387
 91    44.042 55398.29827508 48.50 204.114278  64.742734 28.387
 92    43.866 55433.29827957 32.06 204.134678  64.732701 21.069
 92    43.756 55433.29828022 28.69 204.131758  64.735811 21.069
 92    43.948 55433.29828086 33.27 204.128828  64.738921 21.069
 92    43.930 55433.29828151 40.78 204.125908  64.742031 21.069
 93    42.382 55468.29823643 20.90 204.146926  64.733383 12.194
 93    42.416 55468.29823707 23.76 204.144006  64.736493 12.194
 93    42.328 55468.29823772 27.18 204.141076  64.739603 12.194
 93    42.122 55468.29823836 26.94 204.138156  64.742713 12.194
 93    42.131 55468.29823901 26.63 204.135236  64.745823 12.194
