-245822.294    -0.524     0.00    0.29
-245451.649    -0.566    -0.11    0.18
-245080.945    -0.540     0.07    0.16
-244710.181    -0.539     0.00    0.33
-244339.359    -0.499     0.11    0.45
-243968.477    -0.470     0.08    0.48
-243597.536    -0.456     0.04    0.49
-243226.536    -0.326     0.35    0.49
-242855.476    -0.336    -0.03    0.42
-242484.357    -0.313     0.06    0.44
-242113.179    -0.434    -0.33    0.34
-241741.942    -0.513    -0.21    0.23
-241370.645    -0.553    -0.11    0.11
-240999.289    -0.593    -0.11    0.28
-240627.873    -0.806    -0.57    0.69
-240256.398    -0.926    -0.32    0.85
-239884.863    -1.134    -0.56    1.03
-239513.269    -1.228    -0.25    1.02
-239141.615    -1.242    -0.04    0.86
-238769.902    -1.342    -0.27    0.70
-238398.129    -1.433    -0.24    0.62
-238026.296    -1.395     0.10    0.38
-237654.404    -1.417    -0.06    0.36
-237282.452    -1.473    -0.15    0.29
-236910.440    -1.525    -0.14    0.26
-236538.369    -1.566    -0.11    0.00
-236166.237    -1.566     0.00    0.00
-235794.046    -1.566     0.00    0.00
-235421.795    -1.566     0.00    0.00
-235049.484    -1.686    -0.32    0.33
-234677.114    -1.909    -0.60    0.48
-234304.683    -2.193    -0.76    0.49
-233932.192    -2.455    -0.70    0.32
-233559.642    -2.566    -0.30    0.00
-233187.031    -2.566     0.00    0.00
-232814.360    -2.669    -0.28    0.31
-232441.629    -2.774    -0.28    0.41
-232068.838    -2.895    -0.32    0.47
-231695.987    -2.997    -0.27    0.50
-231323.076    -3.139    -0.38    0.50
-230950.105    -3.265    -0.34    0.46
-230577.073    -3.419    -0.41    0.36
-230203.981    -3.553    -0.36    0.12
-229830.829    -3.566    -0.04    0.00
-229457.616    -3.566     0.00    0.00
-229084.343    -3.566     0.00    0.00
-228711.010    -3.566     0.00    0.00
-228337.616    -3.566     0.00    0.00
-227964.162    -3.566     0.00    0.00
-227590.647    -3.566     0.00    0.00
-227217.072    -3.566     0.00    0.00
-226843.436    -3.566     0.00    0.00
-226469.740    -3.566     0.00    0.00
-226095.983    -3.566     0.00    0.00
-225722.166    -3.528     0.10    0.19
-225348.288    -3.459     0.18    0.31
-224974.349    -3.406     0.14    0.37
-224600.349    -3.347     0.16    0.42
-224226.289    -3.277     0.19    0.46
-223852.168    -3.237     0.10    0.47
-223477.986    -3.246    -0.02    0.47
-223103.744    -3.295    -0.13    0.45
-222729.440    -3.395    -0.27    0.38
-222355.076    -3.441    -0.12    0.33
-221980.650    -3.290     0.40    0.45
-221606.164    -3.100     0.51    0.50
-221231.617    -2.912     0.50    0.48
-220857.009    -2.715     0.53    0.36
-220482.339    -2.644     0.19    0.27
-220107.609    -2.566     0.21    0.00
-219732.817    -2.606    -0.11    0.20
-219357.965    -2.790    -0.49    0.42
-218983.051    -2.895    -0.28    0.47
-218608.076    -2.908    -0.04    0.48
-218233.040    -2.877     0.08    0.47
-217857.942    -2.635     0.65    0.45
-217482.783    -2.296     0.90    0.45
-217107.563    -1.726     1.52    0.96
-216732.282    -1.087     1.70    1.07
-216356.939    -0.419     1.78    0.88
-215981.535    -0.024     1.05    0.56
-215606.069     0.080     0.28    0.48
-215230.542     0.156     0.20    0.45
-214854.953     0.271     0.31    0.37
-214479.303     0.338     0.18    0.30
-214103.591     0.395     0.15    0.19
-213727.818     0.434     0.10    0.00
-213351.983     0.460     0.07    0.16
-212976.086     0.487     0.07    0.32
-212600.128     0.513     0.07    0.51
-212224.108     0.527     0.04    0.64
-211848.026     0.474    -0.14    0.71
-211471.883     0.302    -0.46    0.75
-211095.677     0.074    -0.61    0.75
-210719.410    -0.228    -0.80    0.77
-210343.081    -0.525    -0.79    0.68
-209966.690    -0.822    -0.79    0.73
-209590.237    -1.136    -0.83    0.67
-209213.723    -1.376    -0.64    0.58
-208837.146    -1.594    -0.58    0.53
-208460.507    -1.707    -0.30    0.57
-208083.806    -1.846    -0.37    0.63
-207707.043    -2.000    -0.41    0.60
-207330.218    -2.086    -0.23    0.58
-206953.330    -2.206    -0.32    0.51
-206576.381    -2.211    -0.01    0.53
-206199.369    -2.224    -0.03    0.56
-205822.295    -2.211     0.03    0.60
-205445.159    -2.246    -0.09    0.57
-205067.960    -2.348    -0.27    0.57
-204690.700    -2.647    -0.79    0.59
-204313.376    -2.891    -0.65    0.59
-203935.991    -3.149    -0.68    0.50
-203558.543    -3.326    -0.47    0.43
-203181.032    -3.484    -0.42    0.28
-202803.459    -3.566    -0.22    0.00
-202425.824    -3.566     0.00    0.00
-202048.126    -3.566     0.00    0.00
-201670.365    -3.566     0.00    0.00
-201292.541    -3.566     0.00    0.00
-200914.656    -3.566     0.00    0.00
-200536.707    -3.566     0.00    0.00
-200158.695    -3.566     0.00    0.00
-199780.621    -3.566     0.00    0.00
-199402.484    -3.566     0.00    0.00
-199024.285    -3.566     0.00    0.00
-198646.022    -3.566     0.00    0.00
-198267.697    -3.566     0.00    0.00
-197889.308    -3.566     0.00    0.00
-197510.857    -3.566     0.00    0.00
-197132.343    -3.566     0.00    0.00
-196753.766    -3.449     0.31    0.32
-196375.125    -3.254     0.51    0.47
-195996.422    -2.961     0.78    0.49
-195617.656    -2.539     1.11    0.54
-195238.826    -2.099     1.16    0.60
-194859.933    -1.607     1.30    0.73
-194480.977    -0.946     1.74    0.82
-194101.958    -0.247     1.84    0.84
-193722.876     0.609     2.26    1.04
-193343.730     1.583     2.57    1.04
-192964.521     2.716     2.99    1.70
-192585.249     4.644     5.08    2.97
-192205.913     5.940     3.42    3.13
-191826.514     6.759     2.16    3.04
-191447.051     6.861     0.27    2.97
-191067.525     6.181    -1.79    2.49
-190688.197     5.381    -2.11    1.97
-190320.828     4.499    -2.40    1.22
-189953.400     4.191    -0.84    0.81
-189585.913     4.080    -0.30    0.48
-189218.367     4.123     0.12    0.47
-188850.761     4.143     0.05    0.46
-188483.097     4.074    -0.19    0.48
-188115.373     4.113     0.11    0.47
-187747.590     4.207     0.26    0.42
-187379.748     4.368     0.44    0.25
-187011.846     4.434     0.18    0.00
-186643.885     4.394    -0.11    0.20
-186275.865     3.960    -1.18    1.14
-185907.786     3.447    -1.39    1.57
-185539.647     3.184    -0.71    1.74
-185171.448     3.052    -0.36    1.78
-184803.191     2.914    -0.38    1.84
-184434.873     2.741    -0.47    1.87
-184066.497     2.287    -1.23    1.89
-183698.060     1.707    -1.58    1.76
-183329.565     1.254    -1.23    1.51
-182961.009     0.927    -0.89    1.19
-182592.394     0.694    -0.63    0.85
-182223.720     0.537    -0.43    0.52
-181854.985     0.434    -0.28    0.00
-181486.191     0.434     0.00    0.00
-181117.337     0.434     0.00    0.00
-180748.424     0.234    -0.54    0.43
-180379.450    -0.176    -1.11    0.75
-180010.417    -0.753    -1.56    0.82
-179641.324    -1.198    -1.21    0.61
-179272.171    -1.474    -0.75    0.29
-178902.958    -1.566    -0.25    0.00
-178533.685    -1.566     0.00    0.00
-178164.353    -1.566     0.00    0.00
-177794.960    -1.566     0.00    0.00
-177425.507    -1.566     0.00    0.00
-177055.994    -1.566     0.00    0.00
-176686.421    -1.566     0.00    0.00
-176316.788    -1.553     0.04    0.12
-175947.095    -1.502     0.14    0.25
-175577.341    -1.433     0.19    0.34
-175207.528    -1.384     0.13    0.39
-174837.654    -1.316     0.18    0.44
-174467.720    -1.267     0.13    0.46
-174097.725    -1.124     0.39    0.50
-173727.670    -0.895     0.62    0.47
-173357.555    -0.605     0.78    0.50
-172987.380    -0.474     0.35    0.41
-172617.144    -0.434     0.11    0.44
-172246.847    -0.345     0.24    0.50
-171876.490    -0.246     0.27    0.47
-171506.073    -0.105     0.38    0.50
-171135.595     0.101     0.55    0.64
-170765.056     0.356     0.69    0.82
-170394.457     0.824     1.26    1.13
-170023.797     1.122     0.81    1.38
-169653.077     1.088    -0.09    1.37
-169282.296     0.837    -0.68    1.07
-168911.454     0.344    -1.33    0.76
-168540.551    -0.150    -1.33    0.83
-168169.588    -0.419    -0.72    0.91
-167798.563    -0.286     0.36    1.45
-167427.478     0.829     3.00    2.33
-167056.332     2.381     4.18    2.22
-166685.126     3.811     3.85    1.20
-166313.858     4.343     1.43    0.29
-165942.529     4.434     0.24    0.00
-165571.139     4.395    -0.10    0.19
-165199.688     4.304    -0.25    0.34
-164828.177     4.395     0.24    0.82
-164456.604     5.187     2.13    2.09
-164084.970     6.013     2.22    2.85
-163713.274     6.902     2.39    2.91
-163341.518     7.529     1.68    2.89
-162969.700     7.712     0.49    2.96
-162597.821     7.434    -0.75    2.88
-162225.881     6.729    -1.90    2.81
-161853.880     5.789    -2.53    2.30
-161481.817     5.013    -2.09    1.34
-161109.693     5.013     0.00    1.44
-160737.508     5.066     0.14    1.64
-160365.261     5.002    -0.17    1.52
-159992.952     4.269    -1.97    1.33
-159620.582     3.379    -2.39    1.38
-159248.151     2.709    -1.80    1.44
-158875.658     2.228    -1.29    1.21
-158503.103     2.434     0.55    1.23
-158130.487     3.023     1.58    1.28
-157757.809     3.710     1.84    1.05
-157385.070     4.277     1.52    0.37
-157012.269     4.184    -0.25    0.64
-156639.406     3.735    -1.20    1.20
-156266.481     3.049    -1.84    1.44
-155893.495     2.407    -1.72    1.33
-155520.446     1.871    -1.43    1.00
-155147.336     1.514    -0.96    0.43
-154774.164     1.434    -0.21    0.00
-154400.930     1.434     0.00    0.00
-154027.634     1.434     0.00    0.00
-153654.276     1.434     0.00    0.00
-153280.856     1.434     0.00    0.00
-152907.374     1.434     0.00    0.00
-152533.830     1.434     0.00    0.00
-152160.224     1.434     0.00    0.00
-151786.556     1.434     0.00    0.00
-151412.825     1.434     0.00    0.00
-151039.033     1.434     0.00    0.00
-150665.178     1.434     0.00    0.00
-150291.260     1.434     0.00    0.00
-149917.281     1.434     0.00    0.00
-149543.239     1.434     0.00    0.00
-149169.135     1.434     0.00    0.00
-148794.968     1.434     0.00    0.00
-148420.739     1.434     0.00    0.00
-148046.448     1.434     0.00    0.00
-147672.094     1.434     0.00    0.00
-147297.677     1.434     0.00    0.00
-146923.198     1.434     0.00    0.00
-146548.657     1.434     0.00    0.00
-146174.053     2.668     3.29    2.74
-145799.386     3.886     3.25    3.40
-145424.656     4.733     2.26    3.22
-145049.864     5.314     1.55    2.82
-144675.009     4.928    -1.03    2.42
-144300.091     4.488    -1.17    1.84
-143925.110     4.940     1.21    2.36
-143550.067     4.973     0.09    2.27
-143174.961     4.577    -1.06    1.68
-142799.792     4.293    -0.76    1.20
-142424.559     4.206    -0.23    1.11
-142049.264     4.857     1.73    1.78
-141673.906     5.187     0.88    2.03
-141298.485     4.603    -1.56    2.76
-140923.001     3.434    -3.11    3.00
-140547.454     1.696    -4.63    2.09
-140171.843     0.745    -2.53    0.83
-139796.170     0.806     0.16    0.99
-139420.433     0.866     0.16    1.06
-139044.633     1.707     2.24    1.74
-138668.770     2.601     2.38    1.92
-138292.843     3.487     2.36    1.62
-137916.853     4.312     2.20    0.33
-137540.800     4.221    -0.24    0.41
-137164.683     4.245     0.06    0.39
-136788.503     4.259     0.04    0.38
-136412.260     4.327     0.18    0.31
-136035.953     4.421     0.25    0.11
-135659.583     4.395    -0.07    0.19
-135283.149     4.383    -0.03    0.22
-134906.651     4.383    -0.00    0.22
-134530.090     4.343    -0.11    0.29
-134153.465     4.370     0.07    0.25
-133776.776     4.342    -0.07    0.29
-133400.024     4.359     0.05    0.27
-133023.208     4.501     0.38    0.30
-132646.328     4.588     0.23    0.43
-132269.385     4.612     0.06    0.59
-131892.377     4.629     0.04    0.73
-131515.306     4.612    -0.04    0.77
-131138.171     4.793     0.48    0.82
-130760.972     5.123     0.88    1.01
-130383.709     5.472     0.92    1.24
-130006.382     6.122     1.72    1.68
-129628.991     7.143     2.70    2.35
-129251.535     8.512     3.63    2.65
-128874.016     9.844     3.53    2.24
-128496.433    10.966     2.97    1.10
-128118.785    11.187     0.59    0.49
-127741.073    10.934    -0.67    0.68
-127363.297    10.799    -0.36    0.69
-126985.457    10.909     0.29    0.66
-126607.552    11.212     0.80    0.42
-126229.583    11.421     0.55    0.11
-125851.550    11.353    -0.18    0.36
-125473.452    11.148    -0.54    0.67
-125095.290    10.883    -0.70    0.86
-124717.063    10.772    -0.29    0.90
-124338.772    10.690    -0.21    0.93
-123960.417    10.382    -0.81    1.56
-123581.996     8.921    -3.86    3.62
-123203.512     6.618    -6.08    5.22
-122824.962     3.257    -8.88    5.56
-122446.348     0.697    -6.76    4.64
-122067.669    -1.449    -5.67    2.50
-121688.925    -2.539    -2.88    0.16
-121310.117    -2.566    -0.07    0.00
-120931.244    -2.566     0.00    0.00
-120552.306    -2.566     0.00    0.00
-120173.303    -2.566     0.00    0.00
-119794.235    -2.566     0.00    0.00
-119415.103    -2.566     0.00    0.00
-119035.905    -2.566     0.00    0.00
-118656.642    -2.566     0.00    0.00
-118277.315    -2.566     0.00    0.00
-117897.922    -2.566     0.00    0.00
-117518.464    -2.448     0.31    0.33
-117138.941    -1.004     3.80    2.61
-116759.353     0.267     3.35    2.90
-116379.699     1.396     2.97    2.73
-115999.981     2.339     2.48    2.31
-115629.712     2.011    -0.89    2.35
-115262.470     2.569     1.52    2.25
-114895.168     3.356     2.14    1.90
-114527.806     3.826     1.28    1.52
-114160.383     4.346     1.42    0.48
-113792.899     4.434     0.24    0.00
-113425.355     4.434     0.00    0.00
-113057.750     4.353    -0.22    0.32
-112690.084     4.257    -0.26    0.47
-112322.358     4.218    -0.11    0.53
-111954.570     4.187    -0.08    0.52
-111586.722     4.154    -0.09    0.56
-111218.813     4.168     0.04    0.50
-110850.843     4.047    -0.33    0.52
-110482.813     3.884    -0.44    0.50
-110114.721     3.754    -0.35    0.50
-109746.568     4.165     1.12    1.02
-109378.355     5.135     2.64    1.72
-109010.080     6.788     4.49    2.22
-108641.744     8.382     4.33    1.89
-108273.347     9.759     3.74    1.33
-107904.889    10.658     2.44    1.01
-107536.370    12.447     4.85    2.77
-107167.790    14.421     5.36    3.63
-106799.149    16.850     6.59    3.35
-106430.446    18.636     4.85    1.93
-106061.682    19.383     2.03    0.22
-105692.856    19.434     0.14    0.00
-105323.970    19.434     0.00    0.00
-104955.022    19.434     0.00    0.00
-104586.012    19.434     0.00    0.00
-104216.942    19.434     0.00    0.00
-103847.809    19.434     0.00    0.00
-103478.615    19.434     0.00    0.00
-103109.360    19.346    -0.24    0.28
-102740.043    19.234    -0.30    0.51
-102370.665    19.152    -0.22    0.87
-102001.225    19.165     0.03    0.99
-101631.723    19.447     0.76    0.53
-101262.160    19.485     0.10    0.27
-100892.534    19.421    -0.17    0.20
-100522.848    19.382    -0.11    0.22
-100153.099    19.331    -0.14    0.41
 -99783.289    19.497     0.45    0.58
 -99413.416    19.742     0.66    0.65
 -99043.482    19.814     0.19    0.63
 -98673.486    19.850     0.10    0.71
 -98303.428    19.421    -1.16    1.33
 -97933.308    18.737    -1.85    1.71
 -97563.126    18.616    -0.33    1.70
 -97192.882    18.883     0.72    1.39
 -96822.576    19.152     0.73    0.90
 -96452.208    19.383     0.62    0.36
 -96081.778    19.358    -0.07    0.31
 -95711.286    18.947    -1.11    1.20
 -95340.731    18.244    -1.90    2.04
 -94970.114    17.447    -2.15    2.42
 -94599.436    16.626    -2.21    2.56
 -94228.694    16.105    -1.41    2.89
 -93857.891    15.024    -2.92    3.44
 -93487.025    13.408    -4.36    3.94
 -93116.096    13.143    -0.72    4.05
 -92745.106    13.908     2.06    4.34
 -92374.053    15.801     5.10    4.33
 -92002.937    18.152     6.33    2.29
 -91631.759    18.193     0.11    2.38
 -91260.518    16.819    -3.70    3.17
 -90889.215    15.785    -2.78    3.13
 -90517.849    15.473    -0.84    2.86
 -90146.421    15.485     0.03    2.74
 -89774.930    15.343    -0.38    2.62
 -89403.376    15.780     1.18    2.66
 -89031.760    15.344    -1.17    2.87
 -88660.081    14.359    -2.65    3.06
 -88288.339    12.859    -4.03    2.94
 -87916.534    11.254    -4.32    2.28
 -87544.666     9.537    -4.62    1.99
 -87172.735     9.105    -1.16    2.46
 -86800.742    10.343     3.33    4.46
 -86428.686    11.870     4.10    5.30
 -86056.566    15.084     8.64    4.70
 -85684.384    17.696     7.02    2.40
 -85312.138    18.046     0.94    1.66
 -84939.830    17.668    -1.02    1.56
 -84567.458    16.408    -3.38    2.62
 -84195.023    15.000    -3.78    2.84
 -83822.525    13.216    -4.79    2.30
 -83449.964    11.780    -3.85    1.66
 -83077.340    11.284    -1.33    2.18
 -82704.652    12.062     2.09    3.51
 -82331.901    13.016     2.56    4.35
 -81959.087    13.526     1.37    4.07
 -81586.209    12.584    -2.53    4.53
 -81213.268     9.967    -7.02    4.65
 -80840.263     7.067    -7.78    3.54
 -80467.195     4.998    -5.55    1.33
 -80094.064     5.434     1.17    2.10
 -79720.869     6.767     3.57    3.32
 -79347.610     9.259     6.68    4.76
 -78974.288    11.789     6.78    4.67
 -78600.902    14.109     6.21    3.88
 -78227.453    16.164     5.50    3.72
 -77853.939    17.409     3.33    3.32
 -77480.362    18.821     3.78    1.71
 -77106.722    19.669     2.27    0.84
 -76733.017    20.096     1.14    1.04
 -76359.249    20.878     2.09    1.80
 -75985.417    22.015     3.04    2.32
 -75611.521    23.359     3.59    2.53
 -75237.561    24.581     3.27    2.36
 -74863.537    25.538     2.56    1.89
 -74489.449    26.135     1.60    1.78
 -74115.297    25.978    -0.42    1.65
 -73741.081    25.733    -0.66    1.63
 -73366.801    25.559    -0.46    1.44
 -72992.456    25.577     0.05    1.16
 -72618.048    25.780     0.54    0.89
 -72243.575    25.996     0.58    0.59
 -71869.039    25.921    -0.20    0.62
 -71494.438    25.486    -1.16    1.10
 -71119.772    24.703    -2.09    1.72
 -70745.042    22.947    -4.69    2.44
 -70370.248    21.703    -3.32    2.46
 -69995.390    20.472    -3.28    2.02
 -69620.467    19.269    -3.21    0.88
 -69245.480    18.344    -2.47    1.33
 -68870.428    17.291    -2.81    1.48
 -68495.312    16.271    -2.72    1.05
 -68120.131    15.723    -1.46    0.61
 -67744.885    15.571    -0.40    0.41
 -67369.575    15.312    -0.69    0.94
 -66994.200    14.577    -1.96    1.48
 -66618.761    13.763    -2.17    1.49
 -66243.256    13.071    -1.84    1.12
 -65867.687    12.583    -1.30    0.39
 -65492.054    12.471    -0.30    0.25
 -65116.355    12.327    -0.38    0.35
 -64740.592    12.101    -0.60    0.47
 -64364.763    11.801    -0.80    0.49
 -63988.870    11.548    -0.67    0.32
 -63612.912    11.472    -0.20    0.19
 -63236.888    11.571     0.26    0.35
 -62860.800    11.629     0.15    0.40
 -62484.647    11.586    -0.11    0.36
 -62108.428    11.534    -0.14    0.30
 -61732.145    11.434    -0.27    0.16
 -61355.796    11.371    -0.17    0.25
 -60979.382    11.267    -0.27    0.38
 -60602.903    11.009    -0.69    0.55
 -60226.358    10.802    -0.55    0.67
 -59849.748    10.535    -0.71    0.81
 -59473.073    10.187    -0.92    0.96
 -59096.333     9.814    -0.99    1.30
 -58719.527     9.110    -1.87    1.76
 -58342.655     7.834    -3.38    2.24
 -57965.718     6.556    -3.39    2.05
 -57588.716     5.496    -2.81    1.69
 -57211.648     4.847    -1.72    1.20
 -56834.515     4.546    -0.80    0.66
 -56457.316     4.434    -0.30    0.58
 -56080.051     4.396    -0.10    0.61
 -55702.721     4.524     0.34    0.74
 -55325.324     4.538     0.04    0.75
 -54947.862     4.586     0.13    0.68
 -54570.335     4.497    -0.23    0.56
 -54192.741     4.397    -0.27    0.51
 -53815.082     4.293    -0.28    0.39
 -53437.357     4.284    -0.02    0.36
 -53059.566     4.250    -0.09    0.39
 -52681.708     4.234    -0.04    0.40
 -52303.785     4.204    -0.08    0.42
 -51925.796     4.209     0.01    0.42
 -51547.741     4.197    -0.03    0.43
 -51169.620     4.199     0.01    0.43
 -50791.432     4.226     0.07    0.41
 -50413.178     4.246     0.05    0.39
 -50034.859     4.117    -0.34    0.59
 -49656.473     4.071    -0.12    0.64
 -49278.020     3.989    -0.22    0.72
 -48899.502     3.921    -0.18    0.76
 -48520.917     3.991     0.18    0.75
 -48142.265     4.062     0.19    0.70
 -47763.547     4.021    -0.11    0.69
 -47384.763     3.887    -0.35    0.84
 -47005.912     3.734    -0.40    1.02
 -46626.995     3.539    -0.51    1.08
 -46248.011     3.669     0.34    1.04
 -45868.961     3.763     0.25    1.05
 -45489.844     3.796     0.09    1.01
 -45110.660     3.868     0.19    0.96
 -44731.410     3.921     0.14    0.99
 -44352.093     3.730    -0.50    1.03
 -43972.709     3.634    -0.25    1.10
 -43593.258     3.524    -0.29    1.13
 -43213.741     3.395    -0.34    1.22
 -42834.156     3.534     0.36    1.21
 -42454.505     3.421    -0.30    1.23
 -42074.787     3.788     0.97    1.12
 -41695.002     4.144     0.94    0.80
 -41315.149     3.784    -0.95    1.06
 -40941.423     3.447    -0.90    1.21
 -40574.374     3.348    -0.27    1.42
 -40207.264     3.096    -0.68    1.41
 -39840.091     2.871    -0.61    1.39
 -39472.857     2.566    -0.83    1.26
 -39105.560     2.372    -0.53    0.87
 -38738.201     2.394     0.06    0.93
 -38370.780     2.546     0.41    0.93
 -38003.296     2.763     0.59    0.87
 -37635.751     2.946     0.50    0.78
 -37268.143     3.054     0.29    0.72
 -36900.473     3.146     0.25    0.66
 -36532.740     3.280     0.36    0.51
 -36164.945     3.371     0.25    0.24
 -35797.087     3.345    -0.07    0.29
 -35429.167     3.359     0.04    0.27
 -35061.185     3.422     0.17    0.11
 -34693.140     3.434     0.03    0.00
 -34325.033     3.434     0.00    0.00
 -33956.862     3.434     0.00    0.00
 -33588.630     3.434     0.00    0.00
 -33220.334     3.434     0.00    0.00
 -32851.976     3.434     0.00    0.00
 -32483.556     3.434     0.00    0.00
 -32115.072     3.434     0.00    0.00
 -31746.526     3.434     0.00    0.00
 -31377.917     3.434     0.00    0.00
 -31009.245     3.434     0.00    0.00
 -30640.510     3.434     0.00    0.00
 -30271.712     3.434     0.00    0.00
 -29902.851     3.434     0.00    0.00
 -29533.928     3.434     0.00    0.00
 -29164.941     3.434     0.00    0.00
 -28795.891     3.434     0.00    0.00
 -28426.778     3.434     0.00    0.00
 -28057.603     3.434     0.00    0.00
 -27688.363     3.434     0.00    0.00
 -27319.061     3.434     0.00    0.00
 -26949.696     3.434     0.00    0.00
 -26580.267     3.434     0.00    0.00
 -26210.775     3.409    -0.07    0.23
 -25841.220     3.434     0.07    0.00
 -25471.601     3.434     0.00    0.00
 -25101.919     3.434     0.00    0.00
 -24732.174     3.422    -0.03    0.11
 -24362.365     3.394    -0.07    0.20
 -23992.493     3.421     0.07    0.20
 -23622.557     3.513     0.25    0.27
 -23252.558     3.557     0.12    0.33
 -22882.495     3.434    -0.33    0.69
 -22512.369     3.249    -0.50    0.87
 -22142.178     2.888    -0.97    1.07
 -21771.925     2.928     0.11    1.21
 -21401.607     3.254     0.88    1.17
 -21031.226     3.521     0.72    1.25
 -20660.781     3.908     1.04    0.87
 -20290.272     3.921     0.04    1.01
 -19919.700     3.742    -0.49    1.25
 -19549.063     3.755     0.04    1.29
 -19178.363     4.203     1.21    0.84
 -18807.599     4.446     0.66    0.34
 -18436.770     4.369    -0.21    0.41
 -18065.878     4.310    -0.16    0.43
 -17694.922     4.814     1.36    1.60
 -17323.902     5.829     2.74    2.55
 -16952.817     7.062     3.32    3.04
 -16581.669     8.484     3.83    2.82
 -16210.456     9.122     1.72    2.57
 -15839.179     8.101    -2.75    3.63
 -15467.838     7.105    -2.68    3.99
 -15096.432     5.275    -4.93    3.99
 -14724.962     3.588    -4.54    3.26
 -14353.428     2.671    -2.47    2.50
 -13981.830     1.694    -2.63    1.87
 -13610.167     0.952    -1.99    1.72
 -13238.440     0.358    -1.60    1.69
 -12866.648    -0.307    -1.79    1.58
 -12494.792    -0.513    -0.56    1.33
 -12122.871    -0.129     1.03    1.38
 -11750.886     0.278     1.09    1.42
 -11378.836     0.150    -0.34    1.46
 -11006.721    -0.501    -1.75    1.29
 -10634.542    -1.383    -2.37    1.10
 -10262.298    -2.112    -1.96    0.77
  -9889.989    -2.579    -1.25    0.83
  -9517.616    -2.953    -1.00    0.77
  -9145.178    -3.166    -0.57    0.72
  -8772.674    -3.319    -0.41    0.61
  -8400.107    -3.432    -0.30    0.44
  -8027.474    -3.539    -0.29    0.16
  -7654.776    -3.566    -0.07    0.00
  -7282.013    -3.461     0.28    0.42
  -6909.185    -3.048     1.11    0.84
  -6536.292    -2.513     1.43    0.95
  -6163.334    -1.986     1.41    0.76
  -5790.311    -1.645     0.91    0.36
  -5417.223    -1.628     0.05    0.33
  -5044.070    -1.579     0.13    0.11
  -4670.851    -1.566     0.04    0.00
  -4297.567    -1.566     0.00    0.00
  -3924.218    -1.566     0.00    0.00
  -3550.803    -1.566     0.00    0.00
  -3177.324    -1.566     0.00    0.00
  -2803.778    -1.566     0.00    0.00
  -2430.168    -1.566     0.00    0.00
  -2056.492    -1.566     0.00    0.00
  -1682.750    -1.766    -0.54    0.60
  -1308.943    -2.241    -1.27    0.95
   -935.070    -2.776    -1.43    0.98
   -561.132    -3.338    -1.50    0.64
   -187.128    -3.266     0.19    0.99
    186.941    -0.414     7.62    8.90
    561.077     8.621    24.15   19.98
    935.278    21.884    35.44   23.69
   1309.544    33.113    30.00   21.65
   1683.877    42.471    25.00   16.89
   2058.275    44.345     5.01   15.76
   2432.740    49.109    12.72   15.83
   2807.270    56.171    18.86   14.49
   3181.866    59.298     8.35   13.08
   3556.528    60.878     4.22   13.41
   3931.256    65.039    11.10   15.11
   4306.051    69.370    11.56   15.03
   4680.911    71.021     4.41   12.92
   5055.837    69.273    -4.66   15.21
   5430.830    62.385   -18.37   19.03
   5805.889    52.092   -27.44   17.84
   6181.014    41.582   -28.02   15.22
   6556.205    31.486   -26.91   12.47
   6931.462    21.792   -25.83   12.28
   7306.786    13.486   -22.13   10.07
   7682.176     7.496   -15.96    5.69
   8057.633     5.021    -6.59    1.77
   8433.156     5.175     0.41    1.39
   8808.746     5.785     1.63    2.17
   9184.402     6.656     2.32    2.57
   9560.124     8.135     3.94    4.24
   9935.913    10.105     5.24   10.29
  10311.769    12.566     6.55   13.24
  10687.692    12.659     0.25   13.30
  11063.681    13.471     2.16   12.49
  11439.737    13.482     0.03   10.78
  11815.859    14.054     1.52    9.44
  12192.049    15.459     3.73    8.29
  12568.305    16.269     2.15    8.39
  12944.628    16.310     0.11    9.92
  13321.018    16.582     0.72   11.91
  13697.475    18.014     3.80   14.43
  14073.999    17.631    -1.02   13.58
  14450.590    15.535    -5.57   11.09
  14827.247    14.829    -1.87    9.77
  15203.973    12.206    -6.96    7.80
  15580.765    10.603    -4.26    7.04
  15957.624     9.459    -3.03    6.34
  16334.550     8.109    -3.58    4.49
  16711.544     7.737    -0.99    4.80
  17088.605     6.965    -2.05    5.42
  17465.733     5.139    -4.84    5.29
  17842.929     2.780    -6.26    3.75
  18220.192     1.118    -4.40    2.19
  18597.522     0.286    -2.21    1.36
  18974.920    -0.123    -1.08    0.83
  19352.385    -0.173    -0.13    0.94
  19729.918    -0.186    -0.03    1.00
  20107.518    -0.466    -0.74    0.47
  20485.186    -0.604    -0.36    0.19
  20862.922    -0.665    -0.16    0.30
  21240.725    -0.702    -0.10    0.34
  21618.596    -0.651     0.13    0.28
  21996.534    -0.591     0.16    0.16
  22374.541    -0.616    -0.07    0.22
  22752.615    -0.640    -0.06    0.26
  23130.757    -0.617     0.06    0.22
  23508.967    -0.566     0.13    0.00
  23887.245    -0.593    -0.07    0.16
  24265.591    -0.639    -0.12    0.26
  24644.004    -0.645    -0.02    0.27
  25022.486    -0.661    -0.04    0.30
  25401.036    -0.733    -0.19    0.38
  25779.654    -0.727     0.02    0.37
  26158.340    -0.731    -0.01    0.37
  26537.094    -0.749    -0.05    0.39
  26915.917    -0.714     0.09    0.36
  27294.807    -0.737    -0.06    0.38
  27673.766    -0.850    -0.30    0.53
  28052.794    -1.288    -1.15    1.05
  28431.889    -1.712    -1.12    1.34
  28811.053    -2.224    -1.35    1.39
  29190.286    -2.780    -1.47    1.23
  29569.587    -3.150    -0.98    0.95
  29948.956    -3.467    -0.84    0.44
  30328.394    -3.566    -0.26    0.00
  30707.901    -3.566     0.00    0.00
  31087.476    -3.566     0.00    0.00
  31467.120    -3.566     0.00    0.00
  31846.832    -3.566     0.00    0.00
  32226.613    -3.554     0.03    0.11
  32606.463    -3.443     0.29    0.48
  32986.382    -3.164     0.73    0.87
  33366.370    -2.727     1.15    1.16
  33743.850    -2.341     1.02    1.26
  34110.700    -1.788     1.51    1.21
  34477.612    -1.294     1.35    0.97
  34844.589    -0.993     0.82    0.75
  35211.629    -0.949     0.12    0.73
  35578.733    -0.841     0.29    0.62
  35945.900    -0.773     0.18    0.56
  36313.132    -0.667     0.29    0.38
  36680.427    -0.578     0.24    0.11
  37047.786    -0.566     0.03    0.00
  37415.208    -0.566     0.00    0.00
  37782.695    -0.566     0.00    0.00
  38150.246    -0.566     0.00    0.00
  38517.860    -0.566     0.00    0.00
  38885.539    -0.566     0.00    0.00
  39253.281    -0.566     0.00    0.00
  39621.088    -0.566     0.00    0.00
  39988.958    -0.566     0.00    0.00
  40356.893    -0.566     0.00    0.00
  40724.892    -0.566     0.00    0.00
  41092.955    -0.702    -0.37    0.49
  41461.082    -0.857    -0.42    0.68
  41829.274    -0.911    -0.15    0.72
  42197.530    -0.949    -0.10    0.72
  42565.850    -0.904     0.12    0.69
  42934.235    -0.850     0.15    0.64
  43302.684    -1.127    -0.75    0.85
  43671.197    -1.127     0.00    0.80
  44039.775    -1.090     0.10    0.80
  44408.417    -0.984     0.29    0.76
  44777.124    -0.603     1.03    0.19
  45145.895    -0.652    -0.14    0.28
  45514.731    -0.773    -0.33    0.41
  45883.632    -0.875    -0.27    0.46
  46252.597    -0.986    -0.30    0.50
  46621.627    -0.891     0.26    0.47
  46990.722    -0.718     0.47    0.36
  47359.881    -0.615     0.28    0.22
  47729.106    -0.566     0.13    0.00
  48098.395    -0.566     0.00    0.00
  48467.749    -0.491     0.20    0.27
  48837.168    -0.301     0.51    0.44
  49206.651     0.171     1.28    0.82
  49576.200     1.134     2.60    1.37
  49945.814     2.165     2.79    1.30
  50315.493     2.672     1.37    1.51
  50685.237     3.005     0.90    1.74
  51055.046     3.373     0.99    1.82
  51424.920     3.802     1.16    1.61
  51794.859     4.323     1.41    0.63
  52164.864     4.434     0.30    0.00
  52534.934     4.434     0.00    0.00
  52905.069     4.381    -0.14    0.22
  53275.269     4.190    -0.52    0.43
  53645.535     3.953    -0.64    0.50
  54015.866     3.696    -0.70    0.44
  54386.262     3.512    -0.50    0.27
  54756.724     3.434    -0.21    0.00
  55127.252     3.434     0.00    0.00
  55497.845     3.434     0.00    0.00
  55868.504     3.434     0.00    0.00
  56239.228     3.434     0.00    0.00
  56610.018     3.434     0.00    0.00
  56980.873     3.434     0.00    0.00
  57351.794     3.155    -0.75    0.88
  57722.781     2.714    -1.19    1.28
  58093.834     2.537    -0.48    1.35
  58464.952     2.446    -0.24    1.45
  58836.137     2.548     0.27    1.47
  59207.387     2.660     0.30    1.48
  59578.703     2.508    -0.41    1.60
  59950.085     2.224    -0.76    1.73
  60321.533     2.002    -0.60    1.81
  60693.047     1.693    -0.83    1.90
  61064.627     1.546    -0.39    1.94
  61436.273     1.446    -0.27    1.89
  61807.986     1.471     0.07    1.92
  62179.764     1.265    -0.55    1.94
  62551.609     1.206    -0.16    1.95
  62923.520     1.117    -0.24    1.89
  63295.497     1.125     0.02    1.90
  63667.540     0.940    -0.50    1.93
  64039.650     0.928    -0.03    1.98
  64411.826     0.863    -0.17    1.94
  64784.069     0.903     0.11    1.96
  65156.378     0.817    -0.23    1.97
  65528.753     0.871     0.15    2.00
  65901.195     0.723    -0.40    2.00
  66273.704     0.495    -0.61    2.08
  66646.279     0.249    -0.66    2.03
  67018.921     0.014    -0.63    2.14
  67391.629    -0.460    -1.27    2.19
  67764.404    -0.891    -1.16    2.04
  68137.246    -1.418    -1.41    1.88
  68510.155    -1.813    -1.06    1.61
  68883.130    -2.209    -1.06    1.45
  69256.172    -2.515    -0.82    1.38
  69629.281    -2.825    -0.83    1.20
  70002.457    -3.004    -0.48    1.07
  70375.700    -3.265    -0.70    0.76
  70749.010    -3.439    -0.47    0.49
  71122.387    -3.542    -0.27    0.15
  71495.831    -3.566    -0.06    0.00
  71869.342    -3.418     0.40    0.42
  72242.920    -3.154     0.71    0.79
  72616.566    -2.554     1.60    1.22
  72990.278    -2.004     1.47    1.24
  73364.058    -1.739     0.71    1.14
  73737.905    -1.566     0.46    1.22
  74111.820    -1.804    -0.64    1.44
  74485.801    -1.951    -0.39    1.67
  74859.851    -1.834     0.31    1.96
  75233.967    -1.410     1.13    2.53
  75608.151    -0.260     3.07    2.99
  75982.403     0.603     2.31    2.61
  76356.722     0.868     0.71    2.17
  76731.108     1.472     1.62    1.93
  77105.562     2.017     1.46    1.79
  77480.084     2.229     0.56    1.74
  77854.673     1.788    -1.18    1.88
  78229.331     1.070    -1.91    1.75
  78604.056     0.771    -0.80    1.43
  78978.848     0.776     0.01    1.15
  79353.709     0.592    -0.49    1.07
  79728.637     0.267    -0.87    1.01
  80103.633    -0.456    -1.93    0.86
  80478.698    -1.123    -1.78    0.71
  80853.830    -1.590    -1.25    0.81
  81229.030    -1.862    -0.73    0.66
  81604.298    -1.936    -0.20    0.64
  81979.634    -1.954    -0.05    0.63
  82355.039    -1.879     0.20    0.56
  82730.511    -1.822     0.15    0.52
  83106.052    -1.822     0.00    0.52
  83481.661    -1.688     0.36    0.33
  83857.338    -1.773    -0.23    0.46
  84233.084    -2.029    -0.68    0.55
  84608.898    -2.225    -0.52    0.53
  84984.780    -2.383    -0.42    0.39
  85360.731    -2.331     0.14    0.43
  85736.750    -2.304     0.07    0.44
  86112.837    -2.265     0.10    0.46
  86488.993    -2.397    -0.35    0.38
  86865.218    -2.503    -0.28    0.25
  87241.511    -2.542    -0.10    0.15
  87617.873    -2.517     0.07    0.22
  87994.304    -2.492     0.07    0.35
  88370.803    -2.502    -0.03    0.47
  88747.371    -2.543    -0.11    0.46
  89124.008    -2.592    -0.13    0.43
  89500.714    -2.614    -0.06    0.27
  89877.488    -2.617    -0.01    0.22
  90254.332    -2.578     0.10    0.11
  90631.244    -2.566     0.03    0.00
  91008.225    -2.566     0.00    0.00
  91385.276    -2.566     0.00    0.00
  91762.395    -2.566     0.00    0.00
  92139.584    -2.566     0.00    0.00
  92516.841    -2.566     0.00    0.00
  92894.168    -2.566     0.00    0.00
  93271.564    -2.566     0.00    0.00
  93649.029    -2.566     0.00    0.00
  94026.564    -2.578    -0.03    0.11
  94404.168    -2.566     0.03    0.22
  94781.841    -2.517     0.13    0.31
  95159.584    -2.507     0.03    0.28
  95537.396    -2.383     0.33    0.39
  95915.277    -2.237     0.39    0.47
  96293.228    -2.110     0.33    0.50
  96671.249    -2.013     0.26    0.50
  97049.339    -2.022    -0.02    0.50
  97427.499    -2.151    -0.34    0.50
  97805.728    -2.194    -0.11    0.49
  98184.027    -2.126     0.18    0.50
  98562.396    -2.117     0.02    0.50
  98940.835    -2.066     0.14    0.50
  99319.343    -2.129    -0.17    0.50
  99697.921    -2.147    -0.05    0.50
 100076.570    -2.261    -0.30    0.46
 100455.288    -2.395    -0.35    0.38
 100834.076    -2.371     0.06    0.40
 101212.934    -2.322     0.13    0.43
 101591.862    -2.337    -0.04    0.42
 101970.861    -2.481    -0.38    0.28
 102349.929    -2.554    -0.19    0.11
 102729.067    -2.566    -0.03    0.00
 103108.276    -2.383     0.48    0.39
 103487.555    -2.229     0.41    0.48
 103866.905    -2.084     0.38    0.50
 104246.324    -1.938     0.38    0.49
 104625.814    -1.952    -0.04    0.49
 105005.374    -2.092    -0.37    0.50
 105385.005    -2.190    -0.26    0.49
 105764.707    -2.041     0.39    0.50
 106144.478    -1.867     0.46    0.46
 106524.321    -1.723     0.38    0.37
 106904.234    -1.768    -0.12    0.40
 107284.217    -1.956    -0.49    0.49
 107664.272    -2.060    -0.27    0.50
 108044.397    -2.168    -0.29    0.49
 108424.592    -2.273    -0.28    0.46
 108792.594    -2.325    -0.14    0.43
 109159.304    -2.393    -0.19    0.38
 109526.080    -2.409    -0.04    0.40
 109892.920    -2.542    -0.36    0.47
 110259.826    -2.871    -0.90    0.56
 110626.797    -3.078    -0.56    0.55
 110993.833    -3.217    -0.38    0.48
 111360.935    -3.193     0.07    0.49
 111728.102    -3.104     0.24    0.50
 112095.335    -3.139    -0.10    0.50
 112462.633    -3.220    -0.22    0.48
 112829.996    -3.197     0.06    0.49
 113197.425    -3.169     0.08    0.49
 113564.920    -2.981     0.51    0.50
 113932.480    -2.746     0.64    0.39
 114300.106    -2.601     0.39    0.19
 114667.797    -2.566     0.10    0.00
 115035.555    -2.566     0.00    0.00
 115403.378    -2.566     0.00    0.00
 115771.267    -2.566     0.00    0.00
 116139.221    -2.566     0.00    0.00
 116507.242    -2.566     0.00    0.00
 116875.328    -2.566     0.00    0.00
 117243.480    -2.639    -0.20    0.26
 117611.699    -2.859    -0.60    0.46
 117979.983    -3.024    -0.45    0.50
 118348.333    -3.066    -0.11    0.50
 118716.750    -3.016     0.14    0.50
 119085.232    -2.825     0.52    0.44
 119453.781    -2.639     0.50    0.26
 119822.396    -2.590     0.13    0.15
 120191.077    -2.604    -0.04    0.19
 120559.824    -2.601     0.01    0.19
 120928.637    -2.566     0.10    0.00
 121297.517    -2.566     0.00    0.00
 121666.463    -2.566     0.00    0.00
 122035.476    -2.578    -0.03    0.11
 122404.555    -2.579    -0.00    0.11
 122773.701    -2.578     0.00    0.11
 123142.913    -2.629    -0.14    0.25
 123512.191    -2.637    -0.02    0.26
 123881.536    -2.628     0.03    0.24
 124250.948    -2.626     0.01    0.24
 124620.426    -2.616     0.03    0.22
 124989.971    -2.602     0.04    0.19
 125359.583    -2.590     0.03    0.15
 125729.262    -2.578     0.03    0.11
 126099.007    -2.591    -0.03    0.16
 126468.819    -2.590     0.00    0.15
 126838.698    -2.590     0.00    0.15
 127208.644    -2.590    -0.00    0.16
 127578.657    -2.566     0.07    0.00
 127948.737    -2.578    -0.03    0.11
 128318.883    -2.819    -0.65    0.44
 128689.097    -3.103    -0.77    0.50
 129059.378    -3.361    -0.70    0.41
 129429.726    -3.543    -0.49    0.15
 129800.141    -3.566    -0.06    0.00
 130170.624    -3.566     0.00    0.00
 130541.173    -3.566     0.00    0.00
 130911.790    -3.566     0.00    0.00
 131282.474    -3.566     0.00    0.00
 131653.226    -3.566     0.00    0.00
 132024.045    -3.566     0.00    0.00
 132394.931    -3.566     0.00    0.00
 132765.885    -3.566     0.00    0.00
 133136.906    -3.566     0.00    0.00
 133507.995    -3.566     0.00    0.00
 133879.151    -3.566     0.00    0.00
 134250.375    -3.566     0.00    0.00
 134621.666    -3.566     0.00    0.00
 134993.026    -3.566     0.00    0.00
 135364.453    -3.566     0.00    0.00
 135735.947    -3.566     0.00    0.00
 136107.510    -3.566     0.00    0.00
 136479.140    -3.566     0.00    0.00
 136850.838    -3.566     0.00    0.00
 137222.604    -3.566     0.00    0.00
 137594.438    -3.566     0.00    0.00
 137966.340    -3.566     0.00    0.00
 138338.309    -3.566     0.00    0.00
 138710.347    -3.566     0.00    0.00
 139082.453    -3.566     0.00    0.00
 139454.627    -3.566     0.00    0.00
 139826.870    -3.566     0.00    0.00
 140199.180    -3.566     0.00    0.00
 140571.559    -3.566     0.00    0.00
 140944.006    -3.566     0.00    0.00
 141316.521    -3.566     0.00    0.00
 141689.104    -3.566     0.00    0.00
 142061.756    -3.566     0.00    0.00
 142434.477    -3.566     0.00    0.00
 142807.265    -3.566     0.00    0.00
 143180.123    -3.566     0.00    0.00
 143553.048    -3.566     0.00    0.00
 143926.043    -3.566     0.00    0.00
 144299.106    -3.566     0.00    0.00
 144672.237    -3.566     0.00    0.00
 145045.438    -3.566     0.00    0.00
 145418.707    -3.566     0.00    0.00
 145792.044    -3.566     0.00    0.00
 146165.451    -3.566     0.00    0.00
 146538.926    -3.566     0.00    0.00
 146912.471    -3.566     0.00    0.00
 147286.084    -3.566     0.00    0.00
 147659.766    -3.566     0.00    0.00
 148033.517    -3.566     0.00    0.00
 148407.337    -3.566     0.00    0.00
 148781.226    -3.566     0.00    0.00
 149155.184    -3.566     0.00    0.00
 149529.212    -3.566     0.00    0.00
 149903.308    -3.566     0.00    0.00
 150277.474    -3.566     0.00    0.00
 150651.709    -3.566     0.00    0.00
 151026.013    -3.566     0.00    0.00
 151400.387    -3.566     0.00    0.00
 151774.830    -3.566     0.00    0.00
 152149.342    -3.566     0.00    0.00
 152523.924    -3.566     0.00    0.00
 152898.576    -3.566     0.00    0.00
 153273.296    -3.566     0.00    0.00
 153648.087    -3.566     0.00    0.00
 154022.947    -3.566     0.00    0.00
 154397.876    -3.566     0.00    0.00
 154772.876    -3.566     0.00    0.00
 155147.945    -3.566     0.00    0.00
 155523.084    -3.566     0.00    0.00
 155898.292    -3.566     0.00    0.00
 156273.570    -3.566     0.00    0.00
 156648.919    -3.566     0.00    0.00
 157024.337    -3.566     0.00    0.00
 157399.825    -3.566     0.00    0.00
 157775.383    -3.566     0.00    0.00
 158151.011    -3.566     0.00    0.00
 158526.709    -3.566     0.00    0.00
 158902.478    -3.566     0.00    0.00
 159278.316    -3.566     0.00    0.00
 159654.225    -3.566     0.00    0.00
 160030.203    -3.566     0.00    0.00
 160406.253    -3.566     0.00    0.00
 160782.372    -3.566     0.00    0.00
 161158.562    -3.566     0.00    0.00
 161534.822    -3.566     0.00    0.00
 161911.152    -3.566     0.00    0.00
 162287.553    -3.566     0.00    0.00
 162664.025    -3.566     0.00    0.00
 163040.567    -3.566     0.00    0.00
 163417.179    -3.566     0.00    0.00
 163793.862    -3.566     0.00    0.00
 164170.616    -3.566     0.00    0.00
 164547.441    -3.566     0.00    0.00
 164924.336    -3.566     0.00    0.00
 165301.302    -3.566     0.00    0.00
 165678.339    -3.566     0.00    0.00
 166055.447    -3.566     0.00    0.00
 166432.625    -3.566     0.00    0.00
 166809.875    -3.566     0.00    0.00
 167187.195    -3.566     0.00    0.00
 167564.587    -3.566     0.00    0.00
 167942.049    -3.566     0.00    0.00
 168319.583    -3.566     0.00    0.00
 168697.188    -3.566     0.00    0.00
 169074.863    -3.566     0.00    0.00
 169452.611    -3.566     0.00    0.00
 169830.429    -3.566     0.00    0.00
 170208.319    -3.566     0.00    0.00
 170586.280    -3.566     0.00    0.00
 170964.312    -3.566     0.00    0.00
 171342.416    -3.566     0.00    0.00
 171720.591    -3.566     0.00    0.00
 172098.838    -3.566     0.00    0.00
 172477.156    -3.566     0.00    0.00
 172855.546    -3.566     0.00    0.00
 173234.008    -3.566     0.00    0.00
 173612.541    -3.566     0.00    0.00
 173991.146    -3.566     0.00    0.00
 174369.822    -3.566     0.00    0.00
 174748.570    -3.566     0.00    0.00
 175127.391    -3.566     0.00    0.00
 175506.283    -3.566     0.00    0.00
 175885.247    -3.566     0.00    0.00
 176264.282    -3.566     0.00    0.00
 176643.390    -3.566     0.00    0.00
 177022.570    -3.566     0.00    0.00
 177401.822    -3.566     0.00    0.00
 177781.146    -3.566     0.00    0.00
 178160.542    -3.566     0.00    0.00
 178540.010    -3.566     0.00    0.00
 178919.551    -3.566     0.00    0.00
 179299.164    -3.566     0.00    0.00
 179678.849    -3.566     0.00    0.00
 180058.607    -3.566     0.00    0.00
 180438.436    -3.566     0.00    0.00
 180818.339    -3.566     0.00    0.00
 181198.314    -3.566     0.00    0.00
 181578.361    -3.566     0.00    0.00
 181958.481    -3.566     0.00    0.00
 182338.673    -3.566     0.00    0.00
 182718.938    -3.566     0.00    0.00
 183099.276    -3.566     0.00    0.00
 183471.333    -3.566     0.00    0.00
 183837.833    -3.566     0.00    0.00
 184204.401    -3.566     0.00    0.00
 184571.035    -3.566     0.00    0.00
 184937.736    -3.566     0.00    0.00
 185304.504    -3.566     0.00    0.00
 185671.338    -3.566     0.00    0.00
 186038.240    -3.566     0.00    0.00
 186405.209    -3.566     0.00    0.00
 186772.245    -3.566     0.00    0.00
 187139.348    -3.566     0.00    0.00
 187506.518    -3.566     0.00    0.00
 187873.755    -3.566     0.00    0.00
 188241.059    -3.566     0.00    0.00
 188608.431    -3.566     0.00    0.00
 188975.870    -3.566     0.00    0.00
 189343.376    -3.566     0.00    0.00
 189710.949    -3.566     0.00    0.00
 190078.590    -3.566     0.00    0.00
 190446.299    -3.566     0.00    0.00
 190814.074    -3.566     0.00    0.00
 191181.918    -3.566     0.00    0.00
 191549.829    -3.566     0.00    0.00
 191917.807    -3.566     0.00    0.00
 192285.853    -3.566     0.00    0.00
 192653.967    -3.566     0.00    0.00
 193022.148    -3.566     0.00    0.00
 193390.397    -3.566     0.00    0.00
 193758.714    -3.566     0.00    0.00
 194127.098    -3.566     0.00    0.00
 194495.551    -3.566     0.00    0.00
 194864.071    -3.566     0.00    0.00
 195232.659    -3.566     0.00    0.00
 195601.315    -3.566     0.00    0.00
 195970.039    -3.566     0.00    0.00
 196338.831    -3.566     0.00    0.00
 196707.691    -3.566     0.00    0.00
 197076.620    -3.566     0.00    0.00
 197445.616    -3.566     0.00    0.00
 197814.681    -3.566     0.00    0.00
 198183.813    -3.566     0.00    0.00
 198553.014    -3.566     0.00    0.00
 198922.284    -3.566     0.00    0.00
 199291.621    -3.566     0.00    0.00
 199661.027    -3.566     0.00    0.00
 200030.501    -3.566     0.00    0.00
 200400.044    -3.566     0.00    0.00
 200769.655    -3.566     0.00    0.00
 201139.335    -3.566     0.00    0.00
 201509.083    -3.566     0.00    0.00
 201878.900    -3.566     0.00    0.00
 202248.786    -3.566     0.00    0.00
 202618.740    -3.566     0.00    0.00
 202988.763    -3.566     0.00    0.00
 203358.854    -3.566     0.00    0.00
 203729.015    -3.566     0.00    0.00
 204099.244    -3.566     0.00    0.00
 204469.542    -3.566     0.00    0.00
 204839.909    -3.566     0.00    0.00
 205210.344    -3.566     0.00    0.00
 205580.849    -3.566     0.00    0.00
 205951.423    -3.566     0.00    0.00
 206322.066    -3.566     0.00    0.00
 206692.778    -3.566     0.00    0.00
 207063.559    -3.566     0.00    0.00
 207434.409    -3.566     0.00    0.00
 207805.328    -3.566     0.00    0.00
 208176.317    -3.566     0.00    0.00
 208547.375    -3.566     0.00    0.00
 208918.502    -3.566     0.00    0.00
 209289.699    -3.566     0.00    0.00
 209660.965    -3.566     0.00    0.00
 210032.300    -3.566     0.00    0.00
 210403.705    -3.566     0.00    0.00
 210775.179    -3.566     0.00    0.00
 211146.723    -3.566     0.00    0.00
 211518.337    -3.566     0.00    0.00
 211890.020    -3.566     0.00    0.00
 212261.772    -3.566     0.00    0.00
 212633.595    -3.566     0.00    0.00
 213005.487    -3.566     0.00    0.00
 213377.449    -3.566     0.00    0.00
 213749.481    -3.566     0.00    0.00
 214121.583    -3.566     0.00    0.00
 214493.754    -3.566     0.00    0.00
 214865.996    -3.566     0.00    0.00
 215238.307    -3.566     0.00    0.00
 215610.689    -3.566     0.00    0.00
 215983.140    -3.566     0.00    0.00
 216355.662    -3.566     0.00    0.00
 216728.254    -3.566     0.00    0.00
 217100.916    -3.566     0.00    0.00
 217473.648    -3.566     0.00    0.00
 217846.450    -3.566     0.00    0.00
 218219.323    -3.566     0.00    0.00
 218592.266    -3.566     0.00    0.00
 218965.279    -3.566     0.00    0.00
 219338.363    -3.566     0.00    0.00
 219711.518    -3.566     0.00    0.00
 220084.742    -3.566     0.00    0.00
 220458.038    -3.566     0.00    0.00
 220831.403    -3.566     0.00    0.00
 221204.840    -3.566     0.00    0.00
 221578.347    -3.566     0.00    0.00
 221951.925    -3.566     0.00    0.00
 222325.573    -3.566     0.00    0.00
 222699.293    -3.566     0.00    0.00
 223073.083    -3.566     0.00    0.00
 223446.944    -3.566     0.00    0.00
 223820.876    -3.566     0.00    0.00
 224194.878    -3.566     0.00    0.00
 224568.952    -3.566     0.00    0.00
 224943.097    -3.566     0.00    0.00
 225317.313    -3.566     0.00    0.00
 225691.600    -3.566     0.00    0.00
 226065.958    -3.566     0.00    0.00
 226440.387    -3.566     0.00    0.00
 226814.887    -3.566     0.00    0.00
 227189.459    -3.566     0.00    0.00
 227564.102    -3.566     0.00    0.00
 227938.816    -3.566     0.00    0.00
 228313.602    -3.566     0.00    0.00
 228688.459    -3.566     0.00    0.00
 229063.388    -3.566     0.00    0.00
