# NaN NaN NaN ;Mean Elev.(m), Avg Gradient(m/km), RMS Gradient(m/km) - SRTM1     
#    1.142  -0.738   4.426 ;Mean Elev.(m), Avg Gradient(m/km), RMS Gradient(m/km) - ASTER GDEM
#    9.061  -0.422   0.960 ;Mean Elev.(m), Avg Gradient(m/km), RMS Gradient(m/km) - GMTED2010 
  6 200.033570  62.286092    20.240    20.224 16 52418.90701090 49.190
  7 200.034209  62.294737    25.440    24.814 17 52453.90703501 40.105
  8 200.034996  62.288150    16.223    16.220 16 52488.90701430 48.809
 10 200.033964  62.284937    15.769    15.764 16 52558.90704014 52.847
 11 200.032588  62.295216    13.893    13.885 17 52593.90704023 34.704
 12 200.033797  62.267513    14.231    14.231 11 52628.90697171 29.895
 13 200.034623  62.291739    14.625    14.531 17 52663.90700262 16.829
 14 200.033659  62.264268    13.194    13.038 11 52698.90698232 29.968
 15 200.033942  62.282186    13.283    13.328 15 52733.90700392 22.041
 16 200.032435  62.303304    15.149    15.183 15 52768.90699992 47.228
 17 200.032760  62.270118    18.878    18.910 12 52803.90703100 29.538
 18 200.033071  62.273978    17.446    16.896 12 52838.90709318 18.584
 19 200.035313  62.282470    17.006    17.013 15 52873.90713127 48.899
 20 200.034453  62.288932    16.442    16.429 16 52908.90710928 52.761
 21 200.036330  62.264048    12.790    12.768  9 52943.90704567 47.341
 22 200.033010  62.276362    13.481    13.727 13 52978.90709911 23.440
 23 200.033228  62.296025    14.526    14.899 17 53013.90709400 25.719
 24 200.032847  62.274019    16.045    16.450 13 53048.90706916  7.579
 25 200.031535  62.299183    16.226    16.891 16 53083.90710026 14.255
 26 200.033954  62.282014    13.365    12.472 16 53118.90707347 33.804
 27 200.034848  62.291306    19.157    19.208 17 53153.90712288 18.359
 28 200.032669  62.275144    17.780    17.564 13 53188.90711488 19.673
 29 200.034435  62.290111    15.776    15.725 16 53223.90712733 47.300
 30 200.032092  62.302573    14.788    14.737 15 53258.90710038 47.794
 31 200.034191  62.287245    13.433    12.993 16 53293.90712689 25.899
 32 200.034271  62.287013    12.135    11.993 16 53328.90710042 19.352
 33 200.034070  62.293099    12.980    12.853 16 53363.90705142 21.323
 34 200.034538  62.281927    16.032    16.164 16 53398.90707671  8.175
 35 200.034342  62.294319    17.195    17.007 17 53433.90706509 10.252
 36 200.032668  62.276496    15.345    15.445 14 53468.90710953  8.612
 38 200.034018  62.290397    19.693    19.660 17 53538.90714919 19.445
 39 200.032975  62.296809    17.770    17.428 16 53573.90714682 26.333
 40 200.032007  62.301783    16.355    16.145 15 53608.90709575 35.767
 41 200.032292  62.272748    17.515    16.842 13 53643.90710318 18.180
 42 200.033335  62.295511    13.570    13.565 16 53678.90711709 37.575
 43 200.033026  62.293099    13.237    13.175 17 53713.90704590 21.059
 44 200.034478  62.264329    16.191    16.355 10 53748.90696565  7.481
 45 200.035112  62.286738    13.403    13.265 16 53783.90699219 22.193
 46 200.032479  62.300651    16.878    17.024 15 53818.90695154  6.813
 47 200.035039  62.285092    16.242    16.538 16 53853.90703327  8.781
 48 200.031799  62.272642    20.147    20.016 13 53888.90704384 30.694
 49 200.032989  62.295634    18.874    18.858 17 53923.90710721 50.354
 50 200.031508  62.299494    17.133    16.948 16 53958.90709800 37.798
 51 200.035553  62.262962    16.621    16.563  9 53993.90703477 46.967
 52 200.032599  62.271548    16.267    15.889 13 54028.90709288 20.199
 53 200.033978  62.285509    14.614    14.500 16 54063.90708418 15.812
 54 200.033638  62.298943    15.747    15.521 17 54098.90704878  6.907
 55 200.033183  62.273242    12.669    12.547 13 54133.90701025 23.630
 57 200.032978  62.274923    15.011    15.280 13 54203.90701407 21.153
 58 200.033624  62.283664    16.832    16.173 16 54238.90704697 20.658
 59 200.033192  62.285923    17.976    18.074 16 54273.90706417 15.412
 60 200.034541  62.284915    17.008    17.017 16 54308.90706619 27.988
 61 200.033991  62.297077    17.450    17.466 17 54343.90704152 52.040
 62 200.033380  62.278490    16.200    16.188 15 54378.90700312 28.572
 63 200.033738  62.290681    13.656    13.657 17 54413.90699073 40.815
 64 200.033975  62.275346    13.690    13.331 13 54448.90697037 21.842
 65 200.033972  62.283743    14.990    15.541 16 54483.90698593 13.267
 66 200.033588  62.275773    15.989    16.014 13 54518.90698401  9.083
 68 200.034483  62.282787    11.459    11.457 15 54588.90697829 24.478
 69 200.033867  62.289065    18.843    18.664 16 54623.90699477 18.951
 70 200.034872  62.289776    17.497    17.318 16 54658.90700343 20.794
 71 200.034217  62.292427    18.041    18.043 17 54693.90698359 52.236
 72 200.032694  62.276230    16.033    16.109 13 54728.90695998 25.025
 73 200.034267  62.288152    14.814    14.803 17 54763.90696247 41.813
 74 200.032146  62.272992    14.646    14.584 13 54798.90695414 27.007
 75 200.034092  62.289493    15.363    15.367 17 54833.90695259 13.057
 76 200.033490  62.273412    17.598    17.633 12 54868.90695061  7.598
 77 200.032502  62.297887    18.028    18.055 16 54903.90696072 10.610
 78 200.033839  62.279544    18.303    18.581 15 54938.90694022 10.013
 79 200.034681  62.285087    21.174    21.138 16 54973.90697029 47.787
 80 200.034309  62.292087    19.227    19.229 16 55008.90698344 22.408
 81 200.033702  62.284544    16.269    16.167 16 55043.90697451 29.475
 82 200.032960  62.294585    15.583    15.393 17 55078.90694981 29.666
 83 200.034291  62.280611    15.602    15.677 15 55113.90690774 27.297
 84 200.034325  62.289988    14.139    13.903 16 55148.90690641 27.994
 85 200.033296  62.274892    15.301    16.013 13 55183.90689115 12.876
 86 200.034848  62.293751    15.365    15.691 17 55218.90690344  8.144
 87 200.032117  62.274076    16.267    16.272 13 55253.90688756 13.414
 88 200.032642  62.297572    17.221    17.260 16 55288.90689253  7.488
 89 200.034868  62.290269    13.993    13.441 16 55323.90687149 40.045
 90 200.033917  62.290428    16.356    16.376 17 55358.90687002 52.295
 91 200.034354  62.281227    17.981    17.877 15 55393.90687544 14.849
 92 200.034324  62.284767    18.509    18.513 15 55428.90688674 45.464
 93 200.032758  62.295278    16.549    16.526 17 55463.90684813 24.634
