# NaN NaN NaN ;Mean Elev.(m), Avg Gradient(m/km), RMS Gradient(m/km) - SRTM1     
#   68.366   0.110  30.560 ;Mean Elev.(m), Avg Gradient(m/km), RMS Gradient(m/km) - ASTER GDEM
#   35.848  -0.419  29.989 ;Mean Elev.(m), Avg Gradient(m/km), RMS Gradient(m/km) - GMTED2010 
  7 202.622150  64.813452    36.744    36.758  3 52461.30241355 20.214
  8 202.625275  64.815124    36.834    36.825  4 52496.30241471 39.325
  9 202.606981  64.805916    36.834    36.834  2 52531.30239949 52.683
 10 202.620107  64.809869    34.232    34.232  2 52566.30242102 46.750
 11 202.621166  64.811636    33.487    33.484  3 52601.30243520 24.416
 12 202.610480  64.807829    34.396    34.396  2 52636.30239827 48.042
 13 202.619737  64.812751    34.413    34.033  3 52671.30240467 23.338
 14 202.615553  64.809097    36.886    37.040  3 52706.30240090 10.213
 15 202.619494  64.813220    35.914    36.747  3 52741.30243457 10.836
 16 202.633164  64.816930    36.797    36.797  2 52776.30237906 48.499
 17 202.609309  64.807168    37.876    37.879  3 52811.30245497 48.990
 18 202.611379  64.808057    37.163    37.163  2 52846.30251032 17.658
 19 202.618354  64.809392    37.048    37.037  3 52881.30254740 50.571
 20 202.627123  64.816514    34.966    34.987  3 52916.30250563 49.675
 21 202.612036  64.808843    33.049    33.005  3 52951.30246523 49.729
 22 202.622753  64.813427    35.390    36.031  3 52986.30248468 17.544
 23 202.626906  64.814643    37.642    37.382  3 53021.30247450 10.713
 24 202.619728  64.810639    36.439    36.439  2 53056.30246347 10.602
 25 202.620259  64.814176    35.315    36.621  3 53091.30250182 14.638
 26 202.615560  64.808866    36.398    34.668  3 53126.30247167 38.372
 27 202.615228  64.807630    39.621    39.581  3 53161.30253371 47.552
 28 202.622144  64.811060    36.758    36.828  3 53196.30253210 47.407
 29 202.626376  64.814809    36.262    36.274  3 53231.30251557 49.604
 30 202.631142  64.816061    34.387    34.387  2 53266.30248546 49.102
 31 202.606815  64.807169    33.276    33.259  3 53301.30253525 49.456
 32 202.622198  64.811254    32.770    32.782  3 53336.30250609 26.369
 33 202.632335  64.816659    32.953    32.953  2 53371.30244374 19.547
 34 202.617177  64.809939    32.908    33.005  3 53406.30247857 13.534
 35 202.628508  64.817273    32.549    32.549  2 53441.30246585 12.740
 36 202.612325  64.807424    32.573    32.573  2 53476.30253193 15.194
 38 202.619572  64.811255    38.418    38.425  3 53546.30256349 48.987
 39 202.623485  64.813913    37.234    37.239  4 53581.30253679 28.477
 40 202.626964  64.815768    35.921    35.921  2 53616.30249210 33.110
 41 202.616521  64.810109    36.446    36.446  2 53651.30250563 47.097
 42 202.618916  64.809487    33.989    33.989  2 53686.30251189 34.905
 43 202.629687  64.818389    34.679    34.679  2 53721.30243909 20.638
 44 202.619269  64.809320    34.160    33.716  3 53756.30236684 16.845
 45 202.624645  64.814722    37.308    37.112  3 53791.30239450 10.891
 46 202.613074  64.808197    36.973    36.973  2 53826.30235475 10.037
 47 202.613210  64.808495    34.224    34.239  3 53861.30244512 29.360
 48 202.618823  64.809679    37.732    37.715  3 53896.30246521 48.806
 49 202.613895  64.808832    38.910    38.910  2 53931.30251612 19.879
 50 202.620257  64.810269    36.693    36.693  2 53966.30249227 33.624
 51 202.608157  64.807507    36.002    36.002  2 54001.30245327 24.995
 52 202.619407  64.810004    34.382    34.382  2 54036.30249396 51.781
 53 202.621166  64.813278    33.209    33.242  3 54071.30248871 27.021
 54 202.630381  64.815955    33.372    33.372  2 54106.30244088 22.328
 55 202.615561  64.808744    32.800    32.828  3 54141.30242152 22.011
 56 202.624695  64.814931    32.656    32.670  4 54176.30242199 16.713
 57 202.615064  64.809610    32.753    32.809  3 54211.30242859 26.075
 58 202.618151  64.811059    35.266    35.275  3 54246.30245867 45.285
 60 202.622712  64.814111    37.138    37.146  4 54316.30246810 49.161
 61 202.625467  64.816528    36.132    36.090  3 54351.30243573 47.003
 62 202.618631  64.810627    34.745    34.708  3 54386.30240665 47.643
 63 202.623867  64.815098    33.684    33.686  3 54421.30238516 46.064
 64 202.612638  64.807824    33.726    33.726  2 54456.30237911 19.670
 65 202.623426  64.814860    37.340    37.268  3 54491.30238660 11.708
 66 202.618050  64.810017    47.577    38.818  3 54526.30239216  6.655
 67 202.625741  64.814510    32.850    32.855  3 54561.30239502 25.661
 68 202.619854  64.811572    34.928    34.902  3 54596.30238840 37.461
 69 202.620073  64.810635    37.449    37.449  2 54631.30240180 39.862
 70 202.619785  64.810451    37.659    37.675  3 54666.30240797 39.884
 71 202.627688  64.816284    37.511    37.511  2 54701.30237732 38.871
 72 202.614046  64.808654    35.827    35.827  2 54736.30236758 52.041
 73 202.623061  64.814808    33.659    33.676  3 54771.30235760 44.772
 74 202.613602  64.807812    34.602    34.602  2 54806.30236112 25.650
 75 202.621314  64.812564    36.218    36.390  3 54841.30235318 15.276
 76 202.616987  64.809622    37.809    37.809  2 54876.30236262  7.680
 77 202.626176  64.814202    39.289    39.221  3 54911.30235854  6.062
 78 202.615347  64.808618    32.921    32.949  3 54946.30235537 20.593
 79 202.619896  64.811046    38.824    38.809  3 54981.30238173 46.507
 80 202.619828  64.812450    37.969    37.976  3 55016.30238290 41.657
 81 202.621444  64.813082    36.017    36.035  4 55051.30237773 48.048
 82 202.627708  64.816564    36.466    36.501  3 55086.30234318 46.106
 83 202.616832  64.809268    34.724    34.752  3 55121.30231103 48.788
 84 202.623059  64.814101    33.415    33.417  3 55156.30230286 25.069
 85 202.612663  64.809175    35.183    34.485  3 55191.30230073 15.667
 86 202.622705  64.813977    36.166    36.122  4 55226.30230343 13.715
 87 202.620069  64.810873    35.686    35.870  3 55261.30229637 12.444
 88 202.626085  64.815198    35.408    35.392  3 55296.30228886 10.615
 89 202.620459  64.810348    39.371    39.371  2 55331.30227698 44.037
 90 202.623071  64.814337    36.611    36.601  4 55366.30227049 38.582
 91 202.613954  64.809549    38.653    38.595  3 55401.30228299 46.263
 92 202.622786  64.814553    37.481    37.478  4 55436.30228787 48.799
 93 202.628660  64.817786    35.190    35.190  2 55471.30223979 42.664
