-206646.238   622.166     0.00   36.99
-206276.173   643.361    57.28   41.13
-205906.187   664.454    57.02   42.16
-205536.278   690.779    71.18   36.31
-205166.447   717.278    71.66   40.61
-204796.694   748.822    85.32   46.65
-204427.019   778.953    81.52   50.00
-204057.421   812.776    91.53   55.48
-203687.901   839.682    72.82   59.37
-203318.458   855.648    43.22   62.17
-202949.093   840.538   -40.91   75.11
-202579.805   821.353   -51.96   81.51
-202210.594   776.804  -120.68   85.07
-201841.461   732.568  -119.85   94.66
-201472.405   680.122  -142.13   94.72
-201103.427   617.293  -170.30   88.60
-200734.525   570.441  -127.02   60.77
-200365.701   553.484   -45.98   42.32
-199996.954   559.527    16.39   45.89
-199628.284   593.118    91.13   55.41
-199259.691   627.912    94.41   49.54
-198891.175   658.240    82.31   34.02
-198522.735   668.776    28.60   25.55
-198154.373   661.442   -19.91   36.86
-197786.087   629.137   -87.73   54.22
-197417.879   587.107  -114.16   53.55
-197049.747   544.745  -115.09   51.67
-196681.691   509.267   -96.40   42.41
-196313.712   472.495   -99.94   38.35
-195945.810   441.761   -83.55   37.79
-195577.984   411.187   -83.13   32.64
-195210.235   398.818   -33.64   23.37
-194842.562   398.996     0.48   22.29
-194474.966   411.216    33.25   25.70
-194107.446   429.274    49.14   16.80
-193740.002   439.818    28.70   11.78
-193372.634   450.080    27.94   15.19
-193005.343   468.153    49.21   26.52
-192638.128   493.216    68.26   38.54
-192270.989   524.836    86.14   41.30
-191903.926   554.391    80.53   40.42
-191536.939   569.495    41.16   38.43
-191170.027   555.221   -38.91   57.14
-190803.192   517.052  -104.07   76.82
-190436.433   473.276  -119.37   71.33
-190069.749   444.985   -77.16   49.39
-189703.142   455.763    29.40   62.52
-189336.610   484.431    78.22   70.63
-188970.153   532.378   130.86   57.05
-188603.773   579.162   127.71   52.44
-188237.468   627.051   130.75   61.26
-187871.238   675.679   132.80   64.20
-187505.084   722.374   127.54   50.45
-187139.005   743.953    58.95   36.15
-186773.002   745.395     3.94   40.11
-186407.074   714.307   -84.97   63.66
-186041.222   666.448  -130.83   83.15
-185675.444   592.942  -200.98  104.94
-185309.742   531.185  -168.90  100.24
-184944.115   473.028  -159.08   64.32
-184578.564   450.105   -62.71   43.27
-184213.087   439.707   -28.45   43.37
-183834.279   451.380    30.82   48.23
-183453.145   469.792    48.31   48.13
-183072.094   478.772    23.57   49.91
-182691.125   490.859    31.73   47.15
-182310.240   517.155    69.05   57.45
-181929.437   554.596    98.33   61.14
-181548.717   601.902   124.27   59.93
-181168.079   651.115   129.31   46.79
-180787.524   690.413   103.28   39.06
-180407.051   714.718    63.89   20.15
-180026.661   709.484   -13.76   27.21
-179646.353   683.330   -68.78   42.25
-179266.128   644.837  -101.25   45.54
-178885.984   625.671   -50.43   39.55
-178505.923   633.985    21.88   61.36
-178125.945   655.174    55.77   71.10
-177746.048   677.685    59.26   63.95
-177366.233   695.544    47.03   54.70
-176986.501   704.006    22.29   49.25
-176606.850   726.931    60.39   52.48
-176227.281   760.532    88.54   57.47
-175847.794   803.898   114.29   56.66
-175468.389   842.422   101.55   48.10
-175089.066   879.633    98.11   41.03
-174709.824   918.078   101.39   53.90
-174330.664   967.844   131.27   69.32
-173951.586  1022.595   144.45   78.38
-173572.589  1075.307   139.10   63.18
-173193.673  1106.553    82.47   36.69
-172814.839  1098.406   -21.51   44.10
-172436.087  1053.890  -117.55   78.75
-172057.416   975.853  -206.11   97.47
-171678.826   906.995  -181.90   93.40
-171300.317   842.545  -170.29   67.99
-170921.889   810.370   -85.03   61.80
-170543.543   788.670   -57.36   60.59
-170165.278   775.995   -33.51   52.21
-169787.093   777.106     2.94   43.10
-169408.990   786.921    25.96   41.92
-169030.968   797.144    27.05   34.85
-168653.026   785.690   -30.31   46.24
-168275.165   744.062  -110.18   76.68
-167897.385   680.836  -167.38   85.31
-167519.686   608.104  -192.59   69.77
-167142.068   555.047  -140.52   63.64
-166764.530   507.304  -126.47   46.21
-166387.072   487.859   -51.52   31.56
-166009.695   487.552    -0.82   36.18
-165632.399   512.237    65.43   50.63
-165255.183   541.398    77.31   47.95
-164878.047   558.182    44.51   42.52
-164500.992   561.073     7.67   35.22
-164124.017   548.077   -34.48   31.08
-163747.122   532.096   -42.41   37.02
-163370.307   498.900   -88.11   48.35
-162993.573   468.042   -81.92   44.78
-162616.918   438.463   -78.54   41.51
-162240.344   412.288   -69.52   29.90
-161863.849   396.368   -42.29   25.36
-161487.435   388.940   -19.74   22.64
-161111.100   398.336    24.97   32.81
-160734.845   404.541    16.49   30.82
-160358.670   397.943   -17.54   30.89
-159982.574   383.040   -39.63   28.46
-159606.559   367.714   -40.76   20.54
-159230.622   357.257   -27.82   20.21
-158854.766   350.532   -17.89   18.34
-158478.988   344.886   -15.03   14.04
-158103.291   338.911   -15.91    6.23
-157727.672   336.447    -6.56    3.34
-157352.134   334.932    -4.03    2.79
-156976.674   334.533    -1.06    4.45
-156601.294   335.585     2.80    7.12
-156225.992   337.996     6.42    9.62
-155850.770   346.048    21.46   16.65
-155475.627   358.403    32.94   26.67
-155100.564   379.902    57.33   42.30
-154725.579   399.159    51.36   50.80
-154350.673   413.134    37.28   50.69
-153975.846   410.485    -7.07   45.87
-153601.098   414.092     9.63   36.25
-153226.429   418.400    11.50   30.48
-152851.838   432.952    38.85   35.35
-152477.327   443.869    29.15   42.77
-152102.893   446.865     8.00   48.42
-151728.539   449.804     7.85   47.78
-151354.263   452.908     8.29   44.12
-150980.066   462.229    24.91   43.33
-150605.947   482.176    53.32   39.60
-150231.906   497.521    41.03   39.53
-149857.944   517.404    53.17   32.91
-149484.060   530.900    36.10   26.73
-149110.255   536.258    14.34   16.53
-148736.528   524.517   -31.42   21.14
-148362.878   504.502   -53.57   24.64
-147989.307   481.557   -61.43   25.92
-147615.815   460.094   -57.47   24.89
-147242.400   438.679   -57.35   24.54
-146869.063   420.501   -48.70   21.08
-146495.804   406.974   -36.25   17.79
-146122.623   395.383   -31.06   17.67
-145749.520   393.346    -5.46   20.19
-145376.494   398.261    13.18   24.45
-145003.547   412.583    38.40   26.50
-144630.677   425.416    34.42   21.48
-144257.884   435.285    26.48   12.63
-143885.170   438.304     8.10    7.60
-143512.533   438.235    -0.18    4.49
-143139.973   435.608    -7.05    5.13
-142767.491   434.084    -4.09    4.74
-142395.086   435.038     2.56    5.06
-142022.758   438.399     9.03    5.99
-141650.508   443.729    14.32    5.55
-141278.336   447.811    10.97    5.21
-140906.240   450.651     7.63    4.68
-140534.221   452.440     4.81    4.76
-140162.280   453.644     3.24    5.35
-139790.416   454.458     2.19    6.01
-139418.629   456.123     4.48    8.38
-139046.919   456.307     0.50   11.39
-138675.285   454.416    -5.09   15.42
-138303.729   448.996   -14.59   17.91
-137932.249   442.910   -16.39   16.26
-137560.846   440.691    -5.97   11.45
-137189.520   445.899    14.03   12.29
-136818.271   455.224    25.12   14.89
-136447.098   465.271    27.07   13.13
-136076.002   463.761    -4.07   21.51
-135704.983   447.107   -44.89   37.93
-135334.040   406.374  -109.82   55.18
-134963.173   362.917  -117.19   54.33
-134592.383   336.517   -71.21   39.39
-134221.669   327.630   -23.97   32.95
-133851.032   325.780    -4.99   36.32
-133480.471   323.006    -7.49   38.50
-133109.986   312.092   -29.46   33.98
-132739.577   299.942   -32.81   24.26
-132369.245   298.170    -4.79   25.19
-131998.988   310.687    33.81   36.90
-131628.808   341.860    84.22   45.37
-131258.703   369.027    73.41   39.33
-130888.675   390.172    57.15   31.00
-130518.722   398.332    22.06   35.87
-130148.845   408.679    27.98   42.07
-129779.045   411.740     8.28   42.49
-129409.319   417.031    14.31   41.16
-129039.670   431.240    38.44   38.87
-128670.096   449.238    48.70   40.98
-128300.598   478.297    78.65   46.66
-127931.175   515.146    99.76   50.39
-127561.828   561.095   124.42   56.81
-127192.557   603.995   116.19   63.96
-126823.361   648.713   121.13   57.25
-126454.240   678.071    79.54   52.43
-126085.195   702.704    66.76   45.31
-125716.225   724.421    58.86   44.02
-125347.330   749.572    68.19   44.88
-124978.511   774.899    68.68   34.31
-124609.766   782.578    20.83   30.23
-124241.097   754.121   -77.20   59.39
-123872.503   709.587  -120.83   75.91
-123503.984   640.028  -188.77   84.29
-123135.540   585.641  -147.63   75.04
-122767.170   551.062   -93.88   52.42
-122398.876   546.490   -12.41   47.27
-122030.657   557.985    31.22   44.28
-121662.512   568.304    28.03   31.39
-121294.442   565.273    -8.24   29.16
-120926.447   558.479   -18.46   30.23
-120558.526   550.054   -22.90   36.99
-120190.681   555.363    14.44   44.85
-119822.909   564.587    25.08   50.85
-119455.213   587.789    63.11   56.44
-119087.590   607.146    52.66   50.93
-118720.042   619.085    32.49   38.42
-118352.569   615.823    -8.88   36.31
-117985.170   604.274   -31.44   44.37
-117617.845   593.038   -30.59   49.50
-117250.595   582.963   -27.44   49.12
-116883.419   585.729     7.54   44.33
-116516.317   606.963    57.85   56.43
-116149.289   638.985    87.25   71.61
-115782.335   682.727   119.21   71.40
-115415.455   720.707   103.53   56.27
-115048.649   735.092    39.22   51.24
-114681.917   733.536    -4.24   45.84
-114315.259   714.372   -52.27   51.33
-113948.675   679.345   -95.56   53.74
-113582.165   641.634  -102.90   55.94
-113215.729   608.204   -91.24   47.08
-112849.366   581.561   -72.73   45.24
-112483.077   549.496   -87.55   49.29
-112116.862   516.974   -88.81   55.00
-111750.720   494.868   -60.38   54.84
-111384.652   481.352   -36.92   57.51
-111018.657   494.644    36.32   73.49
-110652.736   521.502    73.40   72.50
-110286.888   540.427    51.73   67.00
-109921.113   543.588     8.64   64.84
-109555.412   531.336   -33.51   62.62
-109180.845   506.614   -66.00   58.47
-108799.876   469.985   -96.16   63.71
-108418.988   434.817   -92.34   61.05
-108038.180   396.662  -100.20   64.53
-107657.452   370.284   -69.29   60.92
-107276.805   347.400   -60.13   63.22
-106896.239   327.110   -53.32   60.17
-106515.753   313.802   -34.98   59.03
-106135.348   300.997   -33.66   58.55
-105755.022   289.071   -31.36   54.16
-105374.777   276.825   -32.21   44.58
-104994.613   261.780   -39.58   36.60
-104614.528   240.735   -55.37   29.66
-104234.524   221.387   -50.92   30.58
-103854.599   199.311   -58.11   20.77
-103474.755   191.017   -21.84   13.20
-103094.991   193.084     5.44   18.37
-102715.306   205.658    33.12   29.67
-102335.702   223.699    47.53   37.64
-101956.177   243.804    52.98   45.43
-101576.732   272.789    76.39   51.41
-101197.367   296.587    62.73   61.39
-100818.081   325.104    75.19   70.36
-100438.875   342.264    45.26   81.28
-100059.749   351.615    24.67   79.91
 -99680.702   339.931   -30.83   69.95
 -99301.735   322.666   -45.56   55.00
 -98922.847   305.082   -46.41   44.81
 -98544.039   292.174   -34.08   35.14
 -98165.310   298.857    17.65   35.72
 -97786.660   327.174    74.79   54.71
 -97408.089   362.587    93.55   63.11
 -97029.598   397.574    92.44   56.85
 -96651.185   405.909    22.03   59.14
 -96272.852   406.452     1.44   52.50
 -95894.598   410.684    11.19   50.16
 -95516.423   425.718    39.76   60.73
 -95138.326   444.361    49.31   69.05
 -94760.309   452.063    20.38   64.86
 -94382.371   434.641   -46.10   64.21
 -94004.511   410.896   -62.84   56.06
 -93626.730   395.899   -39.70   46.45
 -93249.028   396.409     1.35   45.57
 -92871.404   404.637    21.79   48.82
 -92493.859   415.354    28.39   41.31
 -92116.393   422.039    17.71   39.16
 -91739.005   434.441    32.87   41.67
 -91361.695   444.254    26.01   44.29
 -90984.464   455.583    30.03   40.05
 -90607.311   470.877    40.56   42.19
 -90230.237   500.746    79.22   47.18
 -89853.241   539.865   103.77   58.33
 -89476.323   595.876   148.61   82.05
 -89099.483   664.293   181.57   97.89
 -88722.721   749.082   225.06  100.86
 -88346.038   810.778   163.80   86.26
 -87969.432   847.533    97.60   57.53
 -87592.905   863.115    41.39   43.80
 -87216.455   868.996    15.62   41.70
 -86840.083   879.767    28.62   41.86
 -86463.789   873.615   -16.35   52.19
 -86087.573   843.724   -79.46   83.53
 -85711.435   778.311  -173.92  100.06
 -85335.374   725.172  -141.31   70.41
 -84959.391   714.651   -27.98   58.89
 -84583.485   745.018    80.79   66.22
 -84207.657   805.329   160.48   63.97
 -83831.907   864.842   158.39   68.30
 -83456.234   930.576   174.99   80.20
 -83080.638   997.501   178.20   75.37
 -82705.120  1065.931   182.24   69.65
 -82329.679  1129.194   168.51   81.62
 -81954.315  1197.071   180.84   87.15
 -81579.029  1240.170   114.85   79.68
 -81203.819  1256.337    43.09   83.80
 -80828.687  1231.354   -66.60  105.19
 -80453.632  1182.578  -130.06  107.44
 -80078.654  1135.846  -124.63   98.71
 -79703.753  1091.655  -117.88  103.16
 -79328.929  1053.336  -102.24   94.74
 -78954.181  1018.255   -93.62   64.23
 -78579.511  1010.833   -19.81   36.17
 -78204.917  1029.951    51.04   36.12
 -77830.400  1054.094    64.47   41.91
 -77455.960  1077.579    62.72   52.43
 -77081.597  1112.876    94.29   79.50
 -76707.310  1151.707   103.75   82.54
 -76333.099  1165.300    36.33   68.66
 -75958.965  1152.730   -33.60   66.42
 -75584.908  1095.148  -153.95   86.51
 -75210.927  1021.218  -197.69   67.98
 -74837.022   961.159  -160.64   61.59
 -74463.194   912.411  -130.41   53.50
 -74089.442   868.485  -117.53   60.81
 -73715.766   841.196   -73.03   58.36
 -73342.167   812.772   -76.09   55.83
 -72968.643   791.974   -55.68   52.22
 -72595.196   765.480   -70.95   60.89
 -72221.824   741.834   -63.33   65.32
 -71848.529   706.754   -93.98   80.71
 -71475.310   676.791   -80.29   88.59
 -71102.166   640.618   -96.95   82.01
 -70729.099   611.877   -77.04   70.32
 -70356.107   586.363   -68.41   63.70
 -69983.191   574.886   -30.78   62.20
 -69610.351   553.429   -57.55   57.42
 -69237.586   544.017   -25.25   55.03
 -68864.897   536.610   -19.87   58.31
 -68492.284   545.501    23.86   76.09
 -68119.746   536.326   -24.63   76.13
 -67747.284   521.842   -38.89   66.67
 -67374.897   508.066   -37.00   58.43
 -67002.586   510.370     6.19   66.44
 -66630.350   519.521    24.58   80.08
 -66258.189   506.344   -35.41   79.71
 -65886.103   495.904   -28.06   83.66
 -65514.093   477.376   -49.81   75.55
 -65142.158   459.353   -48.46   67.74
 -64770.298   459.863     1.37   65.37
 -64398.513   467.675    21.01   75.34
 -64026.804   480.534    34.60   84.70
 -63655.169   476.179   -11.72   81.60
 -63283.609   485.271    24.47   70.54
 -62912.124   493.860    23.12   70.44
 -62540.714   526.770    88.61   90.27
 -62169.379   563.396    98.64   96.57
 -61798.118   597.887    92.91   92.25
 -61426.933   611.666    37.12   77.44
 -61055.822   614.942     8.83   58.59
 -60684.785   605.666   -25.00   40.76
 -60313.824   583.174   -60.64   46.13
 -59942.936   547.572   -96.00   57.12
 -59572.124   505.542  -113.35   55.11
 -59201.386   465.920  -106.88   56.05
 -58830.722   427.021  -104.95   42.81
 -58460.132   398.748   -76.29   32.59
 -58089.617   376.162   -60.96   14.60
 -57719.176   363.267   -34.81   11.18
 -57348.810   352.883   -28.04   14.77
 -56978.518   339.246   -36.83   19.59
 -56608.299   327.756   -31.04   19.71
 -56238.155   315.996   -31.77   26.54
 -55868.085   304.053   -32.28   27.97
 -55498.089   292.655   -30.81   24.55
 -55128.167   283.896   -23.68   14.41
 -54758.319   287.039     8.50   19.62
 -54388.545   299.930    34.86   31.07
 -54018.845   321.674    58.82   40.77
 -53649.218   345.637    64.83   42.25
 -53279.665   367.730    59.78   33.90
 -52910.186   377.844    27.37   31.79
 -52540.781   378.555     1.93   34.59
 -52171.449   372.604   -16.11   34.36
 -51802.191   363.894   -23.59   32.28
 -51433.006   356.545   -19.91   26.80
 -51063.895   349.534   -18.99   24.64
 -50694.857   341.370   -22.13   22.04
 -50325.893   333.765   -20.61   19.07
 -49957.002   330.418    -9.07   14.78
 -49588.185   338.941    23.11   21.34
 -49219.440   360.468    58.38   31.20
 -48850.769   383.550    62.61   34.12
 -48482.172   403.204    53.32   29.16
 -48113.647   420.512    46.97   28.32
 -47745.195   444.093    64.00   34.49
 -47376.817   472.811    77.96   51.36
 -47008.511   507.531    94.27   61.06
 -46640.279   546.589   106.07   59.42
 -46272.119   581.230    94.09   42.28
 -45904.032   605.249    65.26   30.20
 -45536.018   619.630    39.08   30.73
 -45168.077   631.052    31.04   37.10
 -44800.209   629.447    -4.36   38.49
 -44432.413   615.860   -36.94   42.34
 -44064.690   589.463   -71.79   48.66
 -43697.040   559.549   -81.37   40.42
 -43329.462   547.752   -32.09   31.58
 -42961.957   545.951    -4.90   36.66
 -42594.525   559.743    37.54   39.53
 -42227.165   579.779    54.54   41.65
 -41859.877   613.137    90.83   56.68
 -41492.661   654.963   113.90   64.76
 -41125.518   708.644   146.22   64.28
 -40758.448   739.875    85.08   48.91
 -40391.449   748.572    23.70   39.35
 -40024.523   729.073   -53.14   52.62
 -39657.669   687.741  -112.67   59.38
 -39290.887   638.285  -134.84   62.85
 -38924.177   587.369  -138.85   60.25
 -38557.539   554.041   -90.90   46.99
 -38190.973   548.614   -14.81   41.42
 -37824.479   582.407    92.21   66.21
 -37458.057   628.781   126.56   72.28
 -37091.707   694.908   180.51   71.72
 -36725.429   749.163   148.13   70.75
 -36359.222   785.666    99.68   64.41
 -35993.087   790.743    13.87   63.34
 -35627.024   768.281   -61.36   79.09
 -35261.033   717.876  -137.72   91.69
 -34895.113   657.450  -165.14   93.35
 -34524.458   588.735  -185.39  100.05
 -34143.650   508.762  -210.01  104.42
 -33762.921   424.359  -221.70  103.37
 -33382.270   375.750  -127.70   75.76
 -33001.698   381.547    15.23   76.97
 -32621.204   444.672   165.91  105.31
 -32240.789   517.199   190.66   90.66
 -31860.452   563.892   122.77   77.71
 -31480.193   575.150    29.61   84.39
 -31100.013   600.020    65.42   89.40
 -30719.910   646.831   123.16  108.03
 -30339.886   722.687   199.61  111.04
 -29959.940   767.896   118.99   74.05
 -29580.071   760.592   -19.23   75.31
 -29200.281   711.830  -128.40   94.65
 -28820.569   647.741  -168.79   90.27
 -28440.935   612.841   -91.93   94.06
 -28061.378   580.618   -84.90  101.28
 -27681.899   551.525   -76.67  103.95
 -27302.498   522.866   -75.54  106.12
 -26923.175   484.644  -100.77  101.59
 -26543.929   434.271  -132.83   99.79
 -26164.761   381.422  -139.38   95.05
 -25785.671   318.765  -165.29   83.01
 -25406.658   277.701  -108.35   55.26
 -25027.722   280.622     7.71   63.56
 -24648.864   318.565   100.15   94.79
 -24270.083   381.271   165.55  100.40
 -23891.380   449.281   179.59   87.70
 -23512.753   508.974   157.66   78.93
 -23134.204   543.560    91.37   61.93
 -22755.733   553.996    27.57   43.43
 -22377.338   536.858   -45.29   54.24
 -21999.021   502.941   -89.65   67.03
 -21620.780   454.545  -127.95   71.70
 -21242.616   404.018  -133.61   73.16
 -20864.530   383.545   -54.15   74.33
 -20486.520   410.633    71.66   89.05
 -20108.587   438.809    74.55   82.06
 -19730.731   442.637    10.13   68.50
 -19352.952   415.164   -72.72   77.92
 -18975.250   358.491  -150.05   72.66
 -18597.624   309.879  -128.73   63.55
 -18220.075   258.300  -136.62   59.67
 -17842.602   213.498  -118.69   53.55
 -17465.206   180.425   -87.64   48.27
 -17087.886   155.858   -65.11   41.95
 -16710.643   139.963   -42.13   34.20
 -16333.476   132.927   -18.66   33.33
 -15956.386   128.238   -12.44   37.78
 -15579.371   127.675    -1.49   44.30
 -15202.434   126.811    -2.29   48.97
 -14825.572   131.019    11.17   56.93
 -14448.786   129.117    -5.05   56.88
 -14072.077   125.828    -8.73   54.26
 -13695.443   113.655   -32.32   43.71
 -13318.886   104.790   -23.54   37.68
 -12942.405    95.085   -25.78   32.12
 -12565.999    90.776   -11.45   25.30
 -12189.670    83.941   -18.16   18.22
 -11813.416    85.245     3.47   20.33
 -11437.238    93.963    23.18   31.68
 -11061.136    90.162   -10.11   39.53
 -10685.110    69.596   -54.69   52.49
 -10309.159    43.695   -68.90   53.51
  -9933.284    17.796   -68.90   26.24
  -9557.484    25.929    21.64   37.00
  -9181.760    63.985   101.29   60.91
  -8806.112   125.258   163.11   76.16
  -8430.539   188.787   169.15   77.33
  -8055.041   243.671   146.16   59.17
  -7679.619   271.073    72.99   37.45
  -7304.271   275.940    12.97   34.44
  -6929.000   248.534   -73.03   47.07
  -6553.803   211.135   -99.68   51.33
  -6178.682   172.163  -103.89   53.92
  -5803.635   129.358  -114.13   49.92
  -5428.664    87.255  -112.28   53.82
  -5053.768    48.540  -103.27   43.20
  -4678.947    23.761   -66.11   30.23
  -4304.200     8.593   -40.47    5.32
  -3929.529     9.118     1.40    4.00
  -3554.933    11.633     6.71    2.09
  -3180.411    12.574     2.51    1.01
  -2805.964    13.022     1.20    0.26
  -2431.592    13.050     0.08    0.27
  -2057.294    13.090     0.11    0.32
  -1683.071    12.441    -1.73    2.62
  -1308.923    10.288    -5.76    5.24
   -934.849     7.941    -6.27    6.24
   -560.850     5.260    -7.17    6.25
   -186.925     2.618    -7.06    5.03
    186.925     0.938    -4.49    3.08
    560.701    -0.015    -2.55    0.11
    934.403     0.998     2.71    2.89
   1308.030     3.907     7.78    5.60
   1681.583     6.739     7.58    6.11
   2055.062     9.941     8.57    5.05
   2428.467    12.273     6.25    2.41
   2801.798    12.974     1.88    0.00
   3175.055    12.974     0.00    0.00
   3548.237    12.974     0.00    0.00
   3921.346    12.974     0.00    0.00
   4294.381    12.974     0.00    0.00
   4667.342    12.974     0.00    0.00
   5040.229    13.098     0.33    0.47
   5413.042    14.951     4.97    4.47
   5785.781    18.563     9.69    6.95
   6158.447    20.804     6.01    6.40
   6531.039    22.390     4.26    5.09
   6903.557    21.585    -2.16    5.00
   7276.002    20.052    -4.12    3.73
   7648.374    20.457     1.09    3.61
   8020.671    22.112     4.44    4.08
   8392.896    24.659     6.84    3.61
   8765.047    27.514     7.67    3.22
   9137.124    30.289     7.46    6.06
   9509.129    35.974    15.28   12.47
   9881.060    41.738    15.50   15.00
  10252.917    47.381    15.17   16.02
  10624.702    48.199     2.20   15.08
  10996.413    46.545    -4.45   12.84
  11368.052    43.831    -7.30    9.55
  11739.617    44.414     1.57    8.14
  12111.109    48.474    10.93   10.63
  12482.528    54.248    15.55   12.07
  12853.875    59.732    14.77   12.23
  13225.148    62.491     7.43   11.22
  13596.348    64.109     4.36    9.56
  13967.476    67.904    10.23   10.63
  14338.531    77.120    24.84   16.65
  14709.513    86.031    24.02   18.95
  15080.423    99.809    37.15   19.60
  15451.260   111.054    30.32   17.81
  15822.024   121.727    28.79   15.03
  16192.716   128.304    17.74   12.97
  16563.335   133.372    13.67   13.57
  16933.882   137.215    10.37   14.24
  17304.356   144.342    19.24   14.33
  17674.758   150.541    16.74   11.81
  18045.088   156.218    15.33    7.33
  18415.345   157.396     3.18    7.41
  18785.530   157.393    -0.01    7.57
  19155.643   158.545     3.11    7.35
  19525.683   160.609     5.58    6.09
  19895.652   162.941     6.30    4.65
  20265.548   164.486     4.18    2.98
  20635.373   164.997     1.38    2.30
  21005.125   162.323    -7.23    7.13
  21374.805   156.199   -16.57   10.84
  21744.414   153.009    -8.63    9.93
  22113.951   154.895     5.10    9.89
  22483.415   161.066    16.70   10.67
  22852.808   167.255    16.75    7.70
  23222.129   166.519    -1.99   10.01
  23591.379   160.713   -15.73   13.95
  23960.557   158.086    -7.11   12.73
  24329.663   159.319     3.34   12.04
  24698.697   160.075     2.05   12.37
  25067.660   152.641   -20.15   23.19
  25436.552   141.842   -29.27   23.65
  25805.372   131.129   -29.05   21.30
  26174.120   126.278   -13.15   22.23
  26542.798   131.522    14.22   24.83
  26911.403   139.589    21.89   22.13
  27279.938   144.928    14.48   17.28
  27648.401   148.497     9.69   13.66
  28016.793   148.192    -0.83   15.44
  28385.114   138.783   -25.55   22.47
  28753.364   129.213   -25.99   27.37
  29121.543   116.565   -34.35   29.20
  29489.650   110.235   -17.19   29.03
  29857.687   109.020    -3.30   27.35
  30225.652   122.547    36.76   27.00
  30593.547   134.938    33.68   26.21
  30961.371   135.224     0.78   29.63
  31329.124   129.022   -16.86   35.99
  31696.806   117.930   -30.17   37.49
  32064.417   110.426   -20.41   32.66
  32431.958   110.352    -0.20   33.69
  32799.428   117.089    18.33   34.83
  33166.827   127.304    27.80   34.61
  33534.156   133.480    16.81   36.09
  33901.414   137.042     9.70   36.33
  34268.601   132.952   -11.14   39.77
  34635.718   124.485   -23.06   38.69
  35002.765   119.315   -14.09   32.32
  35369.741   114.813   -12.27   21.32
  35736.647   116.974     5.89   14.43
  36103.482   116.251    -1.97   17.50
  36470.248   117.641     3.79   18.26
  36836.943   120.119     6.76   18.33
  37203.567   121.974     5.06   18.83
  37570.122   120.135    -5.02   23.87
  37936.607   112.485   -20.87   29.08
  38303.021   107.031   -14.89   30.62
  38669.365    95.805   -30.64   31.00
  39035.640    84.581   -30.64   29.49
  39401.844    72.606   -32.70   24.56
  39767.978    65.074   -20.57   18.78
  40135.045    57.986   -19.31    4.79
  40515.693    62.360    11.49    9.81
  40896.263    73.917    30.36   17.48
  41276.758    86.513    33.11   18.41
  41657.176    98.733    32.12   12.73
  42037.518   105.928    18.92    6.44
  42417.783   110.637    12.38    5.97
  42797.972   113.730     8.13    5.88
  43178.085   116.682     7.77    5.02
  43558.122   118.825     5.64    2.86
  43938.082   119.588     2.01    1.48
  44317.967   119.021    -1.49    2.59
  44697.776   118.394    -1.65    3.74
  45077.508   117.532    -2.27    4.86
  45457.165   118.052     1.37    5.09
  45836.746   120.115     5.44    5.41
  46216.251   124.630    11.90    8.52
  46595.680   131.379    17.79   10.52
  46975.033   142.064    28.17   16.72
  47354.311   154.425    32.59   21.01
  47733.513   166.917    32.94   26.31
  48112.639   181.584    38.69   28.21
  48491.690   202.747    55.83   39.17
  48870.666   227.609    65.60   46.80
  49249.565   250.154    59.50   46.13
  49628.390   263.381    34.92   41.96
  50007.139   268.213    12.76   41.08
  50385.813   273.445    13.82   39.98
  50764.411   286.075    33.36   41.77
  51142.934   304.871    49.65   37.18
  51521.382   310.698    15.40   37.20
  51899.755   311.894     3.16   43.72
  52278.052   307.836   -10.73   42.66
  52656.275   300.179   -20.25   34.27
  53034.422   297.345    -7.49   31.14
  53412.495   297.940     1.57   33.82
  53790.492   296.576    -3.61   35.10
  54168.415   292.315   -11.28   34.59
  54546.263   284.269   -21.29   33.24
  54924.036   273.266   -29.13   36.57
  55301.734   264.906   -22.13   35.51
  55679.357   258.667   -16.52   39.12
  56056.906   258.583    -0.22   46.30
  56434.380   241.849   -44.33   56.09
  56811.780   210.648   -82.67   56.19
  57189.105   178.429   -85.39   39.62
  57566.355   159.904   -49.10   21.76
  57943.531   155.671   -11.22   14.62
  58320.633   163.974    22.02   21.81
  58697.660   173.296    24.72   27.05
  59074.613   178.833    14.69   25.95
  59451.492   182.213     8.97   21.36
  59828.296   186.815    12.21   16.36
  60205.026   191.167    11.55   14.09
  60581.682   203.974    34.00   26.54
  60958.264   228.181    64.28   54.50
  61334.772   268.576   107.29   78.73
  61711.206   308.207   105.28   90.94
  62087.565   339.608    83.43   96.47
  62463.851   347.918    22.08   93.54
  62840.063   343.681   -11.26   86.03
  63216.201   337.110   -17.47   73.76
  63592.266   329.584   -20.01   64.32
  63968.256   337.687    21.55   59.42
  64344.173   341.108     9.10   49.72
  64720.016   344.804     9.83   43.15
  65095.785   354.069    24.66   43.21
  65471.481   351.688    -6.34   37.72
  65847.104   354.736     8.11   33.20
  66222.652   370.463    41.87   30.68
  66598.128   381.303    28.87   24.90
  66973.530   380.244    -2.82   23.66
  67348.858   365.876   -38.28   29.65
  67724.113   339.599   -70.02   31.09
  68099.295   314.974   -65.63   22.69
  68474.404   298.352   -44.31   19.42
  68849.439   287.540   -28.83   19.44
  69224.401   278.940   -22.94   24.27
  69599.291   274.572   -11.65   25.87
  69974.107   280.406    15.56   30.44
  70348.850   290.450    26.80   35.74
  70723.520   302.813    33.00   33.79
  71098.117   311.143    22.23   26.30
  71472.641   311.585     1.18   25.84
  71847.092   312.925     3.58   28.17
  72221.470   320.468    20.15   27.82
  72595.776   324.584    10.99   29.67
  72970.009   307.434   -45.82   41.50
  73344.169   278.645   -76.94   40.12
  73718.256   256.985   -57.90   31.29
  74092.271   238.267   -50.05   17.19
  74466.214   231.152   -19.03   16.58
  74840.083   231.596     1.19   18.52
  75213.881   237.330    15.34   18.86
  75587.605   246.535    24.63   20.33
  75961.258   260.250    36.70   21.11
  76334.838   275.133    39.84   17.88
  76708.345   279.848    12.62   17.57
  77081.781   276.059   -10.14   22.75
  77455.144   261.064   -40.16   26.36
  77828.435   242.462   -49.83   20.71
  78201.654   228.131   -38.39   17.69
  78574.800   217.480   -28.54   10.26
  78947.875   216.497    -2.64   13.14
  79320.878   219.284     7.47   19.76
  79693.808   226.088    18.24   26.35
  80066.667   229.374     8.81   30.83
  80439.454   230.644     3.41   32.14
  80812.168   228.350    -6.15   30.94
  81184.811   223.379   -13.34   26.98
  81557.383   216.474   -18.53   21.77
  81929.882   206.031   -28.03   18.09
  82302.310   195.823   -27.41   15.33
  82674.666   184.365   -30.77   13.45
  83046.950   175.009   -25.13   11.60
  83419.163   170.435   -12.29   12.32
  83791.305   168.709    -4.64   14.55
  84163.375   172.554    10.33   20.08
  84535.373   179.508    18.69   26.18
  84907.300   192.362    34.56   31.71
  85279.155   205.906    36.42   33.08
  85650.940   221.825    42.81   28.75
  86022.653   231.527    26.10   23.60
  86394.294   238.393    18.47   15.35
  86765.865   238.572     0.48   12.06
  87137.364   232.480   -16.40   15.18
  87508.792   225.406   -19.04   16.99
  87880.150   221.082   -11.64   17.20
  88251.436   220.383    -1.88   21.89
  88622.651   220.350    -0.09   25.90
  88993.795   216.190   -11.21   31.19
  89364.868   205.129   -29.81   34.43
  89735.870   193.112   -32.39   32.86
  90106.801   180.456   -34.12   24.34
  90477.662   172.008   -22.78   21.28
  90848.452   164.950   -19.03   18.31
  91219.171   158.872   -16.39   18.27
  91589.819   152.950   -15.98   14.84
  91960.397   151.710    -3.35   14.94
  92330.904   151.291    -1.13   16.97
  92701.341   148.652    -7.12   16.96
  93071.707   144.421   -11.42   14.95
  93442.003   145.066     1.74   18.47
  93812.228   149.629    12.32   27.81
  94182.382   157.311    20.75   32.30
  94552.467   162.497    14.01   29.87
  94922.481   163.903     3.80   23.73
  95292.424   161.644    -6.11   18.81
  95662.298   155.349   -17.02   17.81
  96032.101   145.609   -26.34   20.52
  96401.834   132.648   -35.05   16.33
  96771.497   126.560   -16.47   10.32
  97141.090   127.891     3.60   11.63
  97510.613   138.215    27.94   17.97
  97880.066   153.545    41.49   20.00
  98249.449   167.099    36.69   19.77
  98618.762   182.688    42.21   15.19
  98988.005   194.031    30.72   12.98
  99357.178   204.023    27.06    9.54
  99726.281   212.122    21.94    9.38
 100095.315   217.133    13.58   13.87
 100464.279   224.836    20.88   20.98
 100833.173   234.516    26.24   27.06
 101201.998   250.894    44.40   33.91
 101570.753   265.614    39.92   38.26
 101939.438   286.509    56.67   43.20
 102308.054   293.881    20.00   42.43
 102676.600   290.474    -9.24   40.22
 103045.077   280.079   -28.21   38.48
 103413.484   265.457   -39.69   33.82
 103781.822   269.065     9.79   34.92
 104150.091   288.045    51.54   45.61
 104518.291   310.261    60.33   42.98
 104886.421   328.355    49.15   26.30
 105254.482   323.997   -11.84   35.79
 105622.474   308.767   -41.38   42.46
 105990.396   301.554   -19.60   44.88
 106358.250   301.828     0.75   48.83
 106726.034   306.065    11.52   48.35
 107093.749   305.535    -1.44   48.16
 107461.396   295.365   -27.66   43.36
 107828.973   278.974   -44.59   38.45
 108196.482   261.486   -47.58   31.79
 108563.922   247.503   -38.05   27.19
 108931.292   244.054    -9.39   29.37
 109298.595   243.903    -0.41   33.24
 109665.828   246.468     6.98   36.14
 110032.992   246.020    -1.22   34.96
 110400.088   242.974    -8.30   29.07
 110767.116   240.042    -7.99   22.81
 111134.074   239.712    -0.90   15.80
 111500.964   242.137     6.61   13.74
 111867.786   251.462    25.42   17.36
 112234.539   262.986    31.42   21.25
 112601.224   275.504    34.14   21.05
 112967.840   284.300    23.99   22.16
 113334.388   290.672    17.38   27.58
 113700.867   295.265    12.53   33.13
 114067.278   298.330     8.37   37.85
 114433.621   292.882   -14.87   37.14
 114799.896   284.617   -22.56   32.74
 115177.877   272.261   -32.69   25.71
 115558.293   268.526    -9.82   27.04
 115938.635   268.712     0.49   30.22
 116318.902   273.230    11.88   32.30
 116699.095   283.230    26.30   31.20
 117079.214   292.938    25.54   25.57
 117459.259   292.590    -0.91   20.64
 117839.229   282.200   -27.34   28.36
 118219.126   260.687   -56.62   31.81
 118598.948   243.209   -46.01   20.07
 118978.696   242.353    -2.25   21.58
 119358.370   246.776    11.65   24.03
 119737.970   250.054     8.63   18.84
 120117.497   248.120    -5.09   13.29
 120496.949   239.928   -21.59   13.39
 120876.328   228.522   -30.06   11.90
 121255.632   218.744   -25.78   11.75
 121634.863   211.021   -20.36    8.07
 122014.020   207.826    -8.43    6.15
 122393.104   206.709    -2.95    5.71
 122772.114   208.261     4.10    5.15
 123151.050   210.365     5.55    3.69
 123529.913   212.143     4.69    3.63
 123908.702   211.848    -0.78    4.96
 124287.418   208.695    -8.32    7.14
 124666.061   203.779   -12.98    7.56
 125044.630   202.486    -3.42    8.74
 125423.125   203.253     2.03   10.10
 125801.548   205.601     6.20    9.41
 126179.897   205.765     0.43    7.74
 126558.173   203.709    -5.43    6.32
 126936.376   201.514    -5.80    5.13
 127314.505   200.517    -2.64    4.16
 127692.562   203.201     7.10    8.01
 128070.546   208.194    13.21   11.52
 128448.456   215.326    18.87   11.77
 128826.294   221.194    15.53    7.20
 129204.058   220.549    -1.71    7.20
 129581.750   216.625   -10.39    7.49
 129959.369   213.695    -7.76    7.95
 130336.915   214.022     0.87   12.25
 130714.389   219.280    13.93   16.89
 131091.790   227.760    22.47   20.38
 131469.118   233.215    14.46   19.39
 131846.373   233.579     0.96   18.41
 132223.556   230.183    -9.00   16.57
 132600.667   224.022   -16.34   13.00
 132977.704   221.089    -7.78    9.68
 133354.670   219.089    -5.30    5.32
 133731.563   221.462     6.30    6.69
 134108.383   228.491    18.65   13.44
 134485.132   238.169    25.69   18.60
 134861.808   250.653    33.14   21.15
 135238.412   260.307    25.63   22.61
 135614.943   269.358    24.03   24.01
 135991.403   273.420    10.79   24.50
 136367.790   278.089    12.40   24.74
 136744.105   286.245    21.67   26.51
 137120.348   299.342    34.81   32.25
 137496.519   306.369    18.68   35.18
 137872.619   312.253    15.64   35.82
 138248.646   309.986    -6.03   36.98
 138624.601   306.468    -9.36   37.75
 139000.485   304.438    -5.40   40.14
 139376.297   309.951    14.67   44.13
 139752.037   317.131    19.11   47.24
 140127.705   330.660    36.01   51.95
 140503.302   346.564    42.34   53.37
 140878.827   371.753    67.07   57.37
 141254.280   385.528    36.69   51.27
 141629.662   383.675    -4.94   48.24
 142004.973   374.011   -25.75   52.07
 142380.211   361.404   -33.59   50.85
 142755.379   356.579   -12.86   51.41
 143130.475   351.102   -14.60   54.41
 143505.500   330.221   -55.67   62.18
 143880.453   295.486   -92.63   68.95
 144255.335   247.413  -128.22   53.73
 144630.146   207.825  -105.61   40.16
 145004.886   177.124   -81.92   25.18
 145379.555   160.319   -44.85   17.67
 145754.152   151.849   -22.61    8.53
 146128.679   155.648    10.14   11.47
 146503.134   165.112    25.27   15.40
 146877.519   176.486    30.38   17.31
 147251.832   184.087    20.30   16.59
 147626.075   180.641    -9.21   23.74
 148000.247   172.087   -22.86   29.85
 148374.348   157.660   -38.56   33.54
 148748.378   141.049   -44.41   29.04
 149122.337   131.233   -26.25   24.96
 149496.226   122.912   -22.25   18.95
 149870.044   118.586   -11.57   14.92
 150243.792   117.062    -4.08   15.39
 150617.468   114.997    -5.52   13.82
 150991.075   112.737    -6.05   10.55
 151364.610   111.532    -3.22    6.99
 151738.076   112.851     3.53    6.69
 152111.471   113.715     2.32    6.11
 152484.795   113.048    -1.79    4.55
 152858.050   112.951    -0.26    4.27
 153231.233   112.949    -0.01    3.41
 153604.347   114.422     3.95    4.04
 153977.390   117.776     8.99    5.74
 154350.364   123.033    14.09    9.35
 154723.267   128.912    15.76   11.05
 155096.100   136.698    20.88   13.03
 155468.863   146.299    25.75   13.32
 155841.556   156.871    28.36   17.90
 156214.178   170.690    37.08   21.57
 156586.731   193.276    60.62   33.27
 156959.214   223.826    82.01   43.12
 157331.628   261.303   100.62   52.95
 157703.971   294.135    88.16   46.04
 158076.244   316.790    60.85   34.07
 158448.448   324.581    20.93   28.69
 158820.582   326.439     4.99   29.07
 159192.647   324.673    -4.75   30.21
 159564.641   323.819    -2.29   33.43
 159936.567   322.251    -4.22   41.40
 160308.422   319.848    -6.46   46.68
 160680.208   315.868   -10.70   50.29
 161051.925   324.762    23.92   53.02
 161423.572   340.727    42.95   50.97
 161795.150   367.823    72.91   47.52
 162166.658   385.195    46.76   39.41
 162538.097   396.468    30.35   32.49
 162909.467   392.633   -10.33   35.92
 163280.768   376.065   -44.62   44.12
 163651.999   355.938   -54.21   46.89
 164023.161   345.105   -29.18   42.61
 164394.254   340.099   -13.49   41.64
 164765.278   339.384    -1.93   41.77
 165136.233   335.331   -10.92   46.35
 165507.119   327.433   -21.29   47.75
 165877.936   318.915   -22.97   41.59
 166248.684   309.805   -24.57   35.17
 166619.363   299.311   -28.31   34.82
 166989.973   284.962   -38.71   39.66
 167360.514   271.526   -36.26   42.05
 167730.987   268.767    -7.45   47.68
 168101.391   268.522    -0.66   53.78
 168471.726   275.579    19.05   60.69
 168841.992   277.067     4.02   60.48
 169212.190   273.542    -9.52   56.05
 169582.319   259.218   -38.69   46.37
 169952.380   246.149   -35.31   40.20
 170322.372   236.114   -27.12   32.07
 170692.295   231.187   -13.32   35.51
 171062.151   241.162    26.97   45.26
 171431.937   253.962    34.61   48.07
 171801.656   264.404    28.24   50.56
 172171.306   276.574    32.92   52.47
 172540.888   292.562    43.25   57.81
 172910.401   303.938    30.78   57.48
 173279.847   305.079     3.09   45.78
 173649.224   299.814   -14.25   35.20
 174018.533   286.303   -36.58   30.52
 174387.774   276.938   -25.36   29.18
 174756.947   283.010    16.44   42.91
 175126.051   302.718    53.39   56.45
 175495.088   328.207    69.06   55.41
 175864.057   340.817    34.17   47.48
 176232.958   342.772     5.30   41.35
 176601.791   335.893   -18.65   39.82
 176970.556   328.335   -20.49   39.73
 177339.254   323.148   -14.07   37.66
 177707.884   313.807   -25.34   35.51
 178076.445   294.456   -52.50   37.82
 178444.940   267.012   -74.47   47.44
 178813.366   227.855  -106.27   50.31
 179181.725   189.240  -104.82   36.38
 179550.017   164.221   -67.92   23.32
 179918.241   149.518   -39.92   10.47
 180286.397   152.056     6.89   20.05
 180654.486   159.073    19.06   30.86
 181022.507   168.198    24.79   36.20
 181390.461   172.916    12.82   38.72
 181758.348   174.374     3.96   34.32
 182126.167   177.230     7.76   31.21
 182493.919   188.974    31.93   32.71
 182861.604   201.276    33.45   37.74
 183229.222   210.095    23.98   38.10
 183596.772   207.819    -6.19   42.40
 183964.256   197.858   -27.10   42.13
 184331.672   196.586    -3.46   40.26
 184699.021   218.616    59.96   56.49
 185066.303   255.516   100.45   63.07
 185433.518   290.542    95.37   52.22
 185800.667   300.590    27.36   56.85
 186167.748   304.025     9.35   61.99
 186534.762   308.393    11.90   55.31
 186901.710   319.430    30.07   51.61
 187268.591   337.186    48.39   61.23
 187635.405   352.105    40.67   71.13
 188002.152   342.521   -26.13   69.03
 188368.832   323.480   -51.92   63.01
 188735.446   297.409   -71.10   59.36
 189101.993   276.379   -57.37   44.98
 189468.474   262.143   -38.84   33.59
 189843.079   262.299     0.42   41.84
 190223.341   243.497   -49.44   63.45
 190603.531   214.793   -75.49   66.02
 190983.649   196.374   -48.45   58.89
 191363.694   180.172   -42.63   51.02
 191743.666   169.292   -28.63   47.72
 192123.567   158.674   -27.94   43.31
 192503.395   145.486   -34.72   35.11
 192883.151   134.849   -28.00   27.22
 193262.835   125.562   -24.46   18.39
 193642.447   120.227   -14.05   11.05
 194021.987   115.645   -12.07    6.60
 194401.455   112.889    -7.26    4.20
 194780.851   110.974    -5.05    1.97
 195160.174   110.186    -2.08    0.47
 195539.426   110.115    -0.19    0.35
 195918.606   110.095    -0.05    0.33
 196297.715   110.095     0.00    0.33
 196676.751   110.146     0.14    0.44
 197055.716   110.523     0.99    0.85
 197434.609   111.103     1.53    1.06
 197813.431   111.739     1.68    1.12
 198192.180   112.474     1.94    0.84
 198570.859   113.218     1.96    1.27
 198949.465   114.103     2.34    2.06
 199328.001   115.149     2.76    2.67
 199706.464   115.707     1.47    2.86
 200084.857   116.312     1.60    2.97
 200463.178   117.855     4.08    4.17
 200841.428   120.645     7.37    8.50
 201219.606   124.893    11.23   12.67
 201597.713   128.739    10.17   15.60
 201975.749   131.523     7.36   18.38
 202353.714   131.974     1.19   19.64
 202731.607   128.893    -8.15   16.58
 203109.430   124.515   -11.58    9.98
 203487.181   121.162    -8.87    2.33
 203864.862   121.082    -0.21    1.14
 204242.471   121.637     1.47    1.65
 204620.010   122.342     1.87    2.04
 204997.478   123.157     2.16    2.65
 205374.874   125.396     5.93    4.29
 205752.200   127.515     5.62    5.13
 206129.456   130.021     6.64    4.74
 206506.640   132.233     5.86    2.72
 206883.754   131.503    -1.94    3.12
 207260.797   130.355    -3.05    3.34
 207637.770   129.033    -3.51    3.25
 208014.672   127.863    -3.10    2.91
 208391.503   127.350    -1.36    2.41
 208768.264   127.582     0.61    2.38
 209144.955   128.856     3.38    2.95
 209521.575   130.912     5.46    2.73
 209898.125   133.664     7.31    3.55
 210274.604   136.936     8.69    5.82
 210651.013   141.986    13.41   11.65
 211027.352   147.442    14.50   14.23
 211403.620   147.950     1.35   14.87
 211779.819   145.354    -6.90   15.89
 212155.947   139.703   -15.02   12.84
 212532.005   133.694   -15.98    2.86
 212907.993   134.998     3.47    7.04
 213283.912   139.124    10.97   14.26
 213659.760   141.319     5.84   16.56
 214035.538   140.916    -1.07   16.29
 214411.246   138.233    -7.14   14.46
 214786.884   132.048   -16.46    4.26
 215162.453   129.974    -5.52    2.57
 215537.952   127.927    -5.45    2.81
 215913.381   125.974    -5.20    2.64
 216288.740   124.303    -4.45    2.06
 216664.030   123.230    -2.86    1.78
 217039.250   122.360    -2.32    1.43
 217414.400   121.854    -1.35    1.18
 217789.481   121.504    -0.93    0.97
 218164.492   121.198    -0.82    0.81
 218539.434   120.817    -1.01    0.69
 218914.307   120.528    -0.77    0.59
 219289.110   120.315    -0.57    0.55
 219663.843   120.307    -0.02    0.63
 220038.508   120.384     0.20    0.70
 220413.103   120.283    -0.27    0.89
 220787.628   119.817    -1.24    1.02
 221162.085   119.364    -1.21    0.80
 221536.472   119.150    -0.57    0.47
 221910.791   119.096    -0.15    0.33
 222285.040   119.275     0.48    0.49
 222659.220   119.468     0.51    0.65
 223033.331   119.834     0.98    0.81
 223407.373   120.372     1.44    0.99
 223781.346   121.105     1.96    1.16
 224155.250   121.789     1.83    1.15
 224529.086   122.276     1.30    1.23
 224902.852   122.516     0.64    1.50
 225276.550   122.841     0.87    1.84
 225650.179   123.262     1.12    1.82
 226023.739   124.105     2.26    1.75
 226397.231   125.203     2.94    1.60
 226770.654   127.033     4.90    2.21
 227144.008   128.641     4.31    2.29
 227517.294   130.456     4.86    2.21
 227890.511   132.157     4.56    1.76
 228263.660   132.974     2.19    1.71
 228636.740   133.641     1.79    1.69
 229009.752   134.206     1.51    1.50
 229382.696   134.641     1.17    1.18
 229755.571   135.021     1.02    1.02
 230128.378   135.283     0.70    1.02
 230501.117   135.523     0.64    0.92
 230873.787   135.764     0.65    0.90
 231246.389   135.859     0.25    1.06
 231618.923   135.752    -0.29    1.32
 231991.389   135.145    -1.63    1.89
 232363.787   134.431    -1.92    1.84
 232736.117   133.951    -1.29    1.32
 233108.379   133.986     0.10    0.96
 233480.573   134.267     0.75    0.87
 233852.699   134.567     0.81    0.70
 234224.757   134.858     0.78    0.54
 234596.747   135.120     0.71    0.61
 234968.669   135.620     1.34    0.91
 235340.524   136.060     1.18    1.17
 235712.311   136.550     1.32    1.50
 236084.030   137.010     1.24    1.72
 236455.681   138.046     2.79    3.56
 236827.265   139.174     3.03    5.16
 237198.781   140.391     3.27    5.15
 237570.230   141.527     3.06    4.13
 237941.611   142.653     3.03    3.52
 238312.925   144.107     3.91    4.37
 238684.171   145.843     4.68    5.51
 239055.350   148.105     6.09    7.39
 239426.461   149.522     3.82    7.37
 239797.505   149.179    -0.92    4.93
 240168.482   148.095    -2.92    2.71
 240539.392   147.105    -2.67    2.86
 240910.234   145.596    -4.07    2.90
 241281.009   143.769    -4.93    2.48
 241651.717   142.480    -3.48    2.02
 242022.358   142.010    -1.27    1.91
 242392.932   141.925    -0.23    1.89
 242763.439   141.769    -0.42    1.86
 243133.878   141.584    -0.50    1.83
 243504.251   141.133    -1.22    1.67
 243874.557   141.085    -0.13    2.65
 244244.796   140.809    -0.74    3.39
 244614.968   139.384    -3.85    3.60
 244985.073   137.462    -5.19    2.89
 245355.112   136.097    -3.69    1.85
 245725.083   135.462    -1.72    1.59
 246094.988   135.172    -0.79    1.53
 246464.827   134.937    -0.63    1.48
 246834.598   134.670    -0.72    1.44
 247204.303   134.421    -0.67    1.26
 247573.942   134.307    -0.31    1.18
 247943.514   134.291    -0.04    1.20
 248313.019   134.192    -0.27    1.22
 248682.458   134.162    -0.08    1.11
 249051.830   134.166     0.01    1.05
 249421.137   134.376     0.57    1.10
 249790.376   134.589     0.58    1.22
 250159.550   134.774     0.50    1.31
 250528.657   134.824     0.14    1.28
 250897.698   134.733    -0.25    1.17
 251266.673   134.787     0.14    1.07
 251635.581   134.948     0.44    1.05
 252004.423   135.127     0.48    1.03
