# NaN NaN NaN ;Mean Elev.(m), Avg Gradient(m/km), RMS Gradient(m/km) - SRTM1     
#    0.924   0.677  16.488 ;Mean Elev.(m), Avg Gradient(m/km), RMS Gradient(m/km) - ASTER GDEM
#    5.328   0.889  16.955 ;Mean Elev.(m), Avg Gradient(m/km), RMS Gradient(m/km) - GMTED2010 
  7 196.266024  62.077913     8.186     8.486  3 52443.91707071 15.281
  8 196.269944  62.078255     5.551     5.476  4 52478.91706434 13.046
  9 196.273962  62.078493     1.255     1.168  4 52513.91700916 21.823
 10 196.282842  62.078073    26.995    24.267  5 52548.91705283 13.426
 11 196.279781  62.077906     2.875     2.868  4 52583.91704532 35.066
 12 196.262559  62.078905     2.416     2.335  4 52618.91702215 41.250
 13 196.288542  62.078407     2.243     2.135  4 52653.91700178 20.367
 14 196.265344  62.078043     2.207     2.207  3 52688.91699993 19.655
 15 196.276702  62.077315     1.487     1.494  4 52723.91704496 26.460
 16 196.255217  62.077980     5.611     5.624  3 52758.91706569 23.472
 17 196.290868  62.078726     6.237     6.154  4 52793.91701836 15.107
 18 196.291415  62.077983     5.553     5.547  4 52828.91708591 18.152
 19 196.287957  62.076723     5.624     5.173  3 52863.91713100 48.587
 20 196.268967  62.077529     5.775     5.681  4 52898.91716073 12.895
 21 196.261551  62.078969     5.101     5.029  3 52933.91710521 18.288
 22 196.282923  62.077978     1.947     1.906  5 52968.91711700 31.712
 23 196.266472  62.077230     3.777     3.322  4 53003.91713814 14.622
 24 196.259621  62.078313     1.842     1.809  3 53038.91708722 13.687
 25 196.271073  62.079099     3.068     2.904  4 53073.91711605  9.103
 26 196.258026  62.078845     2.920     1.462  3 53108.91708733 27.747
 27 196.278412  62.077387    16.751     9.923  4 53143.91712626 14.456
 28 196.279305  62.079272    22.845    22.725  4 53178.91714344 15.743
 29 196.273953  62.079106     5.179     5.135  4 53213.91716493 15.442
 30 196.267026  62.077778     4.559     4.356  3 53248.91713488 19.694
 31 196.281408  62.077986     3.128     3.049  4 53283.91712817 47.848
 34 196.285178  62.077694     3.538     3.432  5 53388.91708851 17.100
 35 196.277674  62.076297     6.030     6.030  2 53423.91708832 11.021
 37 196.271087  62.078197     2.088     2.226  3 53493.91717841 40.147
 38 196.279265  62.077188    14.893     6.690  4 53528.91715491 23.299
 39 196.264850  62.078883     4.962     4.773  3 53563.91718537 19.773
 40 196.271571  62.078279     5.210     5.060  3 53598.91712646 12.981
 41 196.282698  62.078365    23.284    22.819  4 53633.91712218 20.293
 42 196.271452  62.077444     5.957     5.834  4 53668.91714456 16.489
 43 196.276413  62.078847     2.646     2.621  4 53703.91708465 25.445
 44 196.263120  62.077953     3.132     3.116  4 53738.91699438 12.981
 46 196.267155  62.077820     4.606     4.551  4 53808.91699646  6.852
 48 196.285014  62.079304     6.635     6.553  4 53878.91706575 26.218
 49 196.270728  62.078696     5.894     5.979  4 53913.91712077 19.457
 50 196.263267  62.077678    13.450     5.868  4 53948.91713322 15.915
 51 196.267202  62.079045     5.463     5.425  4 53983.91707270 15.110
 52 196.285594  62.077298    14.480     6.407  4 54018.91710493 17.351
 53 196.286969  62.078184     2.402     2.270  4 54053.91709618 35.813
 54 196.270389  62.077341     4.010     4.160  4 54088.91708839 13.648
 55 196.289314  62.078217     4.094     3.963  5 54123.91701026 10.399
 56 196.275770  62.079144     3.098     2.830  4 54158.91705257  9.978
 57 196.287398  62.078252     2.486     2.442  5 54193.91701286 11.150
 58 196.278591  62.079192     4.547     4.086  4 54228.91706450 39.253
 59 196.278828  62.078429    12.386     5.366  5 54263.91708297 18.637
 60 196.277582  62.077551     5.148     5.140  4 54298.91708715 17.635
 61 196.272749  62.079524     5.433     5.278  4 54333.91707730 15.692
 63 196.273629  62.078696     3.423     3.400  4 54403.91702116 48.468
 64 196.290411  62.078407     4.236     3.979  4 54438.91697783 22.119
 65 196.281779  62.078350     3.997     3.887  4 54473.91700717 13.790
 66 196.287841  62.078327     3.576     3.520  5 54508.91698986  9.216
 67 196.275589  62.077990     4.578     4.683  4 54543.91702180  8.934
 68 196.280246  62.078132     2.692     1.735  5 54578.91699039 18.186
 69 196.276897  62.078769    15.969     7.941  4 54613.91701169 18.706
 70 196.278270  62.078193    19.561    17.646  5 54648.91702049 19.849
 71 196.272030  62.079344     5.624     5.506  4 54683.91701858 13.405
 72 196.288694  62.077614    15.158     7.269  4 54718.91696527 14.478
 73 196.277715  62.077795     3.467     3.432  4 54753.91699219 33.964
 74 196.286613  62.078248     3.312     3.321  4 54788.91695842 24.550
 75 196.281399  62.078352     5.182     5.241  5 54823.91698704 10.138
 79 196.276638  62.078229     6.606     6.664  4 54963.91698875 24.888
 80 196.272202  62.077311    15.246     7.275  4 54998.91700974 18.578
 81 196.279812  62.078668    22.861    22.810  4 55033.91699710 16.032
 82 196.269996  62.078469     4.742     4.615  4 55068.91698623 17.810
 83 196.285437  62.078404    12.979     4.761  4 55103.91692549 22.312
 84 196.276880  62.078704     2.524     2.458  4 55138.91693355 42.744
 85 196.289032  62.078702     2.995     2.825  4 55173.91689351 35.474
 87 196.284567  62.078479     4.254     4.382  4 55243.91689925 14.571
 88 196.271326  62.078415     3.787     4.105  4 55278.91692228 10.291
 89 196.278559  62.078404     4.794     4.759  5 55313.91688551 10.382
 90 196.272246  62.077100    14.841     6.589  4 55348.91689321 19.700
 91 196.283551  62.077684    38.950    39.533  3 55383.91688463 16.692
 92 196.280434  62.079245    23.596    23.723  4 55418.91691134 16.197
 93 196.268997  62.078601     6.188     6.207  4 55453.91689101 21.192
 94 196.262859  62.078491     2.472     2.474  4 55488.91681166 51.064
