# NaN NaN NaN ;Mean Elev.(m), Avg Gradient(m/km), RMS Gradient(m/km) - SRTM1     
#   27.879  -8.889  30.090 ;Mean Elev.(m), Avg Gradient(m/km), RMS Gradient(m/km) - ASTER GDEM
#   46.685  -8.365  28.311 ;Mean Elev.(m), Avg Gradient(m/km), RMS Gradient(m/km) - GMTED2010 
  6 203.470007  64.660217    41.676    41.676  2 52442.30042243 47.897
  9 203.467186  64.661658    49.339    49.339  2 52547.30039811 42.191
 10 203.478489  64.661556    38.660    38.660  2 52582.30040773 49.537
 11 203.486324  64.661902    42.411    42.018  3 52617.30037987 22.622
 12 203.481982  64.661015    39.370    39.370  2 52652.30035492 14.602
 14 203.478090  64.660977    39.136    39.136  2 52722.30039904  6.961
 20 203.489470  64.662101    37.624    37.624  2 52932.30046263 13.566
 21 203.470580  64.661917    38.451    38.451  2 52967.30046639 19.651
 22 203.474304  64.661606    39.599    39.599  2 53002.30049232 11.033
 23 203.487290  64.662430    38.914    38.914  2 53037.30044127  7.682
 24 203.479043  64.661333    38.550    38.550  2 53072.30046606  5.109
 26 203.473289  64.660706    45.382    45.382  2 53142.30047482 30.418
 27 203.480730  64.660439    47.143    47.143  2 53177.30049919 19.096
 28 203.478627  64.661479    40.800    40.800  2 53212.30051938 49.197
 29 203.486868  64.662938    51.458    51.458  2 53247.30048811 25.665
 30 203.466349  64.659444    38.392    38.392  2 53282.30047679 16.130
 31 203.478167  64.661441    38.489    38.536  3 53317.30048129 25.484
 32 203.491170  64.662067    38.895    38.895  2 53352.30044666 11.447
 33 203.467818  64.660147    39.144    39.144  2 53387.30043836  6.980
 34 203.488395  64.661134    38.436    38.444  3 53422.30043956  5.874
 35 203.470048  64.661824    41.913    41.913  2 53457.30044558  5.279
 39 203.492832  64.661557    43.761    43.761  2 53597.30047907 47.539
 40 203.462358  64.659631    46.277    46.277  2 53632.30047469 37.219
 41 203.472559  64.662611    40.333    40.333  2 53667.30049732 41.978
 42 203.488443  64.662404    39.452    39.452  2 53702.30044341 14.937
 43 203.503355  64.661937    39.114    39.174  3 53737.30035278 13.315
 45 203.494910  64.661658    39.553    39.451  3 53807.30035119  5.955
 51 203.469558  64.661681    47.807    47.807  2 54017.30045671 11.404
 52 203.485655  64.662363    39.219    39.219  2 54052.30045234 27.737
 53 203.487172  64.661241    39.809    39.809  2 54087.30044400 16.490
 54 203.501250  64.662344    39.370    39.370  2 54122.30036794  9.619
 55 203.479615  64.661099    38.425    38.395  3 54157.30040576  8.419
 56 203.495023  64.662514    38.083    38.083  2 54192.30036726  5.438
 59 203.481611  64.662983    43.151    43.151  2 54297.30044173 18.726
 60 203.488655  64.660902    43.510    43.510  2 54332.30043165 46.680
 61 203.494792  64.661180    47.639    47.409  3 54367.30037296 13.635
 62 203.482420  64.662374    38.785    38.785  2 54402.30037482 46.005
 63 203.490049  64.660874    39.685    39.685  2 54437.30033148 11.760
 64 203.476441  64.661594    39.559    39.559  2 54472.30035995  9.060
 65 203.493538  64.661283    39.345    39.345  2 54507.30034301  9.730
 66 203.482193  64.661804    38.541    38.430  3 54542.30037444  7.568
 68 203.482196  64.661737    44.213    43.535  3 54612.30036562 22.407
 72 203.476017  64.661281    41.500    41.500  2 54752.30034543 45.203
 73 203.490035  64.661194    39.720    39.745  3 54787.30031123 22.528
 74 203.474234  64.662604    39.671    39.671  2 54822.30033998 10.936
 75 203.489825  64.661804    38.988    38.988  2 54857.30030744  6.266
 76 203.482110  64.661624    39.875    39.875  2 54892.30034237  5.799
 77 203.493593  64.661522    38.221    38.221  2 54927.30030549  5.923
 78 203.477352  64.660873    46.507    46.507  2 54962.30034173 43.676
 79 203.478956  64.661669    55.636    55.636  2 54997.30036269 14.278
 80 203.481007  64.662235    41.152    41.152  2 55032.30035227 50.263
 83 203.477510  64.662267    38.889    38.889  2 55137.30028746 49.618
 84 203.492316  64.660474    39.603    39.603  2 55172.30024845 14.877
 85 203.476367  64.661319    39.047    39.047  2 55207.30028151  9.759
 86 203.493133  64.661422    37.882    38.480  3 55242.30025341  9.997
 87 203.484427  64.661621    38.421    38.421  2 55277.30027522  7.236
 88 203.492012  64.662231    38.971    38.971  2 55312.30023907 20.181
 90 203.486945  64.660600    44.163    44.163  2 55382.30023621 14.303
 93 203.499057  64.660715    38.602    38.602  2 55487.30016813 47.747
