# NaN NaN NaN ;Mean Elev.(m), Avg Gradient(m/km), RMS Gradient(m/km) - SRTM1     
#   55.852  -0.838   7.204 ;Mean Elev.(m), Avg Gradient(m/km), RMS Gradient(m/km) - ASTER GDEM
#   45.033  -1.790   4.065 ;Mean Elev.(m), Avg Gradient(m/km), RMS Gradient(m/km) - GMTED2010 
  6 205.375363  64.928933    50.885    50.835  5 52420.29445239 50.862
  7 205.382639  64.927314    48.467    48.421  6 52455.29447586 22.486
  8 205.395767  64.924820    48.658    48.579  7 52490.29444999 47.577
 10 205.375659  64.928438    46.910    46.916  6 52560.29447873 43.780
 11 205.378861  64.928244    44.393    44.454  5 52595.29448601 44.704
 12 205.374832  64.929212    46.413    46.435  5 52630.29441988 26.010
 14 205.376199  64.928454    47.233    47.260  6 52700.29442056 10.879
 15 205.397272  64.924273    49.555    49.313  6 52735.29445170  5.893
 16 205.401458  64.923312    50.293    50.168  6 52770.29443759 41.864
 17 205.365495  64.932045    49.041    49.066  4 52805.29447831 32.191
 18 205.375799  64.928664    48.856    48.846  6 52840.29453843 49.745
 19 205.378992  64.927937    48.501    48.582  6 52875.29457731 40.793
 20 205.401946  64.924371    47.197    47.187  7 52910.29454614 50.198
 21 205.373657  64.929195    45.710    45.702  5 52945.29449076 47.361
 23 205.391785  64.925367    47.989    47.390  6 53015.29453415 10.960
 24 205.374563  64.928268    48.154    48.134  5 53050.29450981  8.964
 25 205.383868  64.927417    48.841    48.900  6 53085.29454550  7.152
 26 205.371735  64.929957    46.160    45.848  5 53120.29451656 33.133
 27 205.373431  64.928195    50.517    50.528  5 53155.29456941 47.987
 28 205.391138  64.926169    48.867    48.863  6 53190.29455902 46.342
 29 205.394152  64.925347    48.387    48.348  7 53225.29456781 49.356
 30 205.394832  64.925131    46.800    46.683  6 53260.29454226 51.397
 32 205.387211  64.926588    46.105    46.102  6 53330.29454458 26.797
 33 205.403569  64.922592    47.604    47.835  7 53365.29449255 10.455
 34 205.377304  64.928619    49.145    49.852  6 53400.29451967  7.523
 35 205.399089  64.923764    48.180    48.255  7 53435.29450813 10.647
 36 205.370845  64.930299    49.765    49.666  5 53470.29455625  6.777
 38 205.384283  64.926745    49.709    49.737  6 53540.29459539 43.961
 39 205.391046  64.924980    49.161    49.075  6 53575.29458856 52.175
 40 205.400654  64.923212    48.088    48.034  7 53610.29453882 45.495
 41 205.371793  64.929422    48.227    48.252  5 53645.29454404 52.381
 42 205.383872  64.926312    45.890    45.898  6 53680.29456013 41.507
 43 205.401922  64.923473    47.795    47.802  6 53715.29448708 24.663
 44 205.374397  64.929259    46.844    46.843  6 53750.29440549 16.973
 45 205.394659  64.925085    47.539    47.605  6 53785.29443456 12.383
 46 205.413189  64.919797    47.332    47.230  7 53820.29439185  9.662
 47 205.372725  64.928761    48.514    46.293  5 53855.29447891  4.556
 48 205.390486  64.925509    49.904    49.797  7 53890.29448812 22.151
 49 205.369766  64.929761    49.544    49.572  4 53925.29455412 51.418
 50 205.384995  64.927157    48.264    48.266  6 53960.29454149 43.619
 51 205.361861  64.932673    47.787    47.790  3 53995.29447930 52.070
 52 205.377363  64.927945    46.742    46.743  5 54030.29453410 51.227
 53 205.393461  64.925404    46.444    46.454  7 54065.29452685 21.874
 54 205.399010  64.923586    46.930    46.923  6 54100.29449069 20.642
 55 205.374079  64.928834    46.091    46.036  5 54135.29445387 17.444
 57 205.371461  64.929926    45.282    45.294  4 54205.29445867 27.460
 58 205.385579  64.926764    47.461    47.351  6 54240.29449166 46.259
 59 205.386193  64.926966    48.957    48.956  6 54275.29450765 45.639
 61 205.400656  64.924248    48.565    48.562  7 54345.29448350 49.052
 62 205.377119  64.928487    47.209    47.161  5 54380.29444571 49.596
 63 205.391636  64.925405    47.324    47.347  7 54415.29443238 26.267
 64 205.373206  64.928550    46.982    46.919  5 54450.29441365 13.487
 65 205.386688  64.927041    47.353    47.434  6 54485.29442812 12.984
 66 205.379273  64.927453    47.212    47.253  6 54520.29442674 11.265
 67 205.395962  64.924480    48.672    48.633  7 54555.29443865  8.835
 68 205.380025  64.928414    48.351    46.241  6 54590.29442302 26.069
 69 205.389873  64.924971    49.205    49.219  6 54625.29443862 52.451
 70 205.381859  64.927676    49.107    49.048  6 54660.29444762 42.635
 71 205.394567  64.925127    49.523    49.558  6 54695.29442538 52.198
 72 205.377330  64.928406    47.953    47.955  5 54730.29440299 53.183
 73 205.387375  64.925230    47.438    47.442  6 54765.29440378 44.797
 74 205.370428  64.930999    47.386    47.372  5 54800.29439723 27.480
 75 205.386032  64.927660    48.323    48.642  6 54835.29439579 10.744
 76 205.372986  64.929902    47.184    47.461  5 54870.29439443  9.375
 77 205.396395  64.924051    49.676    49.727  7 54905.29440342  5.707
 78 205.377132  64.928271    49.251    49.292  6 54940.29438595  5.541
 79 205.381394  64.928208    49.090    49.077  6 54975.29441551 50.416
 80 205.389507  64.925223    50.259    50.218  6 55010.29442619 20.029
 81 205.385910  64.925495    47.865    47.827  6 55045.29441719 47.077
 82 205.397953  64.924740    48.155    48.148  7 55080.29439161 51.673
 83 205.378611  64.928704    46.965    46.938  6 55115.29434998 50.002
 84 205.385123  64.927720    46.641    46.570  6 55150.29434897 23.309
 85 205.374340  64.928247    47.125    47.109  5 55185.29433452 21.990
 86 205.389602  64.925481    46.700    46.705  6 55220.29434652 14.308
 87 205.378643  64.928399    47.521    47.237  5 55255.29433034 12.747
 88 205.398366  64.923465    46.910    46.760  7 55290.29433524 11.350
 89 205.381647  64.928333    53.135    53.131  6 55325.29431645 45.342
 90 205.389413  64.925698    49.200    49.795  7 55360.29431303 30.781
 91 205.377097  64.928949    50.249    50.259  6 55395.29431927 36.988
 92 205.386264  64.926596    49.377    49.303  7 55430.29432881 52.121
 93 205.403422  64.923376    47.561    47.725  7 55465.29428928 25.087
