-161087.103    35.598     0.00    3.08
-160709.654    41.670    16.09   10.83
-160328.684    52.276    27.84   17.06
-159947.794    62.628    27.18   15.68
-159566.984    69.230    17.34    9.25
-159186.255    67.828    -3.68    7.71
-158805.607    63.185   -12.20    5.96
-158425.039    60.119    -8.06    2.64
-158044.551    59.553    -1.49    1.78
-157664.144    60.830     3.36    2.77
-157283.817    64.187     8.83    5.05
-156903.570    67.656     9.12    5.89
-156523.403    71.876    11.10    5.83
-156143.317    78.850    18.35   10.72
-155763.310    90.830    31.53   18.36
-155383.384   104.275    35.39   20.74
-155003.537   111.033    17.79   16.18
-154623.771   108.210    -7.43   19.29
-154244.084    93.936   -37.60   26.18
-153864.477    71.017   -60.38   31.59
-153484.950    48.259   -59.97   29.38
-153105.502    31.431   -44.35   21.02
-152726.135    20.635   -28.46    8.55
-152346.847    17.398    -8.54    3.07
-151967.638    17.004    -1.04    2.20
-151588.509    16.655    -0.92    1.45
-151209.460    16.582    -0.19    1.11
-150830.490    16.509    -0.19    0.83
-150451.599    16.732     0.59    0.87
-150072.787    17.187     1.20    1.15
-149694.055    17.872     1.81    1.58
-149315.402    17.995     0.33    1.51
-148936.829    18.254     0.68    1.67
-148558.334    18.420     0.44    1.77
-148179.919    18.830     1.08    1.81
-147801.582    19.667     2.21    1.97
-147423.325    21.047     3.65    2.32
-147045.146    22.840     4.74    2.80
-146667.046    24.460     4.28    2.70
-146289.026    26.819     6.24    4.52
-145911.084    33.025    16.42   11.27
-145533.220    43.199    26.93   16.20
-145155.436    54.720    30.50   16.61
-144777.730    65.982    29.82   13.56
-144400.102    76.199    27.06    9.48
-144022.554    82.764    17.39    6.81
-143645.083    86.384     9.59    3.93
-143267.691    87.050     1.77    4.32
-142890.378    84.656    -6.35    8.20
-142513.143    82.512    -5.68   11.06
-142135.986    82.080    -1.15   11.03
-141758.907    82.380     0.80    9.88
-141381.907    84.601     5.89    7.91
-141004.985    90.264    15.03   11.26
-140628.141    99.918    25.62   18.53
-140251.375   112.047    32.20   23.04
-139874.687   129.896    47.39   26.74
-139498.077   148.917    50.51   26.55
-139121.545   160.460    30.66   22.74
-138745.091   157.677    -7.39   24.91
-138368.714   140.210   -46.41   28.55
-137992.416   120.442   -52.54   22.94
-137616.195   103.417   -45.26   12.69
-137240.051    94.539   -23.61    9.82
-136863.986    86.438   -21.54    8.84
-136487.998    80.356   -16.18    7.58
-136112.087    74.058   -16.76    6.01
-135736.254    69.427   -12.32    5.11
-135360.499    65.112   -11.49    4.70
-134984.821    61.982    -8.33    3.93
-134609.220    59.090    -7.70    3.29
-134233.697    57.134    -5.21    3.54
-133858.250    54.851    -6.08    5.18
-133482.881    53.874    -2.60    8.35
-133107.590    53.512    -0.97   14.78
-132732.375    54.058     1.46   18.38
-132357.237    50.656    -9.07   21.23
-131982.176    44.623   -16.09   20.80
-131607.193    34.917   -25.89   12.45
-131232.286    31.275    -9.71    6.56
-130857.456    30.841    -1.16    3.56
-130482.703    32.960     5.65    4.06
-130108.027    35.009     5.47    4.70
-129733.427    36.851     4.92    4.72
-129358.905    38.797     5.20    4.72
-128984.459    38.993     0.52    4.96
-128610.089    37.131    -4.97    6.50
-128235.796    33.058   -10.88    7.61
-127861.579    27.764   -14.15    6.90
-127487.439    23.345   -11.81    5.65
-127113.376    20.719    -7.02    4.36
-126739.389    19.647    -2.87    3.73
-126365.478    19.443    -0.55    3.65
-125991.643    20.141     1.87    3.23
-125617.884    21.102     2.57    2.73
-125244.202    22.033     2.49    2.02
-124870.596    23.466     3.83    2.41
-124497.066    25.108     4.40    2.67
-124123.612    26.305     3.20    2.59
-123750.234    26.872     1.52    2.43
-123376.932    26.012    -2.30    3.69
-123003.706    24.177    -4.91    4.93
-122630.556    21.416    -7.40    5.52
-122257.481    18.558    -7.66    5.22
-121884.483    16.476    -5.58    3.90
-121511.560    14.645    -4.91    1.62
-121138.712    14.087    -1.50    1.10
-120765.941    13.917    -0.46    1.09
-120393.245    13.940     0.06    1.09
-120020.624    14.198     0.69    1.19
-119648.079    14.417     0.59    1.16
-119275.610    14.589     0.46    1.13
-118903.215    15.514     2.49    2.74
-118530.897    17.160     4.42    4.47
-118158.653    18.721     4.19    4.58
-117786.485    19.953     3.31    4.45
-117414.392    20.177     0.60    4.54
-117042.374    19.333    -2.27    4.15
-116670.431    18.373    -2.58    3.51
-116298.564    17.846    -1.42    3.08
-115926.771    17.536    -0.83    2.57
-115555.054    17.241    -0.79    2.38
-115183.411    16.449    -2.13    1.75
-114811.844    15.901    -1.48    1.16
-114440.351    15.453    -1.21    0.55
-114068.933    15.398    -0.15    0.53
-113697.589    15.808     1.11    1.17
-113326.321    17.356     4.17    3.14
-112955.127    20.976     9.75    5.38
-112584.008    25.248    11.51    5.70
-112212.963    29.431    11.27    4.23
-111841.993    31.907     6.68    2.76
-111471.098    33.367     3.94    2.21
-111100.277    33.861     1.33    2.81
-110729.530    34.208     0.93    3.75
-110358.858    34.457     0.67    4.55
-109988.260    34.190    -0.72    4.30
-109617.736    34.083    -0.29    3.57
-109247.287    34.799     1.93    2.99
-108876.912    36.995     5.93    4.35
-108506.610    40.164     8.56    4.84
-108136.384    43.493     8.99    5.23
-107766.231    47.741    11.48    6.14
-107396.152    53.634    15.92    8.35
-107026.147    60.270    17.94    9.26
-106656.216    65.993    15.47    7.77
-106286.359    68.203     5.98    5.72
-105916.575    67.468    -1.99    7.04
-105546.866    64.358    -8.41    8.56
-105177.230    61.293    -8.29    9.24
-104807.668    60.590    -1.90    8.98
-104438.180    64.454    10.46   10.03
-104068.765    73.449    24.35   16.09
-103699.424    88.341    40.32   23.02
-103330.157   104.656    44.18   23.86
-102960.963   112.253    20.58   18.96
-102591.842   106.842   -14.66   19.82
-102222.795    95.997   -29.39   17.51
-101853.821    92.676    -9.00   17.28
-101484.920   106.048    36.25   35.32
-101116.093   137.635    85.65   49.68
-100747.339   165.298    75.02   45.92
-100378.658   193.286    75.92   35.93
-100010.050   203.061    26.52   29.02
 -99641.516   193.292   -26.51   34.96
 -99273.054   170.907   -60.76   44.60
 -98904.666   137.901   -89.60   39.51
 -98536.350   111.742   -71.03   26.90
 -98168.107    95.955   -42.88   12.26
 -97799.938    97.949     5.42   17.26
 -97431.841   105.132    19.52   22.87
 -97063.817   114.297    24.90   24.87
 -96695.865   122.626    22.64   23.94
 -96327.987   130.064    20.22   24.12
 -95960.181   136.420    17.28   23.49
 -95592.448   144.453    21.85   19.89
 -95224.787   147.198     7.47   19.26
 -94857.199   146.864    -0.91   23.20
 -94489.683   145.210    -4.50   26.44
 -94122.240   139.834   -14.63   26.29
 -93754.869   133.156   -18.18   23.87
 -93387.570   125.009   -22.18   20.83
 -93020.344   116.083   -24.31   16.31
 -92653.191   109.596   -17.67   10.07
 -92286.109   106.149    -9.39    7.28
 -91919.100   103.124    -8.24    6.99
 -91552.162   100.276    -7.76    9.11
 -91185.297    99.160    -3.04   12.16
 -90818.504   103.153    10.89   17.92
 -90451.783   110.006    18.69   21.94
 -90085.134   117.661    20.88   23.83
 -89718.557   122.873    14.22   22.53
 -89352.052   123.997     3.07   25.77
 -88985.619   121.656    -6.39   24.12
 -88619.258   129.203    20.60   28.03
 -88252.968   139.842    29.05   28.13
 -87886.750   147.248    20.22   28.86
 -87520.604   152.164    13.43   33.72
 -87154.529   152.876     1.94   37.56
 -86788.526   152.374    -1.37   33.10
 -86422.595   149.232    -8.59   29.87
 -86049.547   139.764   -25.38   28.46
 -85668.736   125.709   -36.91   27.39
 -85288.004   108.371   -45.54   25.32
 -84907.351    94.226   -37.16   22.91
 -84526.776    83.576   -27.99   16.60
 -84146.279    77.342   -16.38   14.02
 -83765.860    74.291    -8.02   14.28
 -83385.520    75.120     2.18   19.07
 -83005.258    79.090    10.44   29.95
 -82625.074    83.476    11.53   37.81
 -82244.969    82.409    -2.81   43.02
 -81864.941    75.548   -18.05   42.11
 -81484.991    62.453   -34.47   30.44
 -81105.120    55.167   -19.18   23.66
 -80725.326    51.187   -10.48   17.22
 -80345.610    48.731    -6.47   11.83
 -79965.972    47.534    -3.15   11.16
 -79586.412    46.309    -3.23   10.17
 -79206.929    45.080    -3.24    7.70
 -78827.524    46.832     4.62    8.15
 -78448.197    48.840     5.30    7.70
 -78068.948    49.753     2.41    6.33
 -77689.776    48.536    -3.21    5.05
 -77310.681    47.211    -3.49    3.80
 -76931.664    49.347     5.63    7.10
 -76552.724    53.038     9.74    9.03
 -76173.862    58.622    14.74   10.59
 -75795.077    63.553    13.02    9.57
 -75416.369    66.204     7.00    7.64
 -75037.739    68.181     5.22    6.20
 -74659.185    71.158     7.86    9.40
 -74280.709    76.692    14.62   12.18
 -73902.310    83.933    19.14   13.36
 -73523.988    88.857    13.02   12.39
 -73145.743    91.376     6.66   12.50
 -72767.575    93.392     5.33   13.51
 -72389.483    97.303    10.34   16.16
 -72011.469   101.673    11.56   19.29
 -71633.531   106.644    13.15   21.02
 -71255.670   110.753    10.88   19.90
 -70877.886   111.545     2.10   18.23
 -70500.179   109.587    -5.18   15.67
 -70122.548   106.020    -9.45   10.65
 -69744.994   102.676    -8.86    9.10
 -69367.516    96.929   -15.22   10.72
 -68990.114    89.638   -19.32   11.90
 -68612.790    82.090   -20.00    9.13
 -68235.541    76.535   -14.73    5.76
 -67858.369    72.620   -10.38    8.85
 -67481.273    66.983   -14.95   12.08
 -67104.253    59.611   -19.55   13.57
 -66727.310    50.401   -24.43   12.67
 -66350.443    42.353   -21.35   10.52
 -65973.652    35.480   -18.24    7.12
 -65596.936    32.287    -8.48    4.13
 -65220.297    29.946    -6.21    2.13
 -64843.734    28.920    -2.73    1.78
 -64467.247    28.355    -1.50    1.84
 -64090.836    28.398     0.11    1.86
 -63714.500    30.292     5.03    3.91
 -63338.241    34.587    11.41    7.22
 -62962.057    43.589    23.93   12.92
 -62585.949    55.209    30.90   15.90
 -62209.916    66.652    30.43   12.95
 -61833.959    74.135    19.91    6.43
 -61458.078    76.480     6.24    1.83
 -61082.272    76.264    -0.57    1.65
 -60706.541    77.571     3.48    3.49
 -60330.887    81.057     9.28    5.94
 -59955.307    86.855    15.44    8.80
 -59579.803    92.453    14.91   10.88
 -59204.374    99.994    20.09   12.21
 -58829.020   106.742    17.98   13.13
 -58453.742   115.083    22.23   14.80
 -58078.538   122.542    19.88   16.50
 -57703.410   131.912    24.98   17.25
 -57328.357   138.287    17.00   16.87
 -56953.379   138.927     1.71   15.35
 -56578.476   134.864   -10.84   15.58
 -56203.648   131.655    -8.56   14.47
 -55828.894   132.409     2.01   15.08
 -55454.216   143.615    29.91   21.06
 -55079.612   158.487    39.70   24.89
 -54705.084   175.109    44.38   23.34
 -54330.629   181.431    16.88   20.13
 -53956.250   178.925    -6.69   21.27
 -53581.945   166.776   -32.46   22.64
 -53207.715   154.195   -33.62   18.27
 -52833.559   149.564   -12.38   15.41
 -52459.478   147.626    -5.18   14.03
 -52085.471   145.314    -6.18   14.53
 -51711.539   140.241   -13.57   16.50
 -51337.681   137.347    -7.74   18.52
 -50963.897   133.178   -11.15   21.37
 -50590.188   135.710     6.78   21.26
 -50216.552   140.526    12.89   20.00
 -49842.991   147.841    19.58   22.87
 -49469.505   163.633    42.28   27.64
 -49096.092   179.076    41.36   31.39
 -48722.753   197.350    48.95   27.45
 -48349.488   201.809    11.95   23.00
 -47976.298   198.872    -7.87   23.47
 -47603.181   190.888   -21.40   26.41
 -47230.138   174.455   -44.05   26.79
 -46857.169   159.618   -39.78   25.67
 -46484.274   149.730   -26.52   21.49
 -46111.452   147.995    -4.65   22.81
 -45738.704   152.833    12.98   23.66
 -45366.030   158.151    14.27   22.58
 -44993.430   157.117    -2.78   23.38
 -44620.903   156.131    -2.65   28.29
 -44248.449   155.489    -1.73   30.95
 -43876.069   152.562    -7.86   27.44
 -43503.763   154.167     4.31   25.60
 -43131.530   165.809    31.28   27.60
 -42759.370   182.933    46.01   27.46
 -42387.284   202.686    53.09   23.42
 -42015.271   211.787    24.47   20.81
 -41643.331   215.014     8.68   21.22
 -41271.464   211.551    -9.31   27.27
 -40899.670   207.374   -11.24   32.84
 -40527.950   201.045   -17.02   36.27
 -40156.303   207.567    17.55   39.15
 -39784.728   224.270    44.95   44.80
 -39413.227   249.102    66.84   52.91
 -39041.798   270.034    56.36   51.55
 -38670.443   288.059    48.54   47.34
 -38299.160   300.556    33.66   44.49
 -37927.950   308.035    20.15   41.83
 -37556.813   309.286     3.37   36.50
 -37185.749   309.633     0.94   29.17
 -36814.757   312.973     9.00   26.25
 -36443.838   304.991   -21.52   29.83
 -36072.991   290.989   -37.76   36.02
 -35702.217   277.106   -37.45   41.04
 -35331.516   275.787    -3.56   47.61
 -34960.887   280.247    12.03   55.20
 -34590.330   293.953    36.99   63.50
 -34219.846   299.469    14.89   63.85
 -33849.434   309.630    27.43   68.25
 -33479.094   311.281     4.46   64.26
 -33108.827   327.596    44.06   63.67
 -32738.632   327.764     0.46   61.56
 -32368.509   329.948     5.90   59.39
 -31998.458   343.609    36.92   56.93
 -31628.480   352.466    23.94   53.95
 -31258.573   355.973     9.48   50.62
 -30888.738   359.067     8.36   47.16
 -30518.976   349.927   -24.72   46.67
 -30149.285   345.752   -11.29   47.10
 -29779.666   346.464     1.93   42.68
 -29410.119   341.186   -14.28   40.82
 -29040.644   337.230   -10.71   40.56
 -28671.240   331.991   -14.18   41.44
 -28301.908   321.079   -29.54   45.52
 -27932.648   305.546   -42.07   43.86
 -27563.460   288.259   -46.83   44.72
 -27194.343   284.003   -11.53   49.94
 -26825.297   268.337   -42.45   48.27
 -26456.324   250.571   -48.15   44.48
 -26087.421   241.615   -24.28   38.88
 -25718.590   236.821   -13.00   44.04
 -25349.831   238.856     5.52   51.29
 -24981.142   240.909     5.57   47.79
 -24612.525   231.059   -26.72   42.25
 -24243.980   202.501   -77.49   50.79
 -23875.505   175.098   -74.37   37.74
 -23507.102   184.120    24.49   51.35
 -23138.770   207.560    63.64   61.29
 -22770.509   243.526    97.67   50.75
 -22402.319   265.535    59.78   40.58
 -22034.200   254.944   -28.77   51.89
 -21666.152   231.971   -62.42   66.34
 -21298.175   184.431  -129.20   69.13
 -20930.268   138.922  -123.70   56.89
 -20562.433    99.063  -108.36   40.45
 -20194.668    75.405   -64.33   29.86
 -19826.975    54.602   -56.58   16.15
 -19459.351    44.605   -27.19   11.53
 -19091.799    36.584   -21.82    6.17
 -18724.317    31.187   -14.69    5.72
 -18356.906    26.062   -13.95    4.77
 -17989.566    23.292    -7.54    4.11
 -17622.296    23.626     0.91    6.37
 -17255.096    30.064    17.53   13.55
 -16887.967    36.638    17.91   14.95
 -16520.908    44.034    20.15   12.12
 -16153.920    49.090    13.78    8.30
 -15787.002    55.980    18.78   12.40
 -15420.154    63.435    20.32   15.56
 -15053.377    71.416    21.76   12.17
 -14686.669    72.503     2.97    8.60
 -14320.032    71.069    -3.91    7.56
 -13953.465    68.514    -6.97    6.61
 -13586.968    64.523   -10.89   10.01
 -13220.541    59.060   -14.91   11.69
 -12854.184    54.730   -11.82    9.15
 -12487.897    56.495     4.82   10.27
 -12121.680    60.442    10.78    9.97
 -11755.533    66.057    15.33    8.28
 -11386.543    67.868     4.91    7.17
 -11005.889    67.071    -2.09    7.75
 -10625.311    66.446    -1.64    8.34
 -10244.809    63.310    -8.24    7.50
  -9864.384    61.603    -4.49    5.60
  -9484.035    64.571     7.80    7.56
  -9103.763    70.660    16.01   10.79
  -8723.566    83.820    34.61   24.36
  -8343.446    97.002    34.68   34.45
  -7963.402    97.830     2.18   30.86
  -7583.433    92.705   -13.49   23.92
  -7203.541    87.469   -13.78   12.94
  -6823.725    88.252     2.06   10.72
  -6443.985    94.146    15.52   12.83
  -6064.320    99.548    14.23   12.52
  -5684.732   102.048     6.59   12.04
  -5305.219   102.364     0.83   10.43
  -4925.782   101.933    -1.14    7.46
  -4546.421   103.985     5.41    6.29
  -4167.135   113.367    24.73   14.73
  -3787.925   124.994    30.66   16.80
  -3408.791   132.877    20.79   13.48
  -3029.732   135.259     6.28   13.11
  -2650.748   129.787   -14.44   16.08
  -2271.840   121.798   -21.08   13.28
  -1893.007   118.185    -9.54   12.85
  -1514.250   118.523     0.89   16.34
  -1135.568   115.351    -8.38   22.06
   -756.961    91.067   -64.14   47.37
   -378.429    58.247   -86.70   55.64
      0.027    22.560   -94.30   42.89
    378.408    -0.661   -61.37   15.21
    756.714    -5.000   -11.47    2.95
   1134.946    -4.584     1.10    2.86
   1513.102    -4.913    -0.87    2.12
   1891.183    -5.541    -1.66    1.19
   2269.190    -5.986    -1.17    0.51
   2647.121    -6.188    -0.54    0.34
   3024.978    -6.429    -0.64    0.40
   3402.760    -6.480    -0.13    0.43
   3780.467    -6.427     0.14    0.40
   4158.100    -6.367     0.16    0.34
   4535.657    -6.236     0.35    0.00
   4913.141    -6.236     0.00    0.00
   5290.550    -6.236     0.00    0.00
   5667.884    -6.236     0.00    0.00
   6045.144    -6.157     0.21    0.27
   6422.329    -5.983     0.46    0.46
   6799.440    -5.385     1.58    1.01
   7176.477    -4.640     1.98    1.21
   7553.439    -3.713     2.46    1.27
   7930.327    -2.771     2.50    1.02
   8307.141    -2.022     1.99    1.05
   8683.881    -1.061     2.55    1.33
   9060.547     0.935     5.30    4.06
   9437.139     5.086    11.02    7.22
   9813.656    11.696    17.56   10.26
  10190.100    21.974    27.30   11.83
  10566.470    32.394    27.69   14.64
  10942.766    45.567    35.01   18.22
  11318.988    58.923    35.50   19.18
  11695.136    69.113    27.09   18.73
  12071.210    76.208    18.86   19.06
  12447.211    84.125    21.06   19.51
  12823.138    92.173    21.41   21.66
  13198.991   105.856    36.40   27.16
  13574.771   117.639    31.36   32.04
  13950.477   132.427    39.36   37.38
  14326.110   141.087    23.05   38.24
  14701.669   148.392    19.45   36.81
  15077.155   160.230    31.53   35.26
  15452.567   171.121    29.01   33.59
  15827.907   185.253    37.65   28.37
  16203.172   206.357    56.24   32.61
  16578.365   230.891    65.39   37.66
  16953.484   249.994    50.93   41.74
  17328.531   252.405     6.43   47.10
  17703.504   237.578   -39.54   53.55
  18078.404   220.583   -45.33   42.69
  18453.231   226.236    15.08   43.72
  18827.985   250.063    63.58   55.36
  19202.666   274.102    64.16   41.15
  19577.274   266.489   -20.32   48.26
  19951.809   224.362  -112.47   67.00
  20326.272   188.730   -95.15   53.18
  20700.661   170.623   -48.36   32.69
  21074.978   180.696    26.91   42.84
  21449.222   213.443    87.50   53.38
  21823.394   253.594   107.31   53.10
  22197.493   288.416    93.08   50.20
  22571.519   304.469    42.92   48.59
  22945.473   312.764    22.18   53.49
  23319.354   320.026    19.42   51.78
  23693.163   326.229    16.59   41.80
  24066.900   327.548     3.53   29.59
  24440.564   320.404   -19.12   31.92
  24814.156   308.083   -32.98   35.96
  25187.675   296.532   -30.92   30.74
  25561.122   291.923   -12.34   30.12
  25934.497   290.094    -4.90   26.09
  26307.800   286.776    -8.89   20.45
  26681.031   292.247    14.66   21.91
  27054.190   305.117    34.49   22.46
  27427.277   325.210    53.86   25.01
  27800.291   349.014    63.81   35.77
  28173.234   379.716    82.32   38.06
  28546.105   398.535    50.47   30.38
  28918.904   405.620    19.01   26.88
  29291.631   395.124   -28.16   32.81
  29664.287   382.801   -33.07   35.02
  30036.870   371.787   -29.56   39.56
  30409.382   362.167   -25.82   41.32
  30781.822   343.253   -50.78   39.52
  31154.191   317.777   -68.41   32.81
  31526.488   300.083   -47.53   27.60
  31898.714   288.704   -30.57   18.86
  32270.868   283.342   -14.41   19.51
  32642.950   284.933     4.28   20.42
  33014.962   293.879    24.05   21.57
  33386.901   301.395    20.21   22.80
  33758.770   319.339    48.25   26.17
  34130.567   333.541    38.20   25.81
  34502.293   343.052    25.59   23.40
  34873.948   343.270     0.59   20.26
  35245.531   333.230   -27.02   23.46
  35617.044   317.602   -42.07   22.93
  35988.485   303.102   -39.04   21.95
  36359.855   297.113   -16.12   24.43
  36731.155   296.846    -0.72   28.00
  37102.383   306.219    25.25   28.22
  37473.541   313.548    19.75   23.88
  37844.627   317.106     9.59   17.42
  38215.643   309.339   -20.93   21.05
  38586.588   292.109   -46.45   27.67
  38957.462   267.950   -65.14   29.60
  39328.265   254.822   -35.40   25.54
  39698.998   250.943   -10.46   23.09
  40069.660   254.435     9.42   23.04
  40440.251   257.407     8.02   18.71
  40810.772   250.923   -17.50   24.57
  41181.223   231.270   -53.05   34.23
  41551.603   209.139   -59.75   40.49
  41921.912   190.594   -50.08   39.55
  42292.151   173.503   -46.16   33.44
  42662.320   157.362   -43.60   27.10
  43032.418   139.787   -47.48   21.90
  43402.446   126.338   -36.35   15.99
  43772.404   116.512   -26.56   10.14
  44142.292   113.300    -8.68    7.63
  44512.109   121.971    23.45   21.23
  44881.857   145.407    63.38   40.50
  45251.534   179.788    93.00   51.84
  45621.141   220.450   110.01   54.74
  45990.678   253.859    90.40   46.52
  46360.146   263.105    25.03   38.39
  46729.543   248.605   -39.25   47.66
  47098.870   220.353   -76.49   48.75
  47468.128   197.311   -62.40   35.03
  47837.316   200.264     8.00   46.04
  48206.434   208.800    23.12   52.16
  48575.482   211.718     7.91   48.78
  48944.461   196.800   -40.43   49.71
  49313.370   166.856   -81.16   42.14
  49682.209   137.228   -80.33   26.84
  50050.979   118.615   -50.47   17.86
  50419.679   106.020   -34.16   12.26
  50788.310    97.242   -23.81    9.75
  51156.871    91.042   -16.82    9.37
  51525.363    85.776   -14.29    8.64
  51893.786    81.553   -11.46    7.26
  52262.139    77.603   -10.72    4.16
  52630.423    75.671    -5.25    1.96
  52998.638    74.661    -2.74    1.14
  53366.783    74.217    -1.21    0.90
  53734.859    74.305     0.24    1.70
  54102.866    75.834     4.16    5.75
  54470.804    80.753    13.37   14.46
  54838.673    87.323    17.86   21.25
  55206.473    96.526    25.02   27.59
  55574.204   108.060    31.36   34.97
  55941.866   125.020    46.13   43.48
  56309.459   140.144    41.14   43.81
  56676.983   151.057    29.69   42.92
  57044.439   148.017    -8.27   39.73
  57411.825   139.118   -24.22   32.48
  57779.143   139.578     1.25   25.85
  58146.392   148.009    22.95   29.07
  58513.573   172.121    65.67   40.01
  58880.685   193.811    59.08   34.85
  59247.728   203.992    27.74   25.54
  59614.702   200.074   -10.68   30.01
  59981.609   191.462   -23.47   32.69
  60348.446   182.125   -25.45   28.76
  60715.215   173.372   -23.86   28.12
  61081.916   165.446   -21.61   25.79
  61448.549   156.691   -23.88   20.06
  61815.113   160.420    10.17   21.34
  62181.608   169.826    25.66   24.14
  62548.036   179.408    26.15   24.10
  62914.395   185.657    17.06   23.57
  63280.686   189.299     9.94   20.20
  63660.152   188.467    -2.19   17.37
  64040.578   179.845   -22.66   21.96
  64420.930   166.308   -35.59   22.27
  64801.207   147.788   -48.70   23.15
  65181.410   129.594   -47.85   21.78
  65561.539   115.937   -35.93   21.89
  65941.594   103.085   -33.81   11.99
  66321.575    96.603   -17.06    8.44
  66701.482    92.586   -10.57   11.02
  67081.314    88.362   -11.12   12.07
  67461.073    87.102    -3.32    9.75
  67840.757    93.526    16.92   15.47
  68220.368   106.162    33.29   19.68
  68599.905   122.708    43.59   23.96
  68979.368   140.764    47.58   26.03
  69358.757   153.993    34.87   21.28
  69738.072   155.980     5.24   18.03
  70117.314   152.648    -8.79   20.74
  70496.482   145.845   -17.94   24.11
  70875.577   139.882   -15.73   25.48
  71254.598   132.543   -19.36   21.24
  71633.545   130.472    -5.47   16.78
  72012.419   139.497    23.82   22.22
  72391.219   152.350    33.93   23.27
  72769.946   155.625     8.65   25.07
  73148.599   150.740   -12.90   31.31
  73527.180   137.071   -36.10   32.77
  73905.687   121.159   -42.04   25.29
  74284.120   109.040   -32.02   26.91
  74662.481    91.679   -45.88   27.39
  75040.768    81.063   -28.06   23.36
  75418.982    81.976     2.41   29.07
  75797.124    89.891    20.93   32.69
  76175.192    97.496    20.11   28.98
  76553.187    93.431   -10.75   23.94
  76931.109    86.520   -18.29   19.33
  77308.958    86.967     1.18   19.61
  77686.735    88.450     3.93   18.78
  78064.438    90.482     5.38   17.28
  78442.069    92.919     6.45   20.41
  78819.627    98.043    13.57   30.98
  79197.113   107.764    25.75   36.16
  79574.525   116.126    22.15   35.24
  79951.866   117.270     3.03   34.75
  80329.133   108.953   -22.05   33.76
  80706.328    91.879   -45.26   30.00
  81083.451    80.078   -31.29   28.88
  81460.501    62.879   -45.61   26.61
  81837.478    51.860   -29.23   23.43
  82214.384    43.764   -21.48   21.82
  82591.217    35.533   -21.84   18.43
  82967.978    28.810   -17.84   16.35
  83344.666    21.838   -18.51   11.49
  83721.282    17.891   -10.48    7.89
  84097.826    14.888    -7.97    3.70
  84474.298    15.346     1.22    4.92
  84850.698    16.690     3.57    5.86
  85227.026    21.011    11.48    9.31
  85603.282    26.152    13.66   11.81
  85979.466    32.401    16.61   13.95
  86355.578    39.184    18.03   15.13
  86731.618    45.638    17.16   16.66
  87107.587    55.655    26.64   19.05
  87483.483    64.625    23.86   18.40
  87859.308    68.826    11.18   13.85
  88235.061    60.718   -21.58   16.65
  88610.743    49.362   -30.23   15.55
  88986.352    38.788   -28.15   12.03
  89361.891    30.548   -21.94    7.49
  89737.357    26.753   -10.11    4.00
  90112.752    26.126    -1.67    3.89
  90488.076    28.218     5.57    6.08
  90863.329    31.403     8.49    7.27
  91238.509    34.082     7.14    7.52
  91613.619    38.176    10.91    8.84
  91988.657    42.397    11.25   11.04
  92363.624    49.078    17.82   11.88
  92738.520    54.479    14.41   12.83
  93113.345    59.484    13.35   17.87
  93488.098    65.125    15.05   22.23
  93862.781    72.869    20.67   24.73
  94237.392    79.684    18.19   23.08
  94611.932    89.026    24.94   18.51
  94986.402    94.067    13.46   20.08
  95360.800    94.246     0.48   24.72
  95735.128    89.253   -13.34   29.83
  96109.384    76.543   -33.96   33.78
  96483.570    58.694   -47.70   32.93
  96857.685    38.054   -55.17   25.79
  97231.730    26.567   -30.71   18.79
  97605.703    16.788   -26.15    8.90
  97979.606    13.188    -9.63    5.60
  98353.439    10.369    -7.54    3.15
  98727.200     8.532    -4.92    3.82
  99100.892     7.246    -3.44    4.03
  99474.512     6.625    -1.66    3.78
  99848.063     7.482     2.29    3.74
 100221.543     9.040     4.17    3.64
 100594.952    11.276     5.99    3.00
 100968.291    13.613     6.26    3.75
 101341.560    18.666    13.53    8.15
 101714.759    26.660    21.42   13.66
 102087.887    37.171    28.17   18.24
 102460.945    42.236    13.57   20.07
 102833.933    41.586    -1.74   21.65
 103206.851    33.907   -20.59   20.67
 103579.699    24.289   -25.80   15.39
 103952.477    17.776   -17.47    8.35
 104325.185    14.811    -7.95    3.23
 104697.823    14.171    -1.72    1.43
 105070.391    14.581     1.10    0.94
 105442.889    15.106     1.41    1.23
 105815.318    16.533     3.83    3.22
 106187.676    18.224     4.54    5.08
 106559.965    20.933     7.28    6.91
 106932.184    23.823     7.76    7.79
 107304.334    26.950     8.40    8.30
 107676.413    33.567    17.78   12.20
 108048.424    41.913    22.43   15.84
 108420.364    55.155    35.60   24.19
 108792.235    71.514    43.99   27.99
 109164.037    93.592    59.37   34.46
 109535.769   115.902    60.01   28.58
 109907.432   126.339    28.08   18.17
 110279.026   124.027    -6.22   20.10
 110650.550   101.917   -59.51   30.61
 111022.005    77.827   -64.85   27.90
 111393.390    56.800   -56.61   27.11
 111764.707    40.464   -43.99   21.04
 112135.954    32.881   -20.43   18.92
 112507.132    28.085   -12.92   19.25
 112878.241    27.730    -0.96   20.20
 113249.281    27.935     0.55   21.02
 113620.252    22.009   -15.97   21.28
 113991.154    18.078   -10.60   20.43
 114361.987    11.305   -18.26   16.25
 114732.752     6.960   -11.72   11.83
 115103.447     4.955    -5.41   11.75
 115474.073     4.993     0.10   12.91
 115844.631     3.529    -3.95   12.36
 116215.120     1.567    -5.30   10.93
 116585.540    -0.777    -6.33    9.05
 116955.892    -3.368    -7.00    5.63
 117326.175    -4.948    -4.27    4.71
 117696.389    -5.938    -2.67    4.98
 118066.535    -6.718    -2.11    4.80
 118436.613    -7.918    -3.24    4.13
 118806.622    -8.730    -2.19    3.45
 119176.562    -9.636    -2.45    2.90
 119546.434   -10.838    -3.25    2.82
 119916.238   -12.105    -3.42    2.30
 120285.973   -12.878    -2.09    1.64
 120655.640   -13.247    -1.00    1.22
 121025.239   -13.343    -0.26    1.13
 121394.769   -13.659    -0.86    1.10
 121764.232   -14.286    -1.70    0.99
 122133.626   -14.782    -1.34    0.68
 122502.952   -15.046    -0.71    0.43
 122872.210   -15.094    -0.13    0.35
 123241.400   -14.894     0.54    0.48
 123610.522   -14.471     1.15    0.67
 123979.577   -13.952     1.41    0.66
 124348.563   -13.447     1.37    0.64
 124717.481   -13.140     0.83    0.59
 125086.332   -12.829     0.85    0.77
 125455.114   -12.504     0.88    0.90
 125823.829   -11.930     1.56    1.11
 126192.477   -11.341     1.60    1.14
 126561.056   -10.561     2.12    1.05
 126929.568    -9.843     1.95    0.92
 127298.012    -9.096     2.03    0.90
 127666.389    -8.414     1.85    0.89
 128034.698    -7.614     2.17    0.95
 128402.940    -6.829     2.13    0.96
 128771.114    -5.992     2.27    0.92
 129139.221    -5.305     1.87    0.95
 129507.260    -4.465     2.28    0.93
 129875.232    -3.631     2.27    1.01
 130243.137    -2.780     2.31    0.94
 130610.975    -2.052     1.98    0.91
 130978.745    -1.273     2.12    1.07
 131346.448    -0.387     2.41    1.25
 131714.084     0.577     2.62    1.14
 132081.652     1.569     2.70    1.05
 132449.154     2.460     2.42    1.05
 132816.588     3.439     2.66    1.13
 133183.956     4.353     2.49    1.09
 133551.256     5.353     2.72    1.13
 133918.490     6.210     2.33    1.07
 134285.657     7.150     2.56    1.02
 134652.756     7.904     2.05    0.97
 135019.789     8.703     2.18    0.95
 135386.756     9.323     1.69    0.97
 135753.655    10.005     1.86    0.92
 136120.488    10.590     1.59    0.97
 136487.254    11.081     1.34    0.97
 136853.953    11.462     1.04    1.22
 137220.586    11.564     0.28    1.49
 137587.152    11.485    -0.22    1.76
 137953.651    11.277    -0.57    2.02
 138329.320    11.054    -0.59    2.23
 138709.593    10.752    -0.79    2.54
 139089.794    10.917     0.44    2.68
 139469.923    11.701     2.06    2.85
 139849.979    13.094     3.66    2.67
 140229.964    14.641     4.07    1.54
 140609.876    15.334     1.82    0.83
 140989.715    15.718     1.01    0.21
 141369.483    15.741     0.06    0.34
 141749.179    15.861     0.32    0.82
 142128.802    16.023     0.43    1.08
 142508.354    16.282     0.68    1.69
 142887.833    16.981     1.84    3.20
 143267.241    16.941    -0.11    2.85
 143646.576    16.695    -0.65    2.00
 144025.840    16.869     0.46    2.91
 144405.032    17.164     0.78    3.49
 144784.153    17.776     1.61    4.32
 145163.201    22.220    11.72    9.91
 145542.178    34.306    31.89   18.16
 145921.083    48.414    37.23   21.56
 146299.917    62.038    35.96   23.76
 146678.679    76.639    38.55   25.50
 147057.370    88.328    30.86   25.39
 147435.989    95.186    18.11   21.90
 147814.536    98.919     9.86   19.83
 148193.012    99.826     2.40   21.54
 148571.417    99.741    -0.23   23.07
 148949.751   101.364     4.29   23.96
 149328.013   107.455    16.10   24.21
 149706.204   112.523    13.40   27.02
 150084.324   112.764     0.64   35.05
 150462.372   110.317    -6.47   40.83
 150840.350   102.557   -20.53   39.18
 151218.256    95.502   -18.67   32.64
 151596.092    88.346   -18.94   27.03
 151973.856    75.600   -33.74   22.06
 152351.549    63.814   -31.20   17.54
 152729.172    55.348   -22.42   12.28
 153106.723    51.169   -11.07   11.02
 153484.204    46.294   -12.91    9.74
 153861.614    41.002   -14.02    6.85
 154238.953    37.098   -10.35    4.99
 154616.222    34.777    -6.15    4.68
 154993.420    35.541     2.03    6.84
 155370.547    37.552     5.33    9.80
 155747.603    37.538    -0.04    9.99
 156124.589    36.036    -3.98    8.48
 156501.505    33.067    -7.88    5.62
 156878.350    30.299    -7.34    4.02
 157255.124    28.848    -3.85    5.02
 157631.828    28.863     0.04    7.93
 158008.462    29.550     1.82    9.42
 158385.025    28.211    -3.55    8.25
 158761.518    25.693    -6.69    7.01
 159137.941    22.923    -7.36    7.10
 159514.294    19.411    -9.33    7.24
 159890.576    15.126   -11.39    6.55
 160266.789    12.620    -6.66    6.56
 160642.931    10.776    -4.90    6.60
 161019.003     8.270    -6.66    6.67
 161395.005     6.169    -5.59    6.12
 161770.937     4.179    -5.29    4.79
 162146.799     2.572    -4.28    3.07
 162522.592     2.193    -1.01    2.69
 162898.314     1.927    -0.71    2.52
 163273.967     1.555    -0.99    2.11
 163649.550     1.081    -1.26    1.13
 164025.063     0.801    -0.75    0.25
 164400.506     0.787    -0.04    0.15
 164775.880     0.876     0.23    0.39
 165151.184     1.094     0.58    0.70
 165526.419     1.577     1.29    1.13
 165901.584     2.253     1.80    1.50
 166276.679     2.613     0.96    1.60
 166651.705     2.487    -0.33    1.72
 167026.662     1.726    -2.03    1.47
 167401.549     1.164    -1.50    0.88
 167776.367     0.952    -0.57    0.48
 168151.115     1.129     0.47    0.69
 168525.794     1.457     0.87    0.97
 168900.404     1.872     1.11    1.20
 169274.945     2.114     0.65    1.40
 169649.417     2.047    -0.18    1.58
 170023.819     2.213     0.44    1.77
 170398.152     2.703     1.31    2.30
 170772.417     3.136     1.16    2.91
 171146.612     3.706     1.52    3.49
 171520.738     4.207     1.34    3.66
 171894.796     4.463     0.68    3.61
 172268.784     4.527     0.17    3.99
 172642.704     4.253    -0.73    4.16
 173016.555     4.246    -0.02    4.38
 173390.337     4.838     1.58    5.10
 173764.050     6.925     5.58    5.69
 174137.694    10.052     8.37    5.90
 174511.270    12.900     7.62    5.06
 174884.778    14.435     4.11    3.62
 175258.216    15.539     2.96    2.45
 175631.586    15.497    -0.11    2.69
 176004.888    14.517    -2.62    2.90
 176378.121    13.130    -3.72    3.36
 176751.286    11.258    -5.02    4.11
 177124.382     8.753    -6.71    4.54
 177497.410     5.862    -7.75    3.96
 177870.369     3.391    -6.62    2.81
 178243.260     1.913    -3.96    1.91
 178616.083     1.447    -1.25    1.49
 178988.838     1.616     0.45    1.34
 179361.525     1.860     0.65    1.37
 179734.143     2.052     0.52    1.38
 180106.693     1.836    -0.58    1.44
 180479.176     1.289    -1.47    1.53
 180851.590     2.306     2.73    3.82
 181223.936     3.357     2.82    4.61
 181596.214     3.883     1.41    4.68
 181968.425     3.974     0.24    4.54
 182340.567     4.223     0.67    5.20
 182712.642     4.039    -0.49    5.45
 183084.648     3.277    -2.05    4.74
 183456.587     2.122    -3.10    4.00
 183828.459     0.847    -3.43    2.78
 184200.262     0.043    -2.16    1.91
 184571.998    -0.404    -1.20    1.84
 184943.666    -0.729    -0.87    2.17
 185315.267    -1.165    -1.17    2.36
 185686.800    -1.641    -1.28    3.02
 186058.266    -1.926    -0.77    3.98
 186429.664    -2.185    -0.70    5.43
 186800.995    -3.012    -2.23    5.23
 187172.258    -4.223    -3.26    4.73
 187543.454    -5.200    -2.63    5.10
 187914.582    -6.107    -2.44    7.14
 188285.644    -7.071    -2.60    8.65
 188656.638    -8.095    -2.76    9.12
 189027.565    -8.819    -1.95    8.87
 189398.424    -8.995    -0.47    9.58
 189769.217    -9.553    -1.51   10.17
 190139.942   -10.248    -1.87   10.29
 190510.600   -12.103    -5.00    8.69
 190881.192   -13.501    -3.77    6.02
 191251.716   -14.977    -3.98    3.62
 191622.173   -16.124    -3.10    1.88
 191992.564   -16.906    -2.11    1.60
 192362.887   -17.557    -1.76    2.14
 192733.144   -18.317    -2.05    2.57
 193103.333   -18.967    -1.76    2.70
 193473.456   -19.943    -2.64    2.35
 193843.513   -20.623    -1.84    1.69
 194213.502   -21.036    -1.11    0.75
 194583.425   -21.199    -0.44    0.19
 194953.281   -21.355    -0.42    0.70
 195323.071   -21.297     0.16    0.45
 195692.794   -21.248     0.13    0.11
 196062.450   -21.236     0.03    0.00
 196432.040   -21.236     0.00    0.00
 196801.564   -21.260    -0.07    0.16
 197171.021   -21.284    -0.07    0.22
 197540.412   -21.440    -0.42    0.82
 197909.736   -21.821    -1.03    1.42
 198278.994   -21.652     0.46    1.55
 198648.186   -21.436     0.59    1.91
 199017.312   -21.396     0.11    2.18
 199386.371   -20.565     2.25    2.73
 199755.364   -19.968     1.62    2.94
 200124.291   -19.373     1.61    2.86
 200493.152   -19.016     0.97    2.30
 200861.947   -19.005     0.03    1.94
 201230.676   -18.824     0.49    1.85
 201599.338   -18.671     0.41    1.63
 201967.935   -18.212     1.25    1.48
 202336.466   -18.056     0.42    1.30
 202704.931   -17.800     0.69    0.98
 203073.330   -17.679     0.33    0.86
 203441.664   -17.915    -0.64    1.01
 203809.931   -17.952    -0.10    1.08
 204178.133   -18.154    -0.55    1.29
 204546.269   -18.063     0.25    1.27
 204914.340   -17.882     0.49    1.19
 205282.344   -17.601     0.76    0.88
 205650.284   -17.406     0.53    0.78
 206018.157   -17.162     0.66    0.41
 206385.965   -17.151     0.03    0.42
 206753.708   -17.162    -0.03    0.38
 207121.385   -17.309    -0.40    0.83
 207488.997   -17.162     0.40    0.99
 207856.543   -16.833     0.90    1.05
 208224.024   -16.310     1.42    0.85
 208591.439   -15.816     1.34    0.72
 208958.790   -15.471     0.94    0.43
 209326.075   -15.248     0.61    0.11
 209693.294   -15.236     0.03    0.00
 210060.449   -15.236     0.00    0.00
 210427.539   -15.236     0.00    0.00
 210794.563   -15.236     0.00    0.00
 211161.522   -15.236     0.00    0.00
 211528.416   -15.236     0.00    0.00
 211895.246   -15.236     0.00    0.00
 212262.010   -15.223     0.03    0.11
 212628.709   -14.845     1.03    1.07
 213000.878   -13.223     4.36    3.57
 213381.004    -9.071    10.92    7.01
 213761.060    -2.161    18.18   10.53
 214141.045     8.838    28.94   14.53
 214520.960    23.123    37.60   20.70
 214900.804    41.917    49.47   29.54
 215280.578    64.598    59.71   35.46
 215660.282    91.240    70.15   38.25
 216039.916   118.952    72.98   38.34
 216419.479   137.659    49.28   31.82
 216798.972   144.394    17.75   28.74
 217178.395   142.203    -5.77   34.50
 217557.749   126.463   -41.49   41.85
 217937.032   109.545   -44.60   42.10
 218316.245    95.838   -36.14   39.94
 218695.388    91.216   -12.19   39.15
 219074.461    99.950    23.04   42.13
 219453.464   111.382    30.16   42.96
 219832.398   117.611    16.44   40.56
 220211.262   123.752    16.20   40.18
 220590.055   127.210     9.13   36.11
 220968.780   125.115    -5.53   34.18
 221347.434   114.400   -28.29   37.80
 221726.019    91.701   -59.95   35.63
 222104.534    78.825   -34.01   30.55
 222482.980    79.715     2.35   30.05
 222861.356    87.082    19.47   30.80
 223239.663    90.332     8.59   26.94
 223617.900    91.826     3.95   24.09
 223996.068    92.606     2.06   25.76
 224374.166    95.703     8.19   25.82
 224752.196   104.203    22.48   25.82
 225130.155   112.258    21.31   23.12
 225508.046   117.350    13.47   20.49
 225885.867   114.027    -8.79   20.05
 226263.619   100.846   -34.89   26.07
 226641.302    83.539   -45.81   26.48
 227018.916    68.629   -39.48   19.07
 227396.461    66.046    -6.84   17.56
 227773.937    76.694    28.20   25.48
 228151.343    89.598    34.18   23.54
 228528.681    91.276     4.45   21.61
 228905.950    91.572     0.78   19.34
 229283.150    95.800    11.21   22.65
 229660.281   110.514    39.01   32.27
 230037.344   130.419    52.78   34.11
 230414.337   145.036    38.77   31.86
 230791.262   147.451     6.41   28.25
 231168.118   152.419    13.18   24.55
 231544.906   162.379    26.43   23.58
 231921.624   168.374    15.91   22.78
 232298.275   160.899   -19.84   31.43
 232674.856   138.142   -60.42   45.26
 233051.370   113.886   -64.41   45.41
 233427.814    85.024   -76.66   36.56
 233804.191    69.332   -41.68   31.54
 234180.499    58.729   -28.17   23.37
 234556.738    52.852   -15.62   12.87
 234932.909    55.406     6.79   12.52
 235309.012    58.414     8.00   13.06
 235685.047    58.752     0.90   13.31
 236061.013    58.726    -0.07   12.71
 236436.912    58.899     0.46   10.46
 236812.742    62.659    10.00   10.18
 237188.504    68.655    15.95   10.68
 237564.198    75.995    19.53    8.90
 237939.824    80.517    12.04    8.41
 238315.382    84.699    11.13    9.48
 238690.872    90.996    16.77   13.41
 239066.294   101.998    29.30   18.32
 239441.648   120.153    48.36   24.48
 239816.935   140.189    53.38   26.45
 240192.153   160.246    53.44   26.42
 240567.304   177.382    45.67   23.60
 240942.387   189.329    31.85   23.26
 241317.403   191.863     6.76   23.92
 241692.351   182.456   -25.09   27.17
 242067.231   165.179   -46.08   28.39
 242442.043   147.837   -46.26   27.01
 242816.788   129.036   -50.16   21.15
 243191.466   115.923   -34.99   16.06
 243566.076   106.592   -24.90   14.05
 243940.618   102.045   -12.14   16.63
 244315.094   100.196    -4.93   17.40
 244689.501   102.008     4.84   17.57
 245063.842   110.245    22.00   21.99
 245438.115   118.838    22.95   22.88
 245812.321   131.484    33.79   21.03
 246186.460   136.911    14.50   18.93
 246560.531   138.560     4.41   15.76
 246934.536   134.394   -11.14   18.39
 247308.473   121.313   -34.97   21.61
 247682.343   105.443   -42.44   20.46
 248056.146    90.693   -39.45   18.75
 248429.883    81.789   -23.82   21.07
 248803.552    74.423   -19.71   23.54
 249177.154    64.321   -27.03   22.67
 249550.690    54.801   -25.48   18.38
 249924.158    48.020   -18.15   11.82
 250297.560    45.369    -7.10    8.20
 250670.895    51.826    17.29   16.87
 251044.163    64.270    33.33   21.71
 251417.364    74.419    27.19   18.98
 251790.499    82.172    20.77   17.25
 252163.567    83.627     3.90   21.16
 252536.569    78.955   -12.52   23.09
 252909.504    81.992     8.14   22.42
 253282.372    88.258    16.80   21.31
 253655.174    91.226     7.96   19.46
 254027.909    91.283     0.15   19.14
 254400.578    84.663   -17.76   23.90
 254773.181    70.681   -37.52   24.90
 255145.717    56.854   -37.11   17.51
 255518.187    50.913   -15.95   11.45
 255890.591    55.840    13.23   18.01
 256262.928    67.897    32.37   26.19
 256635.200    74.827    18.61   24.66
 257007.405    76.727     5.10   23.26
 257379.543    69.157   -20.34   28.37
 257751.616    56.062   -35.19   30.64
 258123.623    40.893   -40.77   29.95
 258495.564    25.923   -40.24   22.30
 258867.438    16.854   -24.38   12.32
 259239.247    15.655    -3.23    8.44
 259610.990    22.518    18.46   13.36
 259982.667    37.217    39.54   20.61
 260354.278    49.200    32.24   17.21
 260725.823    52.135     7.90   14.68
 261097.302    47.877   -11.46   17.26
 261468.716    38.704   -24.69   15.89
 261840.064    31.452   -19.53   13.26
 262211.346    29.764    -4.54   12.90
 262582.562    32.918     8.49   13.80
 262953.713    38.872    16.04   17.39
 263324.799    46.005    19.22   15.63
 263695.818    47.838     4.94   14.90
 264066.773    41.252   -17.75   18.87
 264437.661    31.036   -27.54   16.23
 264808.485    23.119   -21.35    6.54
 265179.243    21.415    -4.59    4.24
 265549.935    22.652     3.34    5.07
 265920.563    25.089     6.58    6.54
 266291.125    28.950    10.41    8.18
 266661.621    33.126    11.27    8.39
 267032.053    37.639    12.18    8.02
 267402.419    42.937    14.30    9.54
 267772.720    47.877    13.34   12.35
 268142.956    54.008    16.56   15.08
 268513.127    63.604    25.92   21.50
 268883.233    76.142    33.87   28.78
 269253.273    87.827    31.57   30.53
 269623.249    99.135    30.56   31.24
 269993.160    98.191    -2.55   32.37
 270363.006    82.480   -42.47   30.87
 270732.787    69.020   -36.39   24.92
 271102.503    60.385   -23.35   16.07
 271472.154    59.533    -2.30   15.83
 271841.741    60.813     3.46   17.07
 272211.262    61.925     3.01   14.64
 272580.719    65.098     8.59   16.28
 272950.112    74.902    26.54   24.42
 273319.439    90.567    42.41   28.22
 273688.703   103.596    35.28   24.93
 274057.901   114.638    29.90   20.15
 274427.035   117.653     8.17   17.87
 274796.104   113.502   -11.25   20.01
 275165.109   106.764   -18.25   24.62
 275534.050   102.499   -11.56   29.75
 275902.926   101.885    -1.66   31.63
 276271.738   102.372     1.32   32.69
 276640.485   107.339    13.47   32.18
 277009.168   119.492    32.95   38.84
 277377.787   128.045    23.20   37.35
 277746.341   139.648    31.47   35.08
 278114.832   149.246    26.04   30.63
 278483.258   151.514     6.16   28.81
 278851.620   147.825   -10.01   28.95
 279219.918   139.868   -21.60   29.27
 279588.152   128.752   -30.18   26.19
 279956.321   123.005   -15.61   25.11
 280324.427   117.277   -15.56   25.15
 280692.469   107.929   -25.39   27.15
 281060.447    92.270   -42.54   25.90
 281428.361    76.866   -41.86   22.15
 281796.211    62.221   -39.80   14.16
 282163.997    57.072   -14.00    8.53
 282531.720    58.690     4.40   10.53
 282899.378    64.517    15.85   13.17
 283266.973    69.974    14.84   12.45
 283634.504    72.135     5.88   10.89
 284001.972    74.410     6.19    9.52
 284369.376    78.216    10.36    9.63
 284736.716    84.064    15.92   10.75
 285103.993    88.947    13.29   10.30
 285471.206    92.977    10.97    9.40
 285838.356    95.064     5.68    9.71
 286205.442    96.880     4.94   10.09
 286572.465    96.728    -0.41    9.22
 286939.424    93.375    -9.14    8.96
 287306.320    87.752   -15.32   11.47
 287675.274    81.501   -16.94   13.15
 288055.255    75.789   -15.03   14.40
 288435.169    70.264   -14.54   13.96
 288815.013    64.282   -15.74   15.05
 289194.789    56.011   -21.77   13.16
 289574.497    49.839   -16.25   10.55
 289954.136    44.169   -14.93    4.62
 290333.707    44.008    -0.42    3.28
 290713.209    47.098     8.14    5.39
 291092.644    51.676    12.06    7.12
 291472.009    55.989    11.37    8.33
 291851.307    58.583     6.84    9.82
 292230.536    59.172     1.55   10.79
 292609.697    59.585     1.09   10.82
 292988.790    59.505    -0.21    9.16
 293367.815    60.501     2.63    8.74
 293746.772    63.389     7.62    9.25
 294125.661    66.939     9.37    9.45
 294504.482    70.142     8.45   10.10
 294883.235    73.164     7.98    9.51
 295261.920    76.221     8.07    9.45
 295640.537    83.289    18.66   15.59
 296019.086    94.352    29.22   23.06
 296397.567   107.362    34.37   25.94
 296775.981   118.790    30.19   26.87
 297154.327   124.271    14.48   25.95
 297532.605   120.008   -11.27   24.03
 297910.815   110.350   -25.53   20.34
 298288.958   101.501   -23.39   12.95
 298667.033    99.415    -5.52   11.38
 299045.041    98.593    -2.17   10.98
 299422.981    98.239    -0.94    9.79
 299800.854    96.037    -5.83    9.08
 300178.659    93.024    -7.97   11.69
 300556.397    89.688    -8.83   14.78
 300934.067    85.886   -10.06   13.34
 301311.670    85.127    -2.01   10.17
 301689.206    90.239    13.54   11.89
 302066.675   103.332    34.68   18.92
 302444.076   117.332    37.09   21.63
 302821.410   134.947    46.67   23.24
 303198.677   151.220    43.12   21.87
 303575.877   164.189    34.37   19.96
 303953.009   171.323    18.91   25.02
 304330.075   177.423    16.17   34.35
 304707.074   181.764    11.51   42.01
 305084.005   178.913    -7.56   48.07
 305460.870   166.001   -34.25   56.89
 305837.668   139.234   -71.02   64.22
 306214.399   110.014   -77.54   56.59
 306591.063    80.033   -79.58   46.97
 306967.660    55.119   -66.14   23.28
 307344.191    46.394   -23.17    7.08
 307720.654    44.239    -5.72    1.41
 308097.051    44.703     1.23    1.45
 308473.382    45.902     3.19    1.85
 308849.646    47.592     4.49    2.65
 309225.843    50.159     6.82    4.12
 309601.974    53.008     7.57    5.18
 309978.038    56.587     9.52    5.27
 310354.035    59.177     6.89    4.55
 310729.966    62.048     7.64    4.66
 311105.831    64.828     7.39    5.05
 311481.630    67.530     7.19    5.62
 311857.362    69.883     6.26    5.86
 312233.027    73.641    10.00    6.67
 312608.627    79.663    16.03    8.98
 312984.160    87.777    21.60   12.98
 313359.627    95.830    21.44   14.37
 313735.028   103.110    19.39   13.51
 314110.363   109.264    16.39   12.72
 314485.631   115.345    16.20   14.00
 314860.834   118.401     8.14   19.17
 315235.971   119.122     1.92   22.91
 315611.041   119.418     0.79   23.54
 315986.046   120.627     3.22   20.61
 316360.984   126.648    16.05   18.92
 316735.857   139.989    35.58   24.34
 317110.664   154.264    38.08   26.85
 317485.405   159.264    13.34   26.19
