-255984.824   262.086     0.00   30.39
-255615.260   267.639    15.02   25.73
-255245.633   279.085    30.96   25.95
-254875.942   302.749    64.00   34.62
-254506.188   322.714    53.98   42.65
-254136.371   335.008    33.24   40.24
-253766.490   334.956    -0.14   46.23
-253396.545   310.465   -66.19   57.83
-253026.537   286.749   -64.08   50.52
-252656.465   289.601     7.70   53.30
-252286.330   308.170    50.16   62.81
-251916.131   340.395    87.03   50.78
-251545.869   361.328    56.52   40.92
-251175.542   369.428    21.87   44.54
-250805.152   369.020    -1.10   45.69
-250434.698   374.848    15.73   44.34
-250064.181   380.845    16.18   38.83
-249693.599   372.533   -22.43   40.24
-249322.954   360.881   -31.43   42.79
-248952.245   335.872   -67.45   45.81
-248581.471   311.008   -67.05   32.96
-248210.634   300.870   -27.33   32.76
-247839.733   297.451    -9.22   35.59
-247468.768   287.187   -27.66   38.41
-247097.738   275.476   -31.56   40.68
-246726.645   258.145   -46.69   32.26
-246355.487   249.144   -24.25   28.09
-245984.265   241.433   -20.77   26.46
-245612.979   234.476   -18.73   30.97
-245241.629   230.280   -11.30   32.82
-244870.215   222.833   -20.05   32.77
-244498.736   206.774   -43.22   26.92
-244127.193   195.860   -29.37   19.81
-243755.585   193.230    -7.07   19.90
-243383.913   191.097    -5.74   24.35
-243012.177   202.124    29.66   37.40
-242640.376   206.057    10.58   37.96
-242268.510   201.403   -12.51   34.81
-241896.580   196.922   -12.05   33.31
-241524.586   188.699   -22.10   26.73
-241152.526   190.397     4.56   31.16
-240780.403   206.400    43.00   46.63
-240408.214   219.897    36.26   46.71
-240035.961   232.218    33.09   40.23
-239663.643   230.601    -4.34   42.04
-239291.260   216.405   -38.11   36.71
-238918.812   208.592   -20.97   26.35
-238546.300   212.324    10.02   25.52
-238173.723   219.808    20.08   26.14
-237801.080   233.798    37.54   34.84
-237428.373   249.470    42.04   46.59
-237055.601   273.208    63.67   48.29
-236682.764   279.867    17.86   50.17
-236309.861   269.545   -27.67   56.09
-235936.894   263.223   -16.95   53.56
-235563.861   262.816    -1.09   44.04
-235190.764   277.679    39.83   44.39
-234817.601   306.783    77.98   43.88
-234444.373   330.290    62.97   41.66
-234071.079   347.745    46.75   39.38
-233697.721   353.096    14.33   40.74
-233324.297   350.193    -7.77   42.40
-232950.807   333.072   -45.83   46.33
-232577.252   309.995   -61.76   46.04
-232203.632   289.345   -55.26   46.93
-231829.947   274.533   -39.63   48.47
-231456.195   265.514   -24.13   48.90
-231082.379   267.179     4.45   49.04
-230708.496   291.047    63.83   76.00
-230334.548   324.736    90.08   85.58
-229960.535   369.915   120.77   80.30
-229586.456   368.959    -2.56   70.64
-229212.311   334.481   -92.13   68.79
-228838.100   302.415   -85.67   69.24
-228463.823   264.376  -101.62   56.84
-228089.481   249.545   -39.61   50.96
-227715.073   245.579   -10.59   57.12
-227340.599   256.082    28.04   60.42
-226966.059   267.559    30.64   54.22
-226591.453   257.883   -25.82   48.20
-226216.781   248.238   -25.74   47.93
-225842.043   240.835   -19.75   48.82
-225467.239   240.299    -1.43   41.04
-225092.369   242.292     5.32   36.45
-224717.432   233.070   -24.59   42.29
-224342.430   204.195   -76.99   47.79
-223967.361   160.270  -117.09   45.70
-223592.226   127.193   -88.16   37.31
-223217.025   102.313   -66.30   25.80
-222841.758    84.695   -46.94   16.30
-222466.424    73.533   -29.73   11.78
-222091.024    68.783   -12.65    9.09
-221715.557    66.142    -7.03    4.98
-221340.024    67.350     3.21    6.01
-220964.424    78.736    30.31   19.07
-220588.758    91.748    34.63   22.04
-220213.026   108.169    43.70   20.78
-219837.226   125.894    47.16   17.03
-219461.360   143.337    46.40   24.30
-219085.428   159.363    42.62   22.88
-218709.429   165.465    16.23   17.61
-218333.363   161.784    -9.79   17.28
-217957.230   151.156   -28.25   18.42
-217581.030   139.345   -31.39   14.41
-217204.764   137.601    -4.64   16.50
-216828.431   141.891    11.40   23.59
-216452.031   148.508    17.58   28.45
-216075.563   157.458    23.77   30.81
-215699.029   170.201    33.84   37.37
-215322.428   194.033    63.27   47.17
-214945.760   219.520    67.65   43.50
-214569.025   239.670    53.48   32.67
-214192.222   237.465    -5.85   32.46
-213815.353   217.472   -53.04   40.60
-213438.416   192.909   -65.15   49.82
-213061.412   157.243   -94.59   42.12
-212684.340   134.362   -60.67   31.13
-212307.202   114.625   -52.32   23.97
-211929.996   100.995   -36.13   18.39
-211552.722    91.386   -25.46   12.15
-211175.382    89.560    -4.84   11.68
-210797.973   100.292    28.43   24.67
-210420.498   122.599    59.09   37.34
-210042.954   153.514    81.87   44.83
-209665.344   175.113    57.19   42.56
-209287.665   180.435    14.09   38.74
-208909.919   189.631    24.34   39.36
-208532.105   205.695    42.51   44.75
-208154.224   220.045    37.97   42.44
-207776.275   218.082    -5.19   49.19
-207398.258   200.642   -46.13   53.98
-207020.173   180.860   -52.31   39.15
-206642.020   171.108   -25.78   25.50
-206263.800   185.613    38.34   39.34
-205885.511   208.008    59.19   51.32
-205507.155   231.919    63.19   61.86
-205128.731   256.243    64.26   65.06
-204750.238   272.367    42.59   60.73
-204371.678   282.630    27.11   50.26
-203993.049   281.687    -2.49   37.76
-203614.352   275.020   -17.60   29.54
-203235.587   260.665   -37.89   28.63
-202856.754   261.370     1.86   28.87
-202477.852   266.885    14.55   28.16
-202098.883   264.852    -5.36   28.69
-201719.845   254.508   -27.29   33.82
-201340.738   234.848   -51.85   31.35
-200961.563   214.185   -54.48   23.28
-200582.320   206.408   -20.50   21.13
-200203.008   203.898    -6.61   17.76
-199823.628   210.717    17.97   24.84
-199444.179   233.156    59.13   34.93
-199064.661   259.200    68.61   37.15
-198685.075   288.886    78.19   40.64
-198305.420   313.828    65.69   35.33
-197925.697   331.971    47.77   39.68
-197545.905   354.828    60.17   57.52
-197166.044   369.795    39.40   62.29
-196786.114   377.420    20.07   61.45
-196411.644   369.179   -22.00   52.43
-196044.847   360.020   -24.96   40.58
-195677.986   373.045    35.50   39.97
-195311.061   388.136    41.12   32.60
-194944.072   388.923     2.14   28.98
-194577.020   381.085   -21.35   35.10
-194209.905   351.724   -79.97   40.05
-193842.725   331.757   -54.37   32.95
-193475.482   329.731    -5.52   40.28
-193108.175   328.639    -2.97   43.31
-192740.804   323.093   -15.09   40.02
-192373.369   315.226   -21.41   34.19
-192005.870   291.601   -64.28   31.93
-191638.308   273.254   -49.91   31.21
-191270.681   264.285   -24.39   27.35
-190902.991   261.375    -7.91   20.50
-190535.236   277.057    42.64   38.17
-190167.417   307.020    81.45   53.98
-189799.535   348.502   112.74   59.28
-189431.588   375.533    73.45   55.77
-189063.577   406.218    83.37   56.21
-188695.501   420.625    39.14   59.86
-188327.362   429.608    24.40   67.12
-187959.158   434.611    13.59   66.10
-187590.890   454.570    54.19   67.03
-187222.558   488.533    92.19   69.23
-186854.161   502.167    37.00   61.55
-186485.700   489.558   -34.22   63.62
-186117.174   459.527   -81.48   74.81
-185748.584   435.575   -64.97   65.15
-185379.929   412.362   -62.96   65.89
-185011.210   390.106   -60.35   61.43
-184642.426   362.520   -74.79   48.76
-184273.578   349.228   -36.03   42.71
-183904.665   343.059   -16.72   42.97
-183535.687   333.774   -25.16   43.59
-183166.645   315.205   -50.31   51.14
-182797.538   285.105   -81.54   49.85
-182428.366   255.731   -79.56   33.74
-182059.129   236.663   -51.63   25.00
-181689.828   223.218   -36.40   18.85
-181320.461   218.280   -13.37   14.77
-180951.030   233.392    40.90   35.41
-180581.533   257.628    65.58   45.91
-180211.972   285.136    74.42   44.43
-179842.346   316.613    85.15   39.83
-179472.654   348.508    86.26   45.00
-179102.898   384.045    96.10   52.82
-178733.076   403.236    51.88   42.53
-178363.189   400.599    -7.13   41.21
-177993.238   387.897   -34.33   44.55
-177623.220   375.317   -33.99   34.99
-177253.138   372.909    -6.50   31.57
-176882.990   386.526    36.78   29.13
-176512.777   399.848    35.98   23.51
-176142.499   400.403     1.50   25.88
-175772.155   393.633   -18.28   30.23
-175401.746   398.106    12.07   34.96
-175031.271   417.020    51.05   46.37
-174660.731   425.564    23.05   42.50
-174290.125   440.033    39.04   47.18
-173919.453   458.789    50.59   59.05
-173548.716   484.947    70.55   61.66
-173177.914   510.996    70.24   50.51
-172807.045   514.045     8.22   47.57
-172436.111   485.167   -77.84   50.80
-172065.112   453.337   -85.78   52.98
-171694.046   429.527   -64.16   50.32
-171322.915   429.289    -0.64   57.93
-170951.717   421.477   -21.04   59.13
-170580.454   407.703   -37.09   60.23
-170209.125   382.777   -67.12   55.52
-169837.730   355.386   -73.74   46.60
-169466.269   325.645   -80.05   31.92
-169094.742   306.564   -51.35   25.16
-168723.149   288.749   -47.94   16.50
-168351.490   278.912   -26.46   11.64
-167979.764   279.712     2.15   14.53
-167607.973   291.848    32.64   27.86
-167236.115   307.183    41.23   30.07
-166864.191   312.142    13.33   27.51
-166492.201   306.304   -15.69   32.18
-166120.144   290.273   -43.08   35.77
-165748.021   272.156   -48.68   26.00
-165375.832   271.080    -2.89   31.20
-165003.576   271.514     1.17   36.94
-164631.254   270.984    -1.42   35.21
-164258.865   271.107     0.33   26.11
-163886.410   272.767     4.46   17.70
-163513.888   279.594    18.32   16.67
-163141.300   290.423    29.06   19.12
-162768.645   301.181    28.86   25.13
-162395.923   315.798    39.21   36.56
-162023.135   343.675    74.77   51.32
-161650.280   374.876    83.67   70.28
-161277.358   426.033   137.16   91.74
-160904.369   484.724   157.33   99.63
-160531.313   539.395   146.53   80.36
-160158.191   532.277   -19.08   83.07
-159785.002   483.959  -129.45  106.91
-159411.745   434.752  -131.82  100.62
-159038.422   398.860   -96.13   64.75
-158665.031   410.374    30.83   71.01
-158291.574   427.996    47.18   62.52
-157918.049   415.972   -32.19   63.96
-157544.458   367.823  -128.86   68.53
-157170.799   322.459  -121.39   58.18
-156797.073   289.264   -88.81   43.74
-156423.279   266.045   -62.11   35.22
-156049.419   245.093   -56.04   29.76
-155675.491   227.502   -47.04   26.36
-155301.495   215.972   -30.83   20.52
-154927.433   210.687   -14.13   19.28
-154553.302   212.301     4.31   21.07
-154179.105   224.292    32.04   29.65
-153804.840   249.996    68.67   43.09
-153430.507   280.413    81.25   54.30
-153056.107   319.141   103.43   53.62
-152681.639   340.786    57.79   40.61
-152307.103   345.971    13.84   49.04
-151932.500   332.920   -34.83   57.09
-151557.829   291.306  -111.06   61.57
-151183.090   253.370  -101.22   45.15
-150808.284   235.662   -47.24   39.17
-150433.410   221.932   -36.62   35.20
-150058.467   202.925   -50.69   31.17
-149683.457   182.302   -54.99   26.29
-149308.379   166.139   -43.09   17.52
-148933.233   155.610   -28.06   14.33
-148558.019   150.291   -14.17   16.44
-148182.737   147.670    -6.98   20.51
-147807.387   148.876     3.21   23.98
-147431.968   148.636    -0.64   27.22
-147056.482   147.211    -3.79   23.49
-146680.927   143.085   -10.99   18.47
-146305.304   139.317   -10.03   19.04
-145929.613   138.107    -3.22   20.71
-145553.853   135.842    -6.03   22.17
-145178.025   129.324   -17.34   25.41
-144802.129   117.642   -31.07   26.91
-144426.164   107.472   -27.05   22.99
-144050.131    99.294   -21.74   14.81
-143674.029   105.206    15.72   21.68
-143297.859   123.948    49.82   37.44
-142921.620   154.743    81.84   49.08
-142545.313   180.655    68.85   35.85
-142168.937   183.249     6.89   33.16
-141792.492   164.520   -49.75   45.19
-141415.978   126.057  -102.14   38.84
-141039.396   101.606   -64.92   22.03
-140662.745    89.616   -31.83   13.23
-140286.025    85.033   -12.16   13.67
-139909.236    78.391   -17.63   14.76
-139532.378    71.638   -17.92   13.28
-139155.452    66.644   -13.25   10.28
-138778.456    63.943    -7.16    8.03
-138401.391    62.496    -3.84   10.77
-138024.258    58.533   -10.51   11.33
-137647.055    51.478   -18.70   11.34
-137269.783    44.841   -17.59    9.30
-136892.441    39.081   -15.26    7.95
-136515.031    35.413    -9.72    6.67
-136137.551    33.080    -6.18    6.42
-135760.002    30.109    -7.87    4.94
-135382.384    28.334    -4.70    4.59
-135004.696    26.235    -5.56    4.61
-134626.939    25.520    -1.89    5.04
-134249.112    26.179     1.74    6.01
-133871.216    26.655     1.26    6.64
-133493.251    26.639    -0.04    6.50
-133115.216    24.823    -4.80    6.62
-132737.111    22.020    -7.41    6.07
-132358.936    20.317    -4.50    5.33
-131980.692    19.885    -1.14    5.45
-131602.379    20.082     0.52    6.28
-131223.995    20.326     0.65    6.10
-130845.542    19.623    -1.86    5.48
-130467.018    18.322    -3.44    4.14
-130088.425    18.085    -0.63    3.64
-129709.762    17.949    -0.36    3.91
-129331.029    17.691    -0.68    4.15
-128952.227    16.564    -2.98    3.32
-128573.354    16.264    -0.79    4.97
-128194.411    20.750    11.84   11.38
-127815.397    32.959    32.21   19.93
-127436.314    48.406    40.74   23.02
-127057.161    62.538    37.27   18.99
-126677.937    64.691     5.68   17.99
-126298.643    59.789   -12.92   19.47
-125919.279    50.179   -25.33   21.74
-125539.844    36.082   -37.15   17.34
-125160.339    28.057   -21.14   12.55
-124780.764    21.832   -16.40    8.71
-124401.118    17.610   -11.12    6.56
-124021.402    14.213    -8.95    4.71
-123641.615    10.495    -9.79    5.37
-123261.758     6.444   -10.66    6.20
-122881.830     2.650    -9.98    5.56
-122501.831    -1.091    -9.84    3.93
-122121.761    -4.128    -7.99    3.02
-121743.278    -5.883    -4.64    2.46
-121376.682    -7.175    -3.52    1.44
-121010.021    -7.486    -0.85    0.78
-120643.295    -7.041     1.21    1.17
-120276.504    -6.791     0.68    1.27
-119909.648    -6.663     0.35    1.28
-119542.726    -7.016    -0.96    1.44
-119175.739    -7.441    -1.16    1.05
-118808.687    -7.509    -0.18    0.84
-118441.569    -7.377     0.36    0.73
-118074.386    -7.077     0.82    0.37
-117707.138    -6.980     0.27    0.00
-117339.823    -6.980     0.00    0.00
-116972.444    -6.980     0.00    0.00
-116604.999    -6.992    -0.03    0.11
-116237.488    -7.202    -0.57    0.94
-115869.912    -7.528    -0.89    1.36
-115502.270    -7.654    -0.34    1.43
-115134.562    -8.184    -1.44    1.83
-114766.789    -8.126     0.16    1.85
-114398.949    -7.659     1.27    1.60
-114031.044    -7.675    -0.04    1.62
-113663.074    -7.715    -0.11    1.65
-113295.037    -7.840    -0.34    1.70
-112926.934    -8.041    -0.55    1.78
-112558.766    -8.412    -1.01    1.97
-112190.531    -8.537    -0.34    1.89
-111822.230    -8.380     0.43    1.61
-111453.864    -8.258     0.33    1.10
-111085.431    -8.003     0.69    0.54
-110716.932    -7.851     0.41    0.65
-110348.367    -7.721     0.35    0.98
-109979.736    -7.524     0.53    1.47
-109611.039    -7.150     1.01    1.96
-109242.275    -6.597     1.50    2.47
-108873.445    -5.921     1.83    2.57
-108504.549    -5.189     1.98    2.60
-108135.586    -4.345     2.29    2.36
-107766.557    -3.577     2.08    2.08
-107397.461    -2.727     2.30    1.85
-107028.299    -1.980     2.02    1.36
-106659.071    -1.313     1.81    0.66
-106289.776    -1.089     0.61    0.31
-105920.414    -1.751    -1.79    2.30
-105550.986    -2.208    -1.24    2.64
-105181.491    -2.709    -1.35    2.88
-104811.929    -3.269    -1.51    2.80
-104442.301    -3.510    -0.65    2.62
-104072.605    -3.221     0.78    2.20
-103702.843    -3.498    -0.75    2.66
-103333.015    -3.285     0.57    2.90
-102963.119    -2.325     2.60    2.37
-102593.156    -2.626    -0.81    2.63
-102223.127    -2.881    -0.69    2.86
-101853.030    -2.956    -0.20    3.03
-101482.866    -2.992    -0.10    3.11
-101112.636    -2.353     1.73    2.74
-100742.338    -1.802     1.49    1.69
-100371.973    -1.933    -0.35    1.26
-100001.541    -2.562    -1.70    1.38
 -99631.042    -3.253    -1.87    1.22
 -99260.475    -3.726    -1.28    0.79
 -98889.842    -3.791    -0.18    0.61
 -98519.141    -3.082     1.91    1.32
 -98148.372    -2.265     2.20    1.44
 -97777.536    -1.372     2.41    1.07
 -97406.633    -0.615     2.04    0.69
 -97035.662    -0.043     1.54    1.02
 -96664.624     0.828     2.35    1.39
 -96293.518     1.767     2.53    1.55
 -95922.345     2.997     3.31    1.82
 -95551.104     4.169     3.16    1.77
 -95179.795     5.556     3.74    1.88
 -94808.419     6.922     3.68    1.88
 -94436.975     8.679     4.73    2.28
 -94065.463    10.322     4.42    2.23
 -93693.884    11.936     4.34    1.95
 -93322.236    13.058     3.02    1.30
 -92950.521    13.442     1.03    0.83
 -92578.738    13.080    -0.97    1.17
 -92206.887    12.244    -2.25    1.57
 -91834.968    11.520    -1.95    1.64
 -91462.980    11.139    -1.02    1.70
 -91090.925    10.792    -0.94    1.77
 -90718.802    10.056    -1.98    1.94
 -90346.611     8.618    -3.86    2.32
 -89974.351     6.442    -5.84    2.68
 -89602.023     4.179    -6.08    2.67
 -89229.627     1.948    -5.99    2.33
 -88857.163     0.398    -4.16    1.62
 -88484.630    -0.558    -2.57    0.80
 -88112.029    -0.906    -0.94    0.26
 -87739.360    -0.980    -0.20    0.00
 -87366.622    -0.980     0.00    0.00
 -86993.816    -0.803     0.47    0.38
 -86620.941    -0.560     0.65    0.50
 -86247.998    -0.262     0.80    0.45
 -85874.986    -0.156     0.28    0.38
 -85501.905    -0.361    -0.55    0.49
 -85128.756    -0.606    -0.66    0.49
 -84755.538    -0.872    -0.71    0.31
 -84382.252    -0.980    -0.29    0.00
 -84008.896    -0.980     0.00    0.00
 -83635.472    -0.980     0.00    0.00
 -83261.979    -0.980     0.00    0.00
 -82888.417    -0.980     0.00    0.00
 -82514.786    -0.980     0.00    0.00
 -82141.086    -0.980     0.00    0.00
 -81767.317    -1.124    -0.39    0.35
 -81393.480    -1.321    -0.53    0.48
 -81019.573    -1.568    -0.66    0.50
 -80645.597    -1.775    -0.55    0.41
 -80271.551    -1.920    -0.39    0.24
 -79897.437    -1.943    -0.06    0.19
 -79523.253    -1.945    -0.01    0.18
 -79149.000    -1.956    -0.03    0.15
 -78774.678    -1.980    -0.06    0.00
 -78400.287    -2.017    -0.10    0.25
 -78025.826    -2.885    -2.32    1.71
 -77651.295    -3.075    -0.51    2.06
 -77276.696     0.867    10.52    9.97
 -76902.026     9.736    23.67   17.47
 -76527.287    25.632    42.42   20.99
 -76152.479    41.082    41.22   15.90
 -75777.601    51.823    28.65   12.37
 -75402.653    57.945    16.33   13.91
 -75027.636    55.285    -7.09   16.85
 -74652.549    47.438   -20.92   19.61
 -74277.392    30.220   -45.89   23.17
 -73902.165    13.577   -44.35   16.18
 -73526.869     3.889   -25.81   11.94
 -73151.502    -2.692   -17.53    2.71
 -72776.066    -3.627    -2.49    1.91
 -72400.560    -3.980    -0.94    1.88
 -72024.983    -3.909     0.19    1.94
 -71649.337    -3.454     1.21    1.90
 -71273.620    -3.121     0.89    1.84
 -70897.834    -2.505     1.64    1.34
 -70521.977    -2.201     0.81    0.82
 -70146.050    -2.663    -1.23    1.52
 -69770.053    -3.102    -1.17    1.83
 -69393.986    -3.165    -0.17    1.84
 -69017.848    -3.175    -0.03    1.90
 -68641.640    -3.114     0.16    1.92
 -68265.361    -3.146    -0.09    1.96
 -67889.012    -3.152    -0.02    1.97
 -67512.593    -3.050     0.27    1.86
 -67136.103    -2.721     0.87    1.60
 -66759.542    -1.694     2.73    1.72
 -66382.911     1.153     7.56    4.94
 -66006.209     4.599     9.15    6.52
 -65629.437     8.648    10.75    6.42
 -65252.594    12.020     8.95    5.13
 -64875.680    15.461     9.13    4.15
 -64498.695    18.691     8.57    4.64
 -64121.640    22.770    10.82    5.20
 -63744.514    27.798    13.33    6.62
 -63367.316    35.173    19.55   10.24
 -62990.048    43.644    22.45   13.63
 -62612.709    54.474    28.70   13.74
 -62235.299    61.058    17.44   10.27
 -61857.817    61.167     0.29   11.88
 -61480.265    53.691   -19.80   14.38
 -61102.641    45.832   -20.81   11.29
 -60724.947    41.793   -10.69    8.95
 -60347.181    39.279    -6.65    7.94
 -59969.343    37.483    -4.75    7.28
 -59591.435    33.962    -9.32    6.27
 -59213.455    30.208    -9.93    4.86
 -58835.404    27.867    -6.19    3.15
 -58457.281    26.341    -4.04    3.09
 -58079.087    25.259    -2.86    4.60
 -57700.821    24.259    -2.64    6.81
 -57322.484    22.750    -3.99    8.18
 -56944.075    21.045    -4.51    7.87
 -56565.594    18.997    -5.41    5.86
 -56187.042    17.568    -3.78    3.85
 -55808.418    16.093    -3.90    3.14
 -55429.723    14.253    -4.86    5.33
 -55050.955    12.175    -5.49    7.13
 -54672.116     8.365   -10.06    7.27
 -54293.205     5.252    -8.22    5.55
 -53914.222     2.842    -6.36    3.16
 -53535.167     1.983    -2.26    1.95
 -53156.039     2.183     0.53    1.82
 -52776.840     2.120    -0.17    1.51
 -52397.569     1.538    -1.54    1.26
 -52018.226     0.783    -1.99    0.89
 -51638.810     0.244    -1.42    0.68
 -51259.323    -0.065    -0.81    0.39
 -50879.763    -0.106    -0.11    0.33
 -50500.131    -0.089     0.04    0.31
 -50120.426    -0.015     0.19    0.29
 -49740.649     0.249     0.70    0.50
 -49360.800     0.675     1.12    0.72
 -48980.878     1.498     2.16    1.12
 -48600.884     2.201     1.85    1.13
 -48220.817     3.330     2.97    1.37
 -47840.678     4.444     2.93    1.51
 -47460.466     5.842     3.68    1.76
 -47080.181     7.201     3.57    1.65
 -46711.259     8.703     4.07    1.70
 -46344.807     9.823     3.06    1.50
 -45978.289    11.067     3.40    1.46
 -45611.703    11.888     2.24    1.33
 -45245.051    12.577     1.88    1.55
 -44878.332    12.675     0.27    2.07
 -44511.545    12.382    -0.80    2.89
 -44144.692    11.315    -2.91    3.86
 -43777.772     9.767    -4.22    4.47
 -43410.785     8.158    -4.38    4.43
 -43043.731     6.720    -3.92    4.11
 -42676.610     5.515    -3.28    3.57
 -42309.421     4.770    -2.03    3.31
 -41942.166     4.486    -0.78    3.05
 -41574.843     4.408    -0.21    2.87
 -41207.453     4.385    -0.06    2.62
 -40839.995     4.545     0.43    2.38
 -40472.471     4.747     0.55    2.16
 -40104.879     5.104     0.97    2.17
 -39737.219     5.575     1.28    2.25
 -39369.492     6.393     2.22    2.67
 -39001.698     7.230     2.28    2.93
 -38633.836     8.249     2.77    3.12
 -38265.907     9.211     2.61    3.12
 -37897.910    10.125     2.48    3.06
 -37529.845    11.045     2.50    2.73
 -37161.713    11.765     1.95    2.34
 -36793.513    12.366     1.63    1.86
 -36425.245    13.020     1.78    1.34
 -36056.909    13.483     1.26    0.91
 -35688.506    13.869     1.05    0.79
 -35320.035    14.191     0.87    0.66
 -34951.496    14.562     1.01    0.68
 -34582.889    14.995     1.18    0.76
 -34214.214    15.416     1.14    0.87
 -33845.471    15.792     1.02    1.00
 -33476.660    15.940     0.40    1.06
 -33107.781    15.730    -0.57    1.31
 -32738.834    15.338    -1.06    1.39
 -32369.819    15.755     1.13    3.15
 -32000.735    16.894     3.08    4.65
 -31631.584    19.020     5.76    5.84
 -31262.364    20.816     4.86    6.48
 -30893.075    21.526     1.92    6.97
 -30523.719    20.904    -1.68    7.29
 -30154.294    21.032     0.35    7.43
 -29784.801    20.562    -1.27    7.42
 -29415.239    21.279     1.94    8.31
 -29045.608    22.252     2.63    8.94
 -28675.910    24.974     7.36    9.82
 -28306.142    28.948    10.75   10.64
 -27936.306    33.928    13.47    9.95
 -27566.402    37.758    10.35    7.67
 -27196.428    38.644     2.39    8.06
 -26826.386    39.208     1.52    8.89
 -26456.275    39.055    -0.41    9.56
 -26086.096    39.958     2.44   11.40
 -25715.847    42.618     7.18   13.55
 -25345.530    47.758    13.88   16.06
 -24975.144    51.756    10.79   15.91
 -24604.689    54.662     7.85   14.90
 -24234.165    60.779    16.51   15.31
 -23863.572    69.611    23.83   15.41
 -23492.909    80.020    28.08   16.22
 -23122.178    91.599    31.23   19.97
 -22751.378   103.172    31.21   20.59
 -22380.508   109.823    17.93   22.65
 -22009.569   109.078    -2.01   27.64
 -21638.561   110.103     2.76   29.30
 -21267.484   108.193    -5.15   27.41
 -20896.337   114.779    17.75   25.55
 -20525.121   126.703    32.12   25.01
 -20153.836   142.462    42.45   26.62
 -19782.481   157.520    40.55   28.97
 -19411.056   163.223    15.35   26.74
 -19039.562   158.067   -13.88   29.55
 -18667.999   151.568   -17.49   27.86
 -18296.366   142.322   -24.88   24.05
 -17924.663   124.157   -48.87   32.20
 -17552.890   101.579   -60.73   34.63
 -17181.048    86.220   -41.30   31.08
 -16809.136    73.474   -34.27   26.00
 -16437.155    66.288   -19.32   22.57
 -16065.103    55.911   -27.89   22.35
 -15692.982    41.294   -39.28   20.90
 -15320.790    27.878   -36.05   16.68
 -14948.529    19.756   -21.82   10.45
 -14576.198    14.773   -13.38    3.33
 -14203.796    13.679    -2.94    0.57
 -13831.325    13.261    -1.12    0.76
 -13458.783    12.730    -1.43    0.96
 -13086.172    12.032    -1.87    1.03
 -12713.490    11.319    -1.91    1.02
 -12340.738    10.526    -2.13    0.98
 -11967.915     9.776    -2.01    1.03
 -11595.022     9.069    -1.90    1.06
 -11222.059     8.323    -2.00    1.16
 -10849.026     7.418    -2.43    1.24
 -10475.922     6.526    -2.39    1.33
 -10102.748     5.564    -2.58    1.37
  -9729.503     4.515    -2.81    1.40
  -9356.187     3.502    -2.71    1.32
  -8982.801     2.549    -2.55    1.34
  -8609.345     1.613    -2.51    1.33
  -8235.818     0.846    -2.05    1.11
  -7862.220     0.308    -1.44    0.94
  -7488.551    -0.084    -1.05    0.70
  -7114.811    -0.317    -0.62    0.62
  -6741.001    -0.508    -0.51    0.50
  -6367.120    -0.646    -0.37    0.47
  -5993.167    -0.794    -0.39    0.39
  -5619.144    -0.942    -0.40    0.19
  -5245.050    -0.980    -0.10    0.00
  -4870.885    -0.980     0.00    0.00
  -4496.649    -0.980     0.00    0.00
  -4122.342    -0.980     0.00    0.00
  -3747.963    -0.980     0.00    0.00
  -3373.514    -0.980     0.00    0.00
  -2998.993    -0.980     0.00    0.00
  -2624.400    -1.005    -0.07    0.16
  -2249.737    -1.198    -0.52    0.42
  -1875.002    -1.431    -0.62    0.50
  -1500.196    -1.681    -0.67    0.46
  -1125.318    -1.893    -0.57    0.28
   -750.369    -1.922    -0.08    0.23
   -375.349    -1.893     0.08    0.28
     -0.256    -1.911    -0.05    0.25
    374.907    -1.968    -0.15    0.11
    750.143    -1.968    -0.00    0.11
   1125.450     8.900    28.96   27.50
   1500.829    41.974    88.11   54.83
   1876.279    82.466   107.85   62.98
   2251.802   122.600   106.87   52.46
   2627.396   154.913    86.03   31.26
   3003.062   168.657    36.58   33.56
   3378.800   181.671    34.64   43.00
   3754.610   198.253    44.12   48.57
   4130.492   214.442    43.07   44.88
   4506.446   216.020     4.20   42.64
   4882.473   206.788   -24.55   40.18
   5258.571   195.706   -29.46   28.97
   5634.741   180.820   -39.57   20.18
   6010.984   164.168   -44.26   28.13
   6387.299   143.532   -54.84   31.38
   6763.686   123.939   -52.06   24.41
   7140.146   110.927   -34.56   18.46
   7516.678   104.604   -16.79   26.41
   7893.282    98.974   -14.95   33.39
   8269.959    95.895    -8.17   34.74
   8646.708    89.580   -16.76   23.75
   9023.530    89.400    -0.48   16.45
   9400.425    92.952     9.43   14.34
   9777.392   100.900    21.08   18.87
  10154.432   105.718    12.78   20.12
  10531.544   108.579     7.59   19.85
  10908.730   108.457    -0.32   19.50
  11285.988   109.741     3.40   19.59
  11663.318   109.951     0.55   17.14
  12040.722   111.358     3.73   14.65
  12418.199   116.602    13.89   12.13
  12795.749   119.707     8.23    9.22
  13173.371   122.687     7.89    9.80
  13551.067   129.292    17.49   14.49
  13928.836   142.100    33.90   20.89
  14306.678   153.569    30.35   22.13
  14684.593   164.907    30.00   26.61
  15062.581   176.337    30.24   29.99
  15440.643   198.648    59.01   35.78
  15818.778   227.798    77.09   42.43
  16196.986   264.170    96.17   53.41
  16575.267   288.959    65.53   47.95
  16953.623   291.066     5.57   43.29
  17332.051   274.568   -43.60   52.19
  17710.553   245.793   -76.02   58.03
  18089.129   213.718   -84.73   46.10
  18467.778   192.753   -55.37   36.81
  18846.501   171.733   -55.50   38.96
  19225.297   153.895   -47.09   40.25
  19604.167   123.715   -79.66   45.36
  19983.112    94.962   -75.88   38.29
  20362.129    80.384   -38.46   25.81
  20741.221    90.093    25.61   39.55
  21120.387   117.125    71.30   48.26
  21499.626   135.230    47.74   36.80
  21878.940   144.699    24.96   28.12
  22258.327   141.687    -7.94   29.22
  22637.789   126.009   -41.32   26.15
  23017.325   128.285     6.00   28.58
  23396.934   139.407    29.30   29.85
  23776.618   148.996    25.26   28.74
  24156.377   151.785     7.34   20.27
  24536.209   152.749     2.54   17.43
  24916.116   159.699    18.29   21.65
  25296.098   178.707    50.03   34.54
  25676.153   211.526    86.35   42.20
  26056.284   232.128    54.20   33.59
  26436.488   237.009    12.84   30.97
  26816.767   244.718    20.27   35.88
  27197.121   267.456    59.78   54.59
  27577.550   295.032    72.49   56.50
  27950.807   293.805    -3.29   57.37
  28317.046   264.707   -79.45   78.41
  28683.354   217.193  -129.71   70.22
  29049.730   170.856  -126.48   44.42
  29416.174   146.515   -66.43   32.26
  29782.687   130.403   -43.96   12.17
  30149.269   127.202    -8.73   12.49
  30515.919   126.301    -2.46   11.33
  30882.638   129.793     9.52   14.89
  31249.425   134.832    13.74   20.87
  31616.282   140.930    16.62   24.65
  31983.207   143.358     6.62   23.02
  32350.200   149.846    17.68   24.99
  32717.263   158.457    23.46   31.95
  33084.394   182.963    66.75   50.55
  33451.595   215.879    89.64   70.66
  33818.864   254.653   105.57   82.73
  34186.202   274.248    53.34   77.15
  34553.610   284.503    27.91   72.41
  34921.086   291.756    19.74   68.87
  35288.632   288.874    -7.84   64.53
  35656.246   281.172   -20.95   68.74
  36023.930   275.502   -15.42   75.06
  36391.683   260.354   -41.19   75.16
  36759.505   245.687   -39.88   60.21
  37127.397   263.641    48.80   78.63
  37495.358   289.425    70.07  100.16
  37863.388   331.480   114.27  103.54
  38231.488   362.928    85.44   89.43
  38599.657   386.937    65.21   89.71
  38967.896   393.762    18.53   85.70
  39336.204   400.940    19.49   75.09
  39704.582   406.361    14.72   69.71
  40073.029   407.427     2.89   71.87
  40441.546   411.350    10.64   63.23
  40810.133   433.104    59.02   54.16
  41178.789   445.487    33.59   55.38
  41547.516   454.203    23.64   57.81
  41916.312   455.918     4.65   74.71
  42285.177   454.374    -4.19   87.92
  42654.113   458.124    10.16   85.23
  43023.119   463.639    14.95   74.69
  43392.195   495.032    85.06   81.51
  43761.340   545.580   136.94   88.47
  44130.556   582.702   100.55   73.58
  44499.842   608.381    69.54   70.19
  44869.198   600.299   -21.88   75.83
  45238.624   576.630   -64.07   79.88
  45608.120   559.256   -47.02   73.42
  45977.686   540.020   -52.05   66.19
  46347.323   549.733    26.28   83.80
  46717.030   569.043    52.23   88.96
  47086.808   589.799    56.13   81.70
  47456.656   596.657    18.54   73.17
  47826.574   560.832   -96.85   87.28
  48196.563   507.765  -143.43   96.96
  48566.622   449.854  -156.50   84.35
  48936.752   384.687  -176.07   71.29
  49306.953   336.752  -129.49   66.50
  49677.224   308.962   -75.06   54.37
  50047.566   302.081   -18.58   42.35
  50417.978   329.259    73.37   58.76
  50788.462   354.273    67.52   62.44
  51159.016   358.324    10.93   72.29
  51529.641   339.869   -49.79   70.34
  51900.337   321.543   -49.44   45.79
  52271.104   322.427     2.39   37.82
  52641.941   346.680    65.40   53.40
  53012.850   376.020    79.11   60.95
  53383.830   419.418   116.99   70.25
  53754.881   461.750   114.09   77.31
  54126.003   508.178   125.11   84.50
  54497.196   549.250   110.65   98.58
  54868.461   609.227   161.55  108.69
  55239.796   660.256   137.43  103.98
  55611.203   693.986    90.82   84.45
  55982.682   710.032    43.20   85.13
  56354.231   716.055    16.21   93.71
  56725.853   686.827   -78.65   92.59
  57097.545   647.288  -106.38  110.73
  57469.309   596.418  -136.84   99.74
  57841.145   554.660  -112.31   58.88
  58213.052   546.897   -20.87   39.25
  58585.031   578.318    84.47   59.69
  58957.081   627.793   132.99   80.40
  59329.204   701.563   198.25   90.16
  59701.397   757.066   149.13   80.52
  60073.663   755.240    -4.91   85.38
  60446.001   690.492  -173.90  117.25
  60818.410   608.057  -221.37   99.67
  61190.891   563.254  -120.29   52.88
  61563.445   575.642    33.25   70.70
  61936.070   649.863   199.19  121.78
  62308.767   749.716   267.93  135.49
  62681.537   829.653   214.45   96.40
  63054.378   856.496    72.00   74.07
  63427.292   817.168  -105.47   97.44
  63800.278   748.306  -184.63   92.75
  64173.336   691.829  -151.40   80.25
  64546.466   656.726   -94.08   66.89
  64919.669   627.225   -79.05   62.35
  65292.944   597.672   -79.18   66.95
  65666.292   552.498  -121.00   61.10
  66039.712   518.562   -90.88   54.78
  66413.204   485.043   -89.75   54.03
  66786.769   464.625   -54.66   38.15
  67160.406   456.566   -21.57   35.83
  67534.117   441.997   -38.99   42.97
  67907.900   428.796   -35.32   49.78
  68281.755   416.733   -32.27   51.84
  68655.683   394.706   -58.91   36.01
  69029.684   391.227    -9.30   33.51
  69403.758   410.122    50.51   62.14
  69777.905   433.469    62.40   76.55
  70152.125   446.770    35.55   72.82
  70526.418   464.112    46.34   60.63
  70900.783   463.582    -1.42   50.12
  71275.222   464.515     2.49   46.44
  71649.734   466.180     4.45   42.63
  72024.319   467.331     3.07   37.79
  72398.977   477.756    27.83   37.00
  72773.708   500.113    59.67   40.20
  73148.513   531.871    84.74   56.40
  73523.390   563.503    84.38   60.07
  73898.342   603.874   107.68   63.94
  74273.366   642.699   103.53   65.05
  74648.464   668.638    69.16   55.24
  75023.636   674.873    16.62   42.83
  75398.881   654.464   -54.39   47.25
  75774.199   620.342   -90.92   50.12
  76149.591   583.331   -98.60   39.58
  76525.057   570.492   -34.20   32.64
  76900.597   568.941    -4.13   30.08
  77276.210   570.134     3.18   32.47
  77651.897   561.447   -23.12   36.54
  78027.657   552.381   -24.13   35.54
  78403.492   558.123    15.28   40.46
  78779.401   577.216    50.79   42.87
  79155.383   605.503    75.24   42.47
  79531.440   626.393    55.55   42.85
  79907.570   634.339    21.13   41.52
  80283.775   624.722   -25.56   48.34
  80660.053   605.748   -50.43   51.35
  81036.406   594.811   -29.06   47.10
  81412.833   608.907    37.45   61.67
  81789.335   621.160    32.55   61.14
  82165.910   628.809    20.31   47.57
  82542.560   653.695    66.07   56.00
  82919.284   690.657    98.12   68.75
  83296.083   711.830    56.20   57.82
  83672.956   704.691   -18.94   57.42
  84049.904   670.381   -91.03   68.62
  84426.926   620.279  -132.90   58.90
  84804.023   585.926   -91.10   52.02
  85181.194   574.054   -31.48   49.42
  85558.441   576.797     7.27   48.40
  85935.762   602.191    67.31   56.29
  86313.157   624.301    58.59   48.93
  86690.628   629.549    13.90   52.35
  87068.173   614.743   -39.22   64.48
  87445.793   582.464   -85.49   50.13
  87823.488   581.282    -3.13   45.39
  88201.259   583.154     4.95   40.48
  88579.104   577.509   -14.94   48.10
  88957.024   557.218   -53.69   53.83
  89335.020   524.687   -86.07   39.40
  89713.090   502.895   -57.64   36.46
  90091.236   494.893   -21.16   37.65
  90469.457   477.818   -45.15   40.61
  90847.754   462.306   -41.01   44.49
  91226.125   466.236    10.39   50.19
  91604.572   479.486    35.01   64.06
  91983.095   505.214    67.97   61.61
  92361.693   523.418    48.09   50.43
  92740.367   530.909    19.78   48.03
  93119.116   526.134   -12.61   43.58
  93497.941   527.919     4.71   40.07
  93876.841   541.066    34.70   45.93
  94255.817   558.653    46.41   49.05
  94634.869   581.354    59.89   57.61
  95013.997   615.066    88.93   64.51
  95393.200   654.571   104.19   62.27
  95772.480   662.814    21.73   56.39
  96151.835   663.214     1.05   54.72
  96531.266   654.753   -22.30   56.46
  96910.774   625.526   -77.02   62.99
  97290.357   599.625   -68.24   71.42
  97670.017   568.504   -81.98   60.93
  98049.752   545.303   -61.10   46.04
  98429.564   518.790   -69.81   41.44
  98809.452   501.315   -46.00   37.30
  99189.417   498.009    -8.70   43.03
  99569.458   507.294    24.43   55.75
  99949.575   523.020    41.38   63.13
 100329.768   532.804    25.73   57.22
 100710.038   534.133     3.50   41.37
 101090.385   537.163     7.97   38.67
 101470.808   526.418   -28.25   39.27
 101851.308   509.756   -43.79   51.25
 102231.884   483.077   -70.11   59.65
 102609.842   459.020   -63.65   49.20
 102975.862   454.793   -11.55   48.40
 103341.952   449.664   -14.01   49.77
 103708.112   444.320   -14.59   43.64
 104074.343   436.449   -21.49   32.96
 104440.644   426.446   -27.31   30.58
 104807.015   427.330     2.41   36.81
 105173.456   429.627     6.27   43.86
 105539.967   432.882     8.88   51.44
 105906.549   441.200    22.69   54.21
 106273.202   456.520    41.79   55.41
 106639.924   465.441    24.33   52.36
 107006.718   467.852     6.57   46.04
 107373.581   453.741   -38.47   50.40
 107740.516   424.293   -80.26   56.23
 108107.520   391.189   -90.21   43.07
 108474.596   387.754    -9.36   40.51
 108841.742   410.413    61.72   61.89
 109208.959   430.559    54.86   59.22
 109576.247   437.350    18.49   49.93
 109943.605   422.582   -40.20   50.44
 110311.034   408.756   -37.63   35.42
 110678.535   425.346    45.15   46.81
 111046.106   459.032    91.65   56.93
 111413.748   491.751    89.00   43.16
 111781.461   499.732    21.71   36.91
 112149.245   495.986   -10.19   34.51
 112517.100   474.614   -58.10   36.05
 112885.026   454.876   -53.65   30.23
 113253.024   440.134   -40.06   32.31
 113621.093   423.960   -43.95   29.54
 113989.232   414.998   -24.35   27.94
 114357.444   409.044   -16.17   29.94
 114725.726   416.256    19.58   37.17
 115094.080   417.756     4.07   39.50
 115462.506   414.225    -9.59   36.47
 115831.002   400.941   -36.05   34.85
 116199.571   383.676   -46.85   33.55
 116568.210   366.191   -47.44   30.33
 116936.922   344.446   -58.98   31.40
 117305.705   323.220   -57.56   36.48
 117674.560   296.032   -73.72   32.94
 118043.486   277.680   -49.75   23.82
 118412.484   269.220   -22.93   13.91
 118781.554   290.868    58.66   42.33
 119150.696   330.259   106.72   59.04
 119519.910   377.064   126.78   59.13
 119889.195   407.962    83.68   39.52
 120258.553   422.829    40.26   37.83
 120627.982   428.276    14.75   39.91
 120997.484   424.054   -11.43   44.20
 121367.057   426.020     5.32   49.80
 121736.703   418.443   -20.50   53.22
 122106.421   412.111   -17.13   46.87
 122476.211   410.077    -5.50   36.46
 122846.073   425.054    40.50   37.97
 123216.008   455.802    83.12   43.41
 123586.015   492.324    98.71   52.89
 123956.094   519.009    72.11   54.00
 124326.246   529.335    27.90   48.73
 124696.470   518.765   -28.55   52.65
 125066.767   487.841   -83.52   54.17
 125437.136   462.592   -68.18   48.75
 125807.578   439.292   -62.90   41.48
 126178.093   419.637   -53.05   38.48
 126548.680   401.977   -47.66   39.60
 126919.340   380.753   -57.27   37.45
 127290.072   368.614   -32.75   31.43
 127660.878   375.515    18.61   37.85
 128031.756   406.976    84.84   51.34
 128402.707   442.158    94.85   43.86
 128773.731   461.454    52.01   29.61
 129144.828   456.907   -12.25   37.54
 129515.998   447.088   -26.46   40.83
 129887.241   437.554   -25.68   38.00
 130258.557   437.373    -0.49   38.51
 130629.947   435.120    -6.07   38.91
 131001.409   433.595    -4.11   34.43
 131372.945   434.317     1.94   28.24
 131744.554   442.860    22.99   30.15
 132116.236   447.335    12.04   34.08
 132487.992   446.150    -3.19   45.23
 132859.821   433.809   -33.19   51.08
 133231.724   412.985   -56.00   48.54
 133603.700   394.920   -48.57   40.17
 133975.749   387.723   -19.35   28.19
 134347.872   397.216    25.51   31.33
 134720.069   417.765    55.21   35.60
 135092.339   432.781    40.34   35.20
 135464.684   432.765    -0.04   44.67
 135837.101   415.614   -46.06   51.59
 136209.593   394.950   -55.48   53.72
 136582.158   385.537   -25.27   59.43
 136954.798   380.334   -13.96   62.25
 137327.511   371.632   -23.35   60.09
 137700.298   356.860   -39.63   55.32
 138073.159   352.549   -11.56   53.27
 138446.095   349.066    -9.34   52.44
 138819.104   349.251     0.50   49.50
 139192.188   345.940    -8.88   45.08
 139565.345   334.593   -30.41   41.71
 139938.577   312.986   -57.90   43.38
 140311.883   284.032   -77.57   44.59
 140685.264   251.020   -88.42   43.63
 141058.719   216.776   -91.71   45.13
 141432.248   186.665   -80.62   46.65
 141805.851   161.616   -67.05   36.21
 142179.530   152.120   -25.41   32.74
 142553.282   158.100    16.00   43.52
 142927.110   171.313    35.35   52.43
 143301.012   199.193    74.57   53.80
 143674.988   227.471    75.62   48.33
 144049.039   254.476    72.20   41.35
 144423.165   264.132    25.81   31.30
 144797.366   258.133   -16.03   35.79
 145171.642   243.220   -39.85   38.21
 145545.993   234.043   -24.52   31.46
 145920.418   246.009    31.96   39.75
 146294.919   277.293    83.54   49.72
 146669.494   307.570    80.84   42.93
 147044.145   319.427    31.65   30.91
 147418.870   294.376   -66.86   52.93
 147793.671   256.138  -102.03   48.21
 148168.547   244.256   -31.70   36.33
 148543.498   252.891    23.03   43.67
 148918.525   275.133    59.31   40.37
 149293.627   284.879    25.99   36.78
 149668.804   266.320   -49.47   48.02
 150044.057   241.762   -65.45   40.12
 150419.385   234.724   -18.75   31.56
 150794.789   242.139    19.76   37.85
 151170.268   270.064    74.38   44.55
 151545.823   298.125    74.73   36.58
 151921.454   314.444    43.45   32.15
 152297.160   318.776    11.53   40.27
 152672.942   314.825   -10.52   44.04
 153048.799   315.067     0.64   44.43
 153424.733   321.053    15.93   43.11
 153800.743   333.473    33.03   44.12
 154176.828   351.548    48.07   39.76
 154552.989   363.879    32.79   31.75
 154929.227   366.086     5.87   29.11
 155305.540   349.973   -42.82   43.42
 155681.930   328.953   -55.85   43.60
 156058.395   315.604   -35.46   33.05
 156434.937   327.470    31.52   36.28
 156811.555   356.903    78.16   38.18
 157188.250   384.398    73.00   35.49
 157565.021   405.291    55.46   22.40
 157941.868   417.031    31.16   15.87
 158318.791   422.515    14.55   12.75
 158695.791   419.064    -9.15   20.02
 159072.868   406.175   -34.19   33.39
 159450.021   401.987   -11.10   33.12
 159827.251   403.687     4.51   28.60
 160204.557   409.423    15.20   20.90
 160581.940   412.331     7.71   21.00
 160959.400   411.488    -2.23   24.24
 161336.937   406.725   -12.62   25.45
 161714.551   407.328     1.60   21.66
 162092.241   416.818    25.13   25.58
 162470.008   434.284    46.24   26.96
 162847.853   445.100    28.63   22.19
 163225.774   436.803   -21.96   38.30
 163603.772   413.066   -62.80   51.30
 163981.848   381.647   -83.11   50.65
 164360.001   353.538   -74.34   39.74
 164738.231   346.845   -17.70   35.54
 165116.538   346.907     0.16   36.79
 165494.922   343.317    -9.49   36.74
 165873.384   327.009   -43.10   43.58
 166251.923   311.702   -40.44   41.67
 166630.540   309.668    -5.37   43.06
 167009.234   327.376    46.77   54.68
 167388.006   361.256    89.46   54.67
 167766.856   386.987    67.93   49.18
 168145.783   412.361    66.97   50.01
 168524.787   436.964    64.92   52.34
 168903.870   451.515    38.39   41.65
 169283.030   440.123   -30.05   52.83
 169662.268   422.779   -45.74   53.55
 170041.584   422.043    -1.94   53.71
 170420.978   446.240    63.79   53.88
 170800.449   451.259    13.23   47.70
 171179.999   417.727   -88.36   72.04
 171559.627   386.248   -82.93   62.76
 171939.333   363.698   -59.39   46.01
 172319.117   381.147    45.95   61.47
 172698.980   424.143   113.20   62.46
 173078.920   441.834    46.57   62.62
 173458.939   447.836    15.79   61.61
 173839.037   462.962    39.80   61.61
 174219.212   492.803    78.50   66.53
 174599.466   527.092    90.19   51.69
 174979.799   532.848    15.14   37.65
 175360.210   522.432   -27.38   47.68
 175740.700   510.260   -32.00   50.82
 176121.268   501.411   -23.25   47.49
 176501.915   506.482    13.32   39.82
 176882.641   500.543   -15.60   42.07
 177263.446   481.152   -50.93   48.30
 177631.470   462.882   -49.65   53.46
 177997.336   461.325    -4.26   48.98
 178363.274   458.753    -7.03   39.17
 178729.284   460.455     4.65   35.11
 179095.366   464.598    11.32   37.27
 179461.519   461.713    -7.88   38.15
 179827.745   456.597   -13.97   35.53
 180194.042   446.537   -27.47   34.28
 180560.412   432.698   -37.78   34.45
 180926.854   418.645   -38.35   31.69
 181293.368   416.868    -4.85   31.18
 181659.954   421.032    11.36   22.91
 182026.612   418.945    -5.69   22.30
 182393.343   406.241   -34.65   32.45
 182760.145   381.477   -67.52   38.62
 183127.021   357.987   -64.04   30.94
 183493.968   342.218   -42.98   27.98
 183860.988   335.614   -18.00   29.26
 184228.081   329.964   -15.39   27.75
 184595.246   332.713     7.49   22.28
 184962.484   334.793     5.67   18.67
 185329.794   335.687     2.43   19.59
 185697.177   332.079    -9.82   26.09
 186064.632   319.768   -33.51   36.23
 186432.160   300.195   -53.26   42.79
 186799.762   287.636   -34.17   43.07
 187167.435   285.305    -6.34   44.71
 187535.182   293.825    23.17   53.12
 187903.002   308.850    40.85   55.37
 188270.895   307.216    -4.44   54.80
 188638.860   288.243   -51.57   66.76
 189006.899   249.784  -104.51   68.34
 189375.011   224.658   -68.27   55.62
 189743.195   207.976   -45.31   47.37
 190111.454   198.836   -24.82   52.52
 190479.785   192.718   -16.61   56.20
 190848.189   176.709   -43.46   49.20
 191216.667   157.793   -51.34   32.18
 191585.218   139.923   -48.50   21.15
 191953.843   136.865    -8.30   18.60
 192322.541   145.510    23.45   28.17
 192691.312   162.009    44.75   39.21
 193060.157   190.097    76.16   41.74
 193429.076   209.401    52.33   35.83
 193798.068   217.409    21.71   26.28
 194167.134   215.053    -6.39   23.14
 194536.273   203.043   -32.54   26.27
 194905.486   188.762   -38.68   26.98
 195274.773   173.427   -41.53   27.06
 195644.134   155.397   -48.82   29.77
 196013.569   143.997   -30.86   26.05
 196383.077   140.268   -10.09   23.72
 196752.660   137.598    -7.22   26.76
 197122.316   141.781    11.32   26.87
 197492.047   141.343    -1.19   26.83
 197861.851   135.680   -15.32   22.90
 198231.730   129.683   -16.21   22.97
 198601.683   116.809   -34.80   23.37
 198971.710   100.227   -44.82   21.75
 199341.812    87.918   -33.26   16.19
 199711.987    83.151   -12.88   13.23
 200082.237    80.250    -7.84   13.25
 200452.562    78.120    -5.75   14.32
 200822.961    76.699    -3.84   14.99
 201193.434    72.564   -11.16   14.55
 201563.982    67.544   -13.55   12.76
 201934.605    63.141   -11.88   11.56
 202305.302    60.907    -6.03   10.71
 202676.074    58.607    -6.20   11.46
 203046.920    53.395   -14.06   12.22
 203417.842    51.730    -4.49   12.72
 203788.838    56.566    13.04   17.81
 204159.909    67.455    29.35   20.75
 204531.054    80.109    34.10   16.28
 204902.275    91.160    29.77   12.93
 205273.571    98.698    20.30   12.24
 205644.941   105.182    17.46   10.41
 206016.387   110.586    14.55    5.82
 206387.908   112.350     4.75    4.17
 206759.504   110.754    -4.29    6.88
 207131.176   107.055    -9.96    8.73
 207502.922   105.542    -4.07    7.86
 207874.744   105.265    -0.75    6.33
 208246.641   103.912    -3.64    4.94
 208618.614   100.893    -8.12    6.76
 208990.662    95.325   -14.97    8.03
 209362.785    90.894   -11.91    7.99
 209734.984    90.401    -1.33   10.07
 210107.259    91.746     3.61   11.10
 210479.609    96.238    12.07    9.75
 210852.035    99.449     8.62    7.87
 211224.536   102.240     7.49    6.41
 211597.113   105.504     8.76    5.82
 211969.767   109.343    10.30    5.23
 212342.495   111.440     5.63    5.22
 212715.300   111.520     0.22    5.05
 213088.181   109.966    -4.17    5.01
 213461.138   106.305    -9.82    6.28
 213834.170   101.343   -13.30    7.07
 214207.279    95.202   -16.46    7.47
 214580.464    89.553   -15.14    7.81
 214953.725    82.657   -18.48    9.58
 215327.063    77.300   -14.35    9.69
 215700.476    70.725   -17.61    9.86
 216073.966    64.129   -17.66   11.72
 216447.532    57.239   -18.45   11.00
 216821.175    49.848   -19.78   10.29
 217194.894    44.230   -15.04    7.23
 217568.689    40.194   -10.80    7.78
 217942.561    37.427    -7.40    8.93
 218316.510    34.354    -8.22   11.46
 218690.535    29.032   -14.23   13.68
 219064.637    24.752   -11.44   13.83
 219438.816    18.687   -16.21   12.37
 219813.072    16.651    -5.44   12.15
 220187.404    16.327    -0.86   13.99
 220561.813    17.140     2.17   17.51
 220936.299    14.132    -8.03   20.34
 221310.862     6.129   -21.37   21.97
 221685.502    -2.397   -22.76   18.51
 222060.219    -9.119   -17.94   12.93
 222435.013    -8.419     1.87   13.01
 222809.884    -1.980    17.18   16.04
 223184.833     4.773    18.01   18.08
 223559.859     9.564    12.78   18.91
 223934.962    13.977    11.77   18.83
 224310.142    14.727     2.00   20.11
 224685.400    18.580    10.27   20.21
 225060.735    23.629    13.46   18.70
 225436.147    29.260    15.00   16.28
 225811.637    35.465    16.53   13.25
 226187.205    41.173    15.20    9.75
 226562.850    45.143    10.57    7.21
 226938.573    46.325     3.15    8.32
 227314.374    47.465     3.03   10.02
 227690.253    48.160     1.85   11.50
 228066.209    50.486     6.19   11.14
 228442.243    53.246     7.34   12.30
 228818.355    58.123    12.97   13.57
 229194.545    64.084    15.85   14.43
 229570.813    71.380    19.39   11.45
 229947.159    76.265    12.98    7.16
 230323.583    77.443     3.13    6.74
 230700.085    77.289    -0.41    6.99
 231076.666    77.262    -0.07    6.41
 231453.324    78.575     3.49    5.12
 231830.061    80.499     5.11    5.31
 232206.877    81.988     3.95    6.22
 232583.770    81.812    -0.47    7.12
 232960.742    81.278    -1.41    6.76
 233337.793    81.702     1.12    6.49
 233714.922    82.902     3.18    6.72
 234092.130    87.173    11.32    7.51
 234469.416    91.659    11.89    8.27
 234846.781    97.394    15.20    8.85
 235224.225   104.194    18.02    9.97
 235601.747   112.449    21.87    8.97
 235979.349   119.097    17.61    9.24
 236357.029   124.954    15.51    9.84
 236734.788   130.988    15.98   10.27
 237112.626   136.836    15.48    9.80
 237490.543   140.063     8.54    8.98
 237868.539   142.238     5.75    7.32
 238246.615   141.612    -1.66    6.83
 238624.769   141.292    -0.85    5.46
 239003.003   141.891     1.58    4.91
 239381.316   145.412     9.31    5.77
 239759.708   150.085    12.35    7.10
 240138.180   154.087    10.58    7.82
