-149876.754   127.642     0.00   30.41
-149510.757   110.826   -45.95   27.56
-149144.834    95.879   -40.85   23.02
-148778.984    83.474   -33.91   16.05
-148413.208    86.363     7.90   26.60
-148047.504    99.242    35.22   39.20
-147668.994   106.966    20.41   41.46
-147288.040   109.893     7.69   40.51
-146907.167   106.890    -7.89   35.01
-146526.374   110.758    10.16   40.64
-146145.662   134.665    62.80   53.38
-145765.030   174.280   104.09   61.92
-145384.479   213.890   104.09   58.85
-145004.008   251.155    97.96   37.45
-144623.617   262.922    30.94   27.38
-144243.306   264.104     3.11   34.97
-143863.076   257.368   -17.72   38.29
-143482.926   249.958   -19.50   36.22
-143102.855   246.879    -8.10   35.49
-142722.865   227.052   -52.18   40.22
-142342.955   204.011   -60.65   41.69
-141963.124   164.443  -104.18   50.60
-141583.374   131.543   -86.64   46.50
-141203.703   117.102   -38.04   36.23
-140824.112   122.959    15.43   38.31
-140444.601   143.390    53.84   36.15
-140065.169   154.657    29.70   27.45
-139685.817   155.007     0.92   34.05
-139306.545   153.030    -5.21   44.31
-138927.352   145.267   -20.48   53.40
-138548.239   145.508     0.64   47.36
-138169.205   140.095   -14.28   33.99
-137790.250   137.019    -8.12   24.05
-137411.375   124.943   -31.88   34.16
-137032.579   113.258   -30.85   36.74
-136653.862   110.191    -8.10   35.72
-136275.224   120.224    26.50   38.99
-135896.666   145.030    65.54   32.23
-135518.187   155.735    28.29   25.30
-135139.786   155.380    -0.94   28.39
-134761.465   153.489    -5.00   26.21
-134383.222   152.848    -1.70   21.34
-134005.059   156.561     9.82   17.93
-133626.974   152.826    -9.88   21.46
-133248.968   142.155   -28.23   20.76
-132871.041   132.901   -24.49   16.23
-132493.192   126.849   -16.02   13.08
-132115.422   127.815     2.56   17.73
-131737.731   130.079     5.99   22.20
-131360.118   128.230    -4.90   22.45
-130982.584   125.688    -6.73   22.56
-130605.128   116.368   -24.69   22.32
-130227.750   109.872   -17.22   21.09
-129850.451   107.718    -5.71   22.90
-129473.231   106.481    -3.28   26.93
-129096.088    99.353   -18.90   32.53
-128719.024    92.504   -18.16   32.65
-128342.037    84.589   -21.00   36.10
-127965.129    75.349   -24.52   36.98
-127588.299    67.456   -20.95   37.37
-127211.547    58.651   -23.37   34.32
-126834.873    50.261   -22.28   28.26
-126458.277    42.033   -21.85   18.04
-126081.759    37.326   -12.50    8.09
-125705.318    35.607    -4.57    2.10
-125328.956    35.630     0.06    1.89
-124952.671    35.561    -0.18    1.68
-124576.463    35.391    -0.45    1.45
-124200.334    35.113    -0.74    1.28
-123824.281    35.239     0.33    1.21
-123448.307    35.545     0.81    1.13
-123072.410    35.729     0.49    0.97
-122696.590    36.013     0.75    0.65
-122320.848    35.858    -0.41    0.74
-121945.183    35.540    -0.85    0.70
-121569.596    35.213    -0.87    0.55
-121194.085    34.914    -0.80    0.46
-120818.652    34.663    -0.67    0.37
-120443.296    34.617    -0.12    0.41
-120068.017    34.749     0.35    0.43
-119692.815    35.019     0.72    0.63
-119317.691    35.243     0.60    0.67
-118942.643    35.406     0.43    0.80
-118567.672    35.441     0.09    0.71
-118192.778    35.621     0.48    0.85
-117817.961    35.937     0.84    1.10
-117443.220    36.428     1.31    1.33
-117068.557    37.870     3.85    2.09
-116693.970    39.771     5.08    2.53
-116319.459    42.304     6.76    2.86
-115945.025    44.565     6.04    2.66
-115570.668    46.691     5.68    2.24
-115196.388    49.152     6.58    3.90
-114822.183    54.905    15.38    9.54
-114448.055    63.718    23.56   13.78
-114074.004    74.144    27.87   13.80
-113700.029    81.380    19.35   12.25
-113326.130    87.564    16.54   10.72
-112952.307    94.087    17.45   13.15
-112578.561   103.182    24.34   15.94
-112204.890   115.326    32.50   18.86
-111831.296   128.929    36.42   15.91
-111457.778   139.188    27.47   14.63
-111084.336   147.378    21.93   13.78
-110710.969   156.749    25.10   16.23
-110337.679   166.584    26.35   18.49
-109964.464   175.955    25.11   15.63
-109591.326   180.768    12.90   11.89
-109218.263   180.419    -0.94   13.09
-108845.275   175.012   -14.50   14.57
-108472.364   170.969   -10.84   15.76
-108099.528   168.907    -5.53   16.47
-107726.768   171.924     8.09   17.43
-107354.083   177.110    13.92   19.08
-106981.473   189.471    33.18   19.74
-106608.939   202.508    35.00   20.10
-106236.481   213.331    29.06   18.69
-105864.098   217.848    12.13   19.30
-105491.790   214.141    -9.96   23.75
-105119.557   210.959    -8.55   22.11
-104747.400   215.234    11.49   23.45
-104375.318   224.969    26.16   23.77
-104003.311   234.525    25.69   17.32
-103631.379   234.551     0.07   13.55
-103259.522   226.659   -21.22   14.27
-102887.740   216.892   -26.27   13.87
-102516.033   207.264   -25.90   11.27
-102144.401   201.869   -14.52   12.07
-101772.844   199.919    -5.25   15.76
-101401.361   203.138     8.67   18.87
-101029.954   206.628     9.40   20.59
-100658.621   210.467    10.34   21.62
-100287.363   211.906     3.88   21.27
 -99916.179   212.032     0.34   18.87
 -99545.070   214.433     6.47   16.76
 -99174.036   224.565    27.31   23.49
 -98803.076   236.366    31.81   26.91
 -98432.190   258.694    60.21   31.63
 -98061.379   277.601    50.99   28.63
 -97690.642   287.210    25.92   24.74
 -97319.980   290.958    10.11   27.90
 -96949.392   287.041   -10.57   32.14
 -96578.878   283.529    -9.48   28.98
 -96208.438   302.392    50.93   42.97
 -95838.073   340.095   101.80   76.06
 -95467.781   400.401   162.87   91.99
 -95097.564   469.271   186.04   89.41
 -94727.421   521.430   140.93   55.96
 -94357.351   529.021    20.51   36.74
 -93987.356   522.942   -16.43   28.73
 -93617.434   505.456   -47.27   28.77
 -93247.587   488.726   -45.24   27.58
 -92877.813   464.859   -64.55   29.66
 -92508.112   446.568   -49.48   29.01
 -92138.486   427.748   -50.92   25.88
 -91768.933   413.364   -38.92   28.09
 -91399.454   406.028   -19.86   33.05
 -91030.048   410.048    10.88   50.12
 -90660.716   418.504    22.90   71.73
 -90291.458   421.467     8.03   84.45
 -89922.272   407.044   -39.07   83.89
 -89553.161   379.363   -75.00   74.47
 -89184.122   355.803   -63.85   58.77
 -88815.157   329.021   -72.59   33.81
 -88446.265   317.151   -32.18   23.81
 -88077.447   313.619    -9.58   25.82
 -87708.701   318.126    12.22   31.50
 -87340.029   322.243    11.17   32.32
 -86971.430   320.869    -3.73   30.66
 -86602.904   313.704   -19.44   30.41
 -86234.451   298.199   -42.08   30.39
 -85866.071   279.985   -49.45   22.75
 -85497.763   272.595   -20.07   20.60
 -85129.529   277.244    12.63   34.81
 -84761.368   284.348    19.30   41.44
 -84393.279   289.320    13.51   43.11
 -84025.263   286.848    -6.72   39.55
 -83657.320   278.602   -22.41   33.86
 -83289.449   268.054   -28.68   31.22
 -82921.651   255.792   -33.34   26.99
 -82553.926   246.526   -25.20   20.65
 -82186.273   246.017    -1.38   16.35
 -81818.693   251.337    14.47   16.41
 -81451.185   258.826    20.38   15.84
 -81083.750   259.689     2.35   15.41
 -80716.387   256.210    -9.47   16.04
 -80349.096   253.570    -7.19   12.50
 -79981.877   257.107     9.63   12.94
 -79614.731   264.766    20.86   15.27
 -79247.657   276.615    32.28   19.23
 -78880.655   286.105    25.86   19.81
 -78513.726   289.782    10.02   20.50
 -78146.868   286.987    -7.62   21.67
 -77780.082   272.683   -39.00   23.08
 -77413.369   262.529   -27.69   20.98
 -77046.727   257.745   -13.05   17.10
 -76680.157   263.119    14.66   21.23
 -76313.659   274.343    30.63   26.15
 -75947.233   296.337    60.03   36.17
 -75580.879   313.756    47.55   37.67
 -75214.596   324.648    29.74   33.07
 -74848.385   328.872    11.54   34.25
 -74482.246   311.292   -48.02   41.66
 -74116.179   305.292   -16.39   41.00
 -73750.183   320.606    41.85   56.49
 -73384.258   351.648    84.84   64.20
 -73009.909   380.148    76.14   50.67
 -72629.115   389.526    24.63   36.87
 -72248.400   374.137   -40.42   36.63
 -71867.763   351.349   -59.87   38.83
 -71487.204   319.760   -83.01   37.99
 -71106.723   290.804   -76.11   39.34
 -70726.321   261.672   -76.59   37.76
 -70345.997   235.101   -69.87   26.85
 -69965.751   218.226   -44.38   13.33
 -69585.583   211.185   -18.52    8.82
 -69205.493   207.595    -9.45    9.81
 -68825.482   206.286    -3.44   10.33
 -68445.548   204.650    -4.31    9.40
 -68065.692   202.628    -5.32    7.98
 -67685.914   207.386    12.53   10.73
 -67306.214   215.719    21.95   20.42
 -66926.591   222.199    17.07   28.69
 -66547.047   219.516    -7.07   35.31
 -66167.580   204.281   -40.15   35.33
 -65788.190   187.302   -44.76   24.65
 -65408.879   176.646   -28.09   17.40
 -65029.644   172.350   -11.33   14.89
 -64650.488   171.826    -1.38   17.92
 -64271.408   170.361    -3.87   17.73
 -63892.406   169.199    -3.06   14.75
 -63513.482   167.355    -4.87   12.03
 -63134.635   166.254    -2.90   10.82
 -62755.865   164.099    -5.69    6.14
 -62377.172   164.485     1.02    6.89
 -61998.556   165.359     2.31    7.53
 -61620.018   167.859     6.60    9.87
 -61241.556   171.621     9.94   11.06
 -60863.172   174.526     7.68   11.28
 -60484.865   177.445     7.72   14.59
 -60106.634   180.415     7.85   16.58
 -59728.481   187.270    18.13   18.66
 -59350.404   192.691    14.34   19.10
 -58972.404   198.303    14.85   15.95
 -58594.481   199.073     2.04   14.00
 -58216.634   203.292    11.17   17.34
 -57838.864   204.681     3.68   18.76
 -57461.171   209.492    12.74   19.26
 -57083.554   217.299    20.67   24.34
 -56706.014   227.148    26.09   31.10
 -56328.551   235.298    21.59   33.29
 -55951.163   236.648     3.58   27.15
 -55573.853   234.837    -4.80   20.73
 -55196.618   232.983    -4.92   16.55
 -54819.460   232.676    -0.81   15.26
 -54442.378   223.537   -24.24   19.20
 -54065.372   208.561   -39.72   19.54
 -53688.442   191.579   -45.06   16.98
 -53311.589   180.314   -29.89   12.03
 -52934.811   174.518   -15.38    7.32
 -52558.110   179.550    13.36   15.87
 -52181.484   198.540    50.42   29.12
 -51804.935   222.803    64.44   35.83
 -51428.461   248.826    69.13   38.17
 -51052.063   270.126    56.59   41.97
 -50675.741   280.626    27.90   43.10
 -50299.494   292.470    31.48   43.28
 -49923.324   298.592    16.28   44.09
 -49547.229   310.604    31.94   48.84
 -49171.209   318.926    22.13   46.14
 -48795.265   330.678    31.26   41.94
 -48419.397   343.670    34.57   38.05
 -48043.604   343.711     0.11   32.43
 -47667.887   337.573   -16.34   36.73
 -47292.245   324.217   -35.56   44.59
 -46916.678   311.556   -33.71   45.67
 -46541.187   312.343     2.10   46.13
 -46165.770   329.112    44.67   48.67
 -45790.429   337.274    21.75   42.62
 -45415.164   345.118    20.90   34.29
 -45039.973   348.906    10.10   31.13
 -44664.857   360.115    29.88   42.15
 -44289.816   396.892    98.06   72.93
 -43914.851   461.370   171.96   93.47
 -43539.960   523.467   165.65   84.48
 -43165.144   553.559    80.29   55.12
 -42790.403   542.769   -28.79   62.44
 -42415.737   484.848  -154.60   77.25
 -42041.146   430.280  -145.68   71.25
 -41666.629   377.048  -142.14   58.78
 -41292.187   348.983   -74.95   40.83
 -40917.819   332.949   -42.83   37.70
 -40543.526   327.359   -14.94   43.95
 -40169.308   319.604   -20.73   42.15
 -39795.164   311.410   -21.90   42.43
 -39421.095   301.780   -25.74   47.90
 -39047.100   285.681   -43.05   52.95
 -38673.179   279.087   -17.64   50.79
 -38299.333   282.615     9.44   50.80
 -37925.561   312.621    80.28   62.04
 -37551.863   355.101   113.68   55.01
 -37178.239   400.619   121.83   52.48
 -36804.690   438.337   100.97   56.39
 -36431.214   478.849   108.48   49.86
 -36057.813   486.937    21.66   54.85
 -35684.485   474.320   -33.80   68.15
 -35311.232   439.610   -93.00   71.78
 -34938.053   387.053  -140.84   63.98
 -34564.947   349.259  -101.30   68.91
 -34191.915   327.558   -58.18   60.48
 -33818.957   315.006   -33.66   49.03
 -33446.073   320.362    14.36   50.29
 -33073.262   350.129    79.85   64.29
 -32700.525   375.850    69.01   72.11
 -32327.862   392.983    45.98   78.75
 -31955.272   391.179    -4.84   76.26
 -31582.756   391.837     1.77   66.84
 -31210.314   402.254    27.97   63.72
 -30837.944   431.980    79.83   79.15
 -30465.648   476.579   119.80   82.85
 -30093.426   508.397    85.48   84.81
 -29721.277   516.394    21.49   82.12
 -29349.201   519.793     9.14   76.91
 -28977.198   525.826    16.22   70.27
 -28605.269   562.159    97.69   81.62
 -28233.412   595.240    88.96   77.02
 -27861.629   623.286    75.44   63.73
 -27489.919   630.189    18.57   67.91
 -27118.282   613.567   -44.73   78.94
 -26746.717   599.814   -37.01   90.25
 -26375.226   586.928   -34.69   94.61
 -26003.808   583.466    -9.32   87.32
 -25632.462   551.826   -85.21   83.58
 -25261.189   520.601   -84.10   82.19
 -24889.989   456.309  -173.21   82.20
 -24518.862   408.725  -128.22   74.59
 -24147.807   382.175   -71.55   54.80
 -23776.825   394.292    32.66   59.81
 -23405.916   418.426    65.07   66.18
 -23035.079   453.496    94.57   68.58
 -22664.315   489.570    97.30   63.80
 -22293.623   547.445   156.13   85.39
 -21923.003   601.612   146.15   83.27
 -21552.456   623.004    57.73   76.92
 -21181.981   627.991    13.46   81.33
 -20811.579   585.522  -114.66  102.94
 -20441.249   524.504  -164.77   90.45
 -20070.991   477.230  -127.68   66.82
 -19700.805   448.125   -78.63   43.54
 -19330.691   444.702    -9.25   51.07
 -18960.649   457.712    35.16   77.07
 -18590.680   484.545    72.53   93.64
 -18220.782   506.159    58.43  103.38
 -17850.957   530.895    66.89  105.10
 -17481.203   542.725    31.99  102.65
 -17111.521   524.469   -49.38   89.86
 -16741.911   479.670  -121.21   87.55
 -16372.373   418.722  -164.93   93.56
 -16002.906   364.628  -146.41   80.37
 -15633.511   314.731  -135.08   79.16
 -15264.188   273.070  -112.80   83.96
 -14894.937   241.314   -86.00   83.71
 -14525.757   212.423   -78.26   66.56
 -14156.648   198.635   -37.36   48.92
 -13787.612   207.500    24.02   45.79
 -13418.646   244.240    99.58   67.29
 -13049.752   325.320   219.80  106.14
 -12680.930   393.837   185.77  107.82
 -12312.178   435.567   113.17   72.39
 -11943.498   433.178    -6.48   68.62
 -11574.890   390.837  -114.87   81.68
 -11206.352   341.280  -134.47   60.72
 -10837.886   276.803  -174.99   68.70
 -10469.490   235.315  -112.62   85.33
 -10101.166   197.685  -102.17   82.75
  -9732.913   176.584   -57.30   68.24
  -9364.731   172.254   -11.76   61.11
  -8996.620   160.870   -30.93   63.33
  -8628.580   141.326   -53.10   58.80
  -8260.610   131.042   -27.95   48.62
  -7892.712   147.366    44.37   62.15
  -7524.884   206.152   159.82   75.97
  -7157.127   264.401   158.39   79.58
  -6789.441   329.008   175.71   80.87
  -6421.826   376.680   129.68   66.39
  -6054.281   397.240    55.94   56.36
  -5686.807   402.399    14.04   57.66
  -5319.403   379.132   -63.33   75.81
  -4952.070   335.951  -117.55   86.60
  -4584.807   288.778  -128.45   72.54
  -4217.615   242.181  -126.90   67.35
  -3850.493   198.850  -118.03   59.15
  -3483.441   161.459  -101.87   54.45
  -3116.460   128.067   -90.99   49.22
  -2749.549   100.545   -75.01   45.13
  -2382.709    72.837   -75.53   44.16
  -2015.938    44.481   -77.31   42.22
  -1649.238    23.292   -57.78   33.53
  -1282.608     5.928   -47.36   16.21
   -916.047     0.680   -14.32    1.01
   -549.557     0.268    -1.12    0.75
   -183.137     0.008    -0.71    0.39
    183.213     0.094     0.24    0.52
    549.493     0.734     1.75    1.22
    915.703     1.862     3.08    1.77
   1281.844     3.126     3.45    1.74
   1652.358     4.384     3.40    1.12
   2032.993     5.680     3.40    1.80
   2413.551     7.485     4.74    3.03
   2794.033     8.938     3.82    3.79
   3174.439    10.067     2.97    4.01
   3554.769     9.587    -1.26    3.83
   3935.022     9.019    -1.50    3.24
   4315.199    11.167     5.65    4.61
   4695.300    13.532     6.22    5.08
   5075.325    16.006     6.51    4.40
   5455.274    17.711     4.49    2.40
   5835.147    18.303     1.56    1.38
   6214.944    18.414     0.29    0.86
   6594.666    18.553     0.37    2.56
   6974.311    18.768     0.57    4.20
   7353.881    18.303    -1.23    4.11
   7733.375    17.769    -1.41    3.61
   8112.793    17.035    -1.93    2.21
   8492.136    16.354    -1.80    0.91
   8871.403    16.167    -0.49    0.90
   9250.594    15.653    -1.35    1.69
   9629.710    15.396    -0.68    2.11
  10008.751    15.542     0.39    2.26
  10387.716    16.093     1.46    2.38
  10766.605    17.511     3.74    1.43
  11145.420    18.919     3.72    3.28
  11524.159    22.992    10.76    7.98
  11902.823    28.957    15.75   11.52
  12281.411    40.205    29.71   19.76
  12659.925    50.838    28.09   21.98
  13038.363    60.702    26.07   24.33
  13416.726    68.228    19.89   23.97
  13795.015    71.974     9.90   21.83
  14173.228    80.100    21.49   20.88
  14551.366    93.639    35.80   29.00
  14929.430   112.960    51.10   32.23
  15307.418   130.540    46.51   37.05
  15685.332   147.332    44.43   42.01
  16063.171   158.303    29.04   44.64
  16440.936   163.373    13.42   44.96
  16818.625   171.064    20.36   47.18
  17196.241   185.896    39.28   50.82
  17573.781   188.070     5.76   48.53
  17951.247   188.873     2.13   45.53
  18328.638   191.204     6.18   45.39
  18705.956   194.596     8.99   48.38
  19083.198   198.462    10.25   54.15
  19460.366   221.401    60.82   55.80
  19837.460   228.378    18.50   60.02
  20214.480   245.987    46.71   54.30
  20591.425   257.439    30.38   42.05
  20968.297   254.405    -8.05   39.13
  21345.094   247.668   -17.88   42.54
  21721.817   241.349   -16.77   46.68
  22098.466   229.860   -30.50   48.81
  22475.041   219.655   -27.10   52.99
  22851.542   190.465   -77.53   58.73
  23227.969   157.178   -88.43   55.54
  23604.322   128.515   -76.16   43.05
  23980.601   108.360   -53.56   31.16
  24356.807   109.235     2.33   29.69
  24732.938   124.372    40.24   35.28
  25108.996   138.721    38.16   37.53
  25484.981   146.607    20.97   36.40
  25860.891   154.133    20.02   38.17
  26236.729   147.848   -16.72   37.91
  26612.492   143.616   -11.26   33.69
  26988.182   146.746     8.33   31.41
  27363.799   150.975    11.26   31.64
  27739.342   156.446    14.57   27.00
  28114.812   162.942    17.30   24.52
  28490.209   161.263    -4.47   26.91
  28865.532   157.366   -10.38   25.52
  29240.782   155.689    -4.47   24.55
  29615.959   157.942     6.00   22.90
  29991.063   164.030    16.23   26.77
  30366.093   169.653    14.99   25.67
  30741.051   172.849     8.52   22.43
  31115.935   179.396    17.46   21.88
  31490.747   193.383    37.32   26.65
  31865.485   207.378    37.34   30.93
  32240.151   227.621    54.03   36.17
  32614.744   255.291    73.86   43.49
  32989.264   287.792    86.78   47.50
  33363.711   311.711    63.88   35.52
  33738.085   315.837    11.02   34.04
  34112.387   306.977   -23.67   35.90
  34486.616   308.389     3.77   39.92
  34860.773   331.435    61.59   53.09
  35234.856   361.803    81.18   54.46
  35608.868   387.707    69.26   42.94
  35982.807   384.736    -7.94   43.97
  36356.673   364.008   -55.44   46.18
  36730.467   352.384   -31.10   44.62
  37104.189   342.256   -27.10   38.95
  37477.839   335.244   -18.76   40.69
  37851.416   343.349    21.69   46.69
  38224.921   369.590    70.25   53.88
  38598.353   391.362    58.30   62.39
  38971.714   416.118    66.31   63.06
  39345.002   420.280    11.15   66.63
  39718.219   401.430   -50.51   72.04
  40091.363   367.349   -91.33   75.57
  40464.436   311.198  -150.50   61.34
  40837.436   279.417   -85.20   45.90
  41210.365   264.929   -38.85   45.63
  41583.221   258.732   -16.62   53.40
  41956.006   244.768   -37.46   59.80
  42328.720   224.121   -55.39   57.09
  42701.361   198.143   -69.71   45.29
  43073.931   176.667   -57.64   34.13
  43446.429   162.861   -37.06   24.50
  43818.855   159.178    -9.89   26.07
  44191.210   156.710    -6.63   29.16
  44563.493   154.985    -4.63   29.86
  44935.705   151.202   -10.16   30.07
  45307.846   146.458   -12.75   28.92
  45679.915   141.038   -14.57   28.16
  46051.912   139.178    -5.00   28.36
  46423.839   137.528    -4.44   30.49
  46795.694   133.067   -12.00   30.28
  47167.477   127.521   -14.92   26.75
  47539.190   121.642   -15.82   20.72
  47910.831   115.338   -16.96   11.74
  48282.402   114.015    -3.56    8.84
  48653.901   113.655    -0.97    9.24
  49025.329   116.621     7.99   11.02
  49396.686   119.204     6.95   12.04
  49767.973   121.746     6.85   13.35
  50139.188   124.731     8.04   13.62
  50510.332   128.530    10.24   13.84
  50881.406   133.367    13.03   13.94
  51252.409   140.228    18.49   13.55
  51623.341   146.754    17.59   13.88
  51994.202   147.640     2.39   14.50
  52364.993   144.756    -7.78   19.09
  52735.713   135.967   -23.71   20.95
  53106.362   126.849   -24.60   20.15
  53476.941   120.073   -18.28   17.03
  53847.450   114.004   -16.38   12.73
  54217.887   110.630    -9.11   11.31
  54588.255   108.171    -6.64   11.34
  54958.552   105.251    -7.88   12.05
  55328.779   103.607    -4.44   13.20
  55698.935   101.171    -6.58   13.65
  56069.021    99.519    -4.46   14.64
  56439.037    98.112    -3.80   14.83
  56808.983    96.962    -3.11   13.12
  57178.858    96.545    -1.13   10.94
  57548.664    97.235     1.86   10.32
  57918.399    99.692     6.64   11.65
  58288.064   104.462    12.90   13.48
  58657.660   110.240    15.63   14.44
  59027.185   116.542    17.05   15.37
  59396.641   123.362    18.46   15.43
  59766.026   131.530    22.11   17.02
  60135.342   141.231    26.26   20.04
  60504.588   157.454    43.93   26.33
  60873.764   176.743    52.25   32.58
  61242.870   201.116    66.03   35.03
  61611.907   222.616    58.26   26.27
  61980.874   236.088    36.51   17.73
  62349.772   233.056    -8.22   26.41
  62718.600   221.593   -31.08   32.65
  63087.358   205.929   -42.48   33.12
  63456.047   192.756   -35.73   33.23
  63824.667   187.033   -15.53   29.48
  64193.217   187.254     0.60   24.57
  64561.698   187.099    -0.42   20.29
  64930.109   186.777    -0.87   17.97
  65298.451   183.504    -8.89   19.06
  65666.724   181.986    -4.12   21.31
  66034.928   183.240     3.40   21.86
  66403.062   187.064    10.39   19.24
  66771.127   194.768    20.93   18.21
  67139.124   204.445    26.30   19.97
  67507.051   212.710    22.46   18.68
  67874.909   217.163    12.11   17.90
  68242.698   211.731   -14.77   19.85
  68610.419   201.082   -28.96   20.87
  68978.070   191.628   -25.71   22.49
  69345.652   192.504     2.38   26.23
  69713.166   206.256    37.42   33.14
  70080.611   216.070    26.71   27.76
  70447.987   217.681     4.39   24.57
  70815.295   204.217   -36.66   30.65
  71182.533   181.948   -60.64   29.71
  71549.703   162.732   -52.33   24.31
  71916.805   147.900   -40.40   22.70
  72283.838   139.205   -23.69   21.70
  72650.802   132.397   -18.55   21.30
  73017.698   123.733   -23.61   21.33
  73384.526   114.186   -26.02   21.26
  73751.285   102.779   -31.10   18.06
  74117.976    95.053   -21.07   13.14
  74484.598    91.343   -10.12   12.10
  74851.153    93.616     6.20   16.12
  75217.639   102.337    23.79   22.39
  75584.056   113.064    29.27   24.73
  75950.406   125.240    33.23   24.36
  76317.394   132.224    19.03   19.14
  76697.874   132.036    -0.49   15.87
  77078.279   129.711    -6.11   12.53
  77458.609   122.873   -17.98   12.22
  77838.866   113.860   -23.70   16.29
  78219.048   100.605   -34.86   19.69
  78599.156    88.053   -33.02   17.69
  78979.190    75.573   -32.84   13.47
  79359.150    70.148   -14.28   10.06
  79739.035    69.610    -1.42   10.98
  80118.847    75.199    14.72   15.01
  80498.585    83.722    22.44   16.80
  80878.249    92.826    23.98   18.47
  81257.839   106.895    37.06   22.79
  81637.355   119.874    34.20   22.91
  82016.798   126.256    16.82   15.77
  82396.166   118.265   -21.06   23.41
  82775.461    98.561   -51.94   31.43
  83154.683    77.960   -54.32   21.95
  83533.830    72.355   -14.78   15.22
  83912.904    79.999    20.16   21.68
  84291.905    97.665    46.61   25.43
  84670.832   115.984    48.34   24.26
  85049.686   128.186    32.21   19.73
  85428.466   131.862     9.70   14.27
  85807.173   125.642   -16.42   17.64
  86185.807   107.710   -47.36   25.39
  86564.367    86.698   -55.50   26.89
  86942.854    64.043   -59.85   19.93
  87321.268    50.099   -36.85   13.34
  87699.609    39.512   -27.98    8.13
  88077.876    33.612   -15.60    7.78
  88456.071    27.985   -14.88    6.59
  88834.193    26.907    -2.85    5.85
  89212.241    31.955    13.35   10.50
  89590.217    41.221    24.51   14.65
  89968.120    54.651    35.54   15.99
  90345.949    66.452    31.23   16.28
  90723.707    77.930    30.38   19.85
  91101.391    86.911    23.78   21.53
  91479.003    97.561    28.20   24.38
  91856.541   111.455    36.80   26.80
  92234.008   126.297    39.32   34.43
  92611.401   149.912    62.57   41.12
  92988.723   179.128    77.42   44.14
  93365.971   200.862    57.61   32.53
  93743.147   201.049     0.50   29.22
  94120.251   195.085   -15.81   34.29
  94497.282   194.883    -0.54   39.63
  94874.241   194.369    -1.36   45.03
  95251.128   193.965    -1.07   41.83
  95627.942   193.033    -2.47   35.48
  96004.684   196.561     9.36   32.11
  96381.354   211.028    38.40   30.65
  96757.952   226.527    41.15   29.97
  97134.478   242.392    42.13   27.13
  97510.931   248.508    16.25   21.94
  97887.313   234.061   -38.38   35.19
  98263.622   203.860   -80.25   50.07
  98639.860   156.896  -124.82   50.77
  99016.026   122.419   -91.65   41.34
  99392.120    92.862   -78.58   27.20
  99768.142    75.349   -46.57   19.89
 100144.092    64.049   -30.05   16.56
 100519.971    62.380    -4.44   19.74
 100895.778    68.000    14.95   27.88
 101271.513    76.151    21.69   33.90
 101647.177    81.103    13.18   38.54
 102022.769    79.198    -5.07   41.80
 102398.289    70.337   -23.59   39.19
 102773.738    61.850   -22.60   31.52
 103149.116    49.014   -34.19   23.83
 103524.422    40.355   -23.07   20.74
 103899.657    30.195   -27.07   15.25
 104274.820    22.082   -21.62    8.60
 104649.912    17.711   -11.65    2.30
 105024.933    17.296    -1.11    1.64
 105399.883    17.465     0.45    1.57
 105774.761    17.558     0.25    1.65
 106149.569    17.626     0.18    1.84
 106524.305    17.457    -0.45    1.91
 106898.971    17.423    -0.09    1.90
 107273.565    17.235    -0.50    1.83
 107648.088    17.202    -0.09    1.60
 108022.541    16.989    -0.57    1.40
 108396.922    16.861    -0.34    1.23
 108771.233    16.681    -0.48    1.41
 109145.473    16.558    -0.33    1.62
 109519.642    16.397    -0.43    1.81
 109893.740    16.296    -0.27    1.97
 110267.768    16.279    -0.05    2.31
 110641.725    16.547     0.72    2.87
 111015.611    16.332    -0.57    3.18
 111389.427    15.355    -2.61    3.36
 111763.172    14.038    -3.53    2.92
 112136.847    12.584    -3.89    1.54
 112510.452    11.932    -1.75    0.31
 112883.986    11.873    -0.16    0.21
 113257.449    11.948     0.20    0.40
 113630.842    12.140     0.51    0.66
 114004.165    12.361     0.59    0.95
 114377.418    12.649     0.77    1.19
 114750.601    12.826     0.47    1.28
 115123.713    12.975     0.40    1.32
 115496.755    12.982     0.02    1.22
 115869.727    13.014     0.08    1.02
 116242.630    12.791    -0.60    0.83
 116615.462    12.508    -0.76    0.71
 116988.224    12.163    -0.93    0.65
 117360.916    11.665    -1.34    0.70
 117733.538    11.244    -1.13    0.58
 118106.091    10.742    -1.35    0.64
 118478.573    10.291    -1.21    0.57
 118850.986     9.767    -1.41    0.66
 119223.329     9.223    -1.46    0.66
 119595.603     8.602    -1.67    0.81
 119967.806     7.919    -1.84    0.81
 120339.940     7.260    -1.77    0.78
 120712.005     6.991    -0.72    0.78
 121084.000     7.256     0.71    1.40
 121455.925     8.207     2.56    2.04
 121827.781     9.958     4.71    2.38
 122199.568    11.917     5.27    2.62
 122571.285    14.167     6.05    2.47
 122942.933    16.367     5.92    2.53
 123314.512    18.733     6.37    2.39
 123686.021    20.651     5.16    2.54
 124057.461    22.912     6.09    2.48
 124428.832    24.612     4.58    2.11
 124800.134    25.115     1.36    1.90
 125171.366    23.895    -3.29    2.94
 125542.530    21.669    -6.00    3.23
 125913.624    19.231    -6.57    2.50
 126284.649    16.948    -6.15    2.44
 126655.606    14.465    -6.69    3.50
 127026.494    11.863    -7.02    3.75
 127397.312    10.023    -4.96    3.11
 127768.062     9.151    -2.35    2.39
 128138.743     9.296     0.39    1.68
 128509.355     9.976     1.83    1.49
 128879.899    11.391     3.82    2.11
 129250.374    13.270     5.07    2.46
 129620.780    15.442     5.86    2.88
 129991.117    17.476     5.49    2.36
 130361.386    19.070     4.31    2.20
 130731.587    20.802     4.68    2.69
 131101.718    24.136     9.01    4.93
 131471.782    27.558     9.24    5.96
 131841.777    31.826    11.53    6.81
 132211.704    35.356     9.54    7.02
 132581.562    40.226    13.17    8.46
 132951.352    44.555    11.71    9.54
 133321.073    50.991    17.40   11.25
 133690.727    58.440    20.15   13.03
 134060.312    67.397    24.23   14.18
 134429.829    73.989    17.84   13.63
 134799.278    78.368    11.85   11.47
 135168.659    77.508    -2.33   11.58
 135537.972    73.768   -10.13   12.55
 135907.216    67.555   -16.82   12.22
 136276.393    64.740    -7.62   12.16
 136645.502    65.885     3.10   12.83
 137014.543    71.048    13.99   11.91
 137383.516    77.688    17.99   11.57
 137752.421    82.813    13.89    8.24
 138121.259    84.570     4.76    7.29
 138490.028    85.538     2.63   10.41
 138858.730    83.372    -5.87   11.81
 139227.365    80.488    -7.82   12.61
 139595.931    80.105    -1.04   11.98
 139964.430    79.937    -0.46   13.33
 140332.862    80.719     2.12   14.31
 140701.226    82.009     3.50   16.69
 141069.522    85.883    10.52   20.32
 141437.751    93.191    19.84   21.21
 141805.913   105.132    32.43   22.72
 142174.007   117.091    32.49   29.18
 142542.034   126.278    24.96   26.40
 142909.994   128.099     4.95   22.50
 143277.886   125.875    -6.04   20.13
 143645.711   122.367    -9.53   18.77
 144013.469   126.614    11.55   21.91
 144381.160   145.909    52.47   26.52
 144748.783   170.272    66.26   31.48
 145116.340   185.285    40.84   29.84
 145483.829   194.513    25.11   20.54
 145851.252   183.920   -28.83   26.62
 146218.607   160.663   -63.30   34.10
 146585.896   137.338   -63.50   34.30
 146953.117   117.663   -53.57   21.82
 147320.272   111.125   -17.81   14.14
 147687.360   110.754    -1.01   16.34
 148054.381   111.742     2.69   17.57
 148421.335   105.411   -17.25   18.49
 148788.223   101.623   -10.32   18.68
 149155.044   105.996    11.92   26.00
 149521.798   119.488    36.78   34.01
 149888.486   136.409    46.14   35.72
 150255.107   151.567    41.34   32.20
 150621.662   161.242    26.39   27.53
 150988.150   165.549    11.75   31.21
 151365.731   170.073    11.98   35.78
 151745.984   174.977    12.90   39.38
 152126.165   179.826    12.75   42.27
 152506.273   189.199    24.66   44.22
 152886.309   196.616    19.51   42.70
 153266.273   209.600    34.17   40.23
 153646.165   226.260    43.85   35.48
 154025.985   231.826    14.65   24.51
 154405.733   221.535   -27.10   28.31
 154785.408   199.733   -57.42   37.60
 155165.012   172.041   -72.94   35.48
 155544.544   148.992   -60.72   28.68
 155924.003   132.383   -43.77   12.63
 156303.391   128.202   -11.02    2.98
 156682.707   129.345     3.01    3.15
 157061.951   130.296     2.51    3.21
 157441.124   128.963    -3.51    4.39
 157820.225   125.954    -7.94    6.57
 158199.254   125.582    -0.98    8.78
 158578.211   130.123    11.98   12.73
 158957.097   141.476    29.96   18.74
 159335.911   154.100    33.32   21.67
 159714.654   165.256    29.45   23.13
 160093.325   158.669   -17.39   30.47
 160471.925   144.683   -36.94   33.38
 160850.454   129.202   -40.89   25.85
 161228.911   123.314   -15.56   16.12
 161607.297   130.023    17.73   18.14
 161985.611   138.112    21.38   20.53
 162363.855   146.657    22.59   23.29
 162742.027   155.698    23.90   26.44
 163120.128   167.638    31.58   28.36
 163498.158   178.231    28.02   24.06
 163876.116   179.236     2.66   22.92
 164254.004   174.579   -12.32   26.26
 164631.821   162.978   -30.70   27.19
 165009.567   157.790   -13.73   26.04
 165387.242   156.363    -3.78   25.59
 165764.846   150.477   -15.59   28.55
 166142.379   138.970   -30.47   34.48
 166519.841   120.921   -47.81   33.99
 166897.233   104.579   -43.30   25.50
 167274.554    95.921   -22.94   13.55
 167651.804    94.023    -5.03    5.49
 168028.984    94.103     0.21    5.18
 168406.093    92.320    -4.73    6.65
 168783.131    89.705    -6.93    7.66
 169160.099    87.532    -5.77    8.12
 169536.997    87.970     1.16    8.02
 169913.824    89.908     5.14    7.63
 170290.580    92.038     5.65    7.19
 170667.267    95.076     8.06    6.93
 171043.883    98.628     9.43    6.83
 171420.428   100.934     6.12    6.68
 171796.904   101.289     0.94    9.52
 172173.309   101.014    -0.73   13.02
 172549.644    99.357    -4.40   14.38
 172925.909    98.585    -2.05   12.20
 173302.104    99.965     3.67   10.87
 173678.229   101.414     3.85   13.14
 174054.284   102.176     2.03   14.61
 174430.269    97.159   -13.34   12.88
 174806.183    92.538   -12.29   13.12
 175182.029    87.273   -14.01   12.65
 175557.804    83.509   -10.01   11.55
 175933.509    83.500    -0.02   11.69
 176309.145    86.416     7.76   10.86
 176684.711    91.838    14.43   11.94
 177060.207   103.179    30.20   16.14
 177435.633   116.254    34.82   18.89
 177810.990   123.875    20.30   19.00
 178186.278   122.520    -3.61   20.02
 178561.495   116.528   -15.97   18.01
 178936.644   116.991     1.23   18.13
 179311.722   122.763    15.39   18.84
 179686.732   123.994     3.28   17.51
 180061.672   120.167   -10.21   17.30
 180436.542   114.014   -16.41   15.53
 180811.344   115.122     2.96   17.40
 181186.076   120.802    15.16   19.69
 181560.739   128.043    19.32   18.64
 181935.332   130.187     5.72   19.19
 182309.857   129.472    -1.91   18.01
 182684.312   127.249    -5.94   19.58
 183058.699   121.887   -14.32   21.89
 183433.016   124.187     6.14   24.25
 183807.264   124.163    -0.06   21.26
 184181.443   118.044   -16.35   15.20
 184555.554   114.167   -10.36   10.85
 184929.595   114.693     1.41   13.47
 185303.568   120.127    14.53   19.91
 185677.472   122.862     7.31   24.73
 186051.307   128.247    14.40   29.74
 186425.073   128.436     0.50   32.61
 186798.770   121.932   -17.40   32.90
 187172.399   108.500   -35.94   27.04
 187545.960    95.922   -33.67   18.61
 187919.451    86.594   -24.97   13.41
 188292.874    77.979   -23.07   10.60
 188666.229    74.253    -9.98    5.84
 189039.515    78.127    10.38   11.49
 189412.733    88.579    28.00   18.88
 189785.882   107.469    50.61   24.44
 190158.963   123.606    43.25   26.89
 190531.976   144.766    56.72   32.62
 190904.920   170.645    69.38   41.88
 191277.796   204.064    89.61   46.54
 191650.604   232.838    77.17   47.52
 192023.344   262.765    80.28   47.66
 192396.016   283.469    55.55   52.45
 192768.619   305.481    59.07   53.91
 193141.155   317.009    30.94   55.11
 193513.622   309.633   -19.80   58.59
 193886.022   299.766   -26.49   59.91
 194258.353   291.392   -22.49   50.72
 194630.617   297.127    15.40   47.23
 195002.812   310.163    35.02   42.98
 195374.940   321.421    30.25   33.91
 195747.000   316.103   -14.29   33.25
 196118.992   298.127   -48.32   35.91
 196490.917   266.898   -83.95   36.76
 196862.774   242.791   -64.82   30.23
 197234.563   231.411   -30.60   18.86
 197606.285   235.067     9.83   21.33
 197977.939   250.741    42.17   26.85
 198349.525   266.707    42.96   25.54
 198721.044   284.887    48.93   25.16
 199092.496   297.958    35.18   23.27
 199463.880   308.597    28.64   18.06
 199835.196   315.623    18.92   20.82
 200206.446   325.228    25.87   26.47
 200577.628   335.452    27.54   33.23
 200948.742   349.897    38.92   45.19
 201319.790   362.958    35.20   51.73
 201690.770   368.357    14.55   48.12
 202061.683   362.896   -14.72   47.29
 202432.529   336.055   -72.37   49.07
 202803.308   311.561   -66.05   39.43
 203174.020   296.163   -41.53   28.69
 203544.664   305.698    25.72   48.30
 203915.242   320.764    40.65   55.68
 204285.753   335.019    38.47   49.21
 204656.197   337.226     5.96   53.36
 205026.574   321.814   -41.60   52.84
 205396.884   310.413   -30.78   50.39
 205767.127   308.838    -4.25   48.39
 206137.304   310.800     5.30   40.39
 206507.414   301.332   -25.58   39.13
 206877.457   283.864   -47.20   37.41
 207247.433   266.240   -47.63   37.93
 207617.343   249.069   -46.41   29.62
 207987.186   238.440   -28.73   27.79
 208356.963   227.877   -28.56   24.59
 208726.673   222.500   -14.54   26.60
 209096.316   217.608   -13.23   31.52
 209465.894   211.397   -16.80   30.77
 209835.404   201.013   -28.10   26.96
 210204.849   189.516   -31.11   19.11
 210574.227   182.281   -19.58   15.59
 210943.538   176.681   -15.16   14.28
 211312.784   172.981   -10.02   15.02
 211681.963   172.873    -0.29   20.72
 212051.076   170.701    -5.89   23.97
 212420.123   168.564    -5.79   25.58
 212789.104   166.373    -5.94   28.35
 213158.018   161.910   -12.10   31.45
 213526.867   158.223    -9.99   33.04
 213895.649   147.960   -27.83   28.00
 214264.366   139.609   -22.65   18.03
 214633.017   131.727   -21.38    6.63
 215001.601   130.031    -4.60    6.16
 215370.120   128.899    -3.07    4.39
 215738.573   128.655    -0.66    2.91
 216106.960   129.715     2.88    3.69
 216475.282   130.407     1.88    4.83
 216843.537   130.876     1.27    5.37
 217211.727   131.997     3.04    5.91
 217579.851   134.003     5.45    6.71
 217947.910   137.308     8.98    7.84
 218315.903   141.345    10.97    7.47
 218683.831   147.350    16.32    7.87
 219051.692   152.723    14.61    7.65
 219419.489   157.261    12.34    7.54
 219787.220   158.851     4.32    7.09
 220154.885   153.492   -14.57   11.01
 220522.486   147.270   -16.92   12.71
 220890.020   147.242    -0.08   14.30
 221257.490   149.591     6.39   16.59
 221624.894   159.375    26.62   19.38
 221992.233   172.923    36.88   19.96
 222359.507   185.679    34.73   21.69
 222726.715   193.777    22.05   21.61
 223093.859   201.284    20.44   17.24
 223460.937   199.497    -4.87   18.86
 223827.950   184.726   -40.24   30.13
 224194.899   165.558   -52.23   32.42
 224561.782   143.789   -59.33   21.44
 224928.600   131.122   -34.52    8.46
 225295.353   126.762   -11.89    2.67
 225662.042   127.414     1.78    3.71
 226036.309   130.916     9.35    6.51
 226416.414   137.233    16.62    9.17
 226796.449   143.962    17.70    8.73
 227176.414   148.402    11.68    6.98
 227556.308   151.058     6.99    6.30
 227936.132   150.423    -1.67    6.72
 228315.885   149.521    -2.38    6.55
 228695.569   149.597     0.20    6.60
 229075.182   150.314     1.89    8.06
 229454.725   148.898    -3.73   13.50
 229834.198   143.513   -14.19   19.92
 230213.601   136.142   -19.42   21.55
 230592.934   128.933   -19.00   17.87
 230972.197   126.018    -7.68   10.91
 231351.390   128.127     5.56   10.34
 231730.513   136.980    23.35   15.48
 232109.567   147.014    26.47   19.35
 232488.550   159.023    31.68   21.42
 232867.464   170.171    29.42   19.47
 233246.308   179.076    23.50   16.08
 233625.082   185.423    16.76   12.65
 234003.786   191.628    16.38   13.59
 234382.421   197.741    16.14   14.84
 234760.986   201.643    10.30   18.02
 235139.482   198.936    -7.15   21.01
 235517.908   192.588   -16.77   26.44
 235896.265   186.143   -17.03   32.71
 236274.552   182.910    -8.54   38.88
 236652.770   180.914    -5.28   42.36
 237030.919   183.076     5.71   47.12
 237408.998   184.358     3.39   49.96
 237787.008   181.716    -6.99   50.96
 238164.949   177.480   -11.21   49.98
 238542.820   175.754    -4.56   48.26
 238920.622   171.416   -11.48   44.14
 239298.355   168.937    -6.56   42.88
 239676.019   169.455     1.37   43.96
 240053.614   170.732     3.38   48.71
 240431.140   172.618     5.00   49.31
 240808.597   168.505   -10.90   44.14
 241185.985   164.678   -10.14   39.64
 241563.304   160.922    -9.95   33.01
 241940.555   156.655   -11.31   21.20
 242317.736   156.618    -0.10   18.29
 242694.849   155.115    -3.99   10.53
 243071.893   155.036    -0.21    6.11
 243448.868   154.681    -0.94    3.48
 243825.774   154.594    -0.23    2.34
 244202.612   154.752     0.42    2.18
 244579.381   155.320     1.51    2.44
 244956.082   156.073     2.00    2.98
 245332.714   156.990     2.44    3.45
 245709.277   157.802     2.15    3.30
 246085.772   159.176     3.65    3.59
 246462.199   160.696     4.04    4.45
 246838.557   162.536     4.89    5.19
 247214.847   164.814     6.05    6.13
 247591.069   168.018     8.52    7.22
 247967.222   172.579    12.12    9.42
 248343.308   179.383    18.09   12.54
 248719.324   189.320    26.42   17.18
 249095.273   201.101    31.33   20.37
 249471.154   212.850    31.25   20.39
 249846.966   227.826    39.84   19.49
 250222.711   237.933    26.89   15.45
 250598.387   241.606     9.78   15.00
 250973.996   240.898    -1.89   18.75
 251349.537   240.936     0.10   19.74
 251725.009   249.192    21.98   24.10
 252100.414   264.960    41.99   30.29
 252475.751   272.085    18.98   25.55
 252851.020   268.204   -10.34   30.30
 253226.222   249.270   -50.45   40.19
 253601.355   226.838   -59.79   31.74
 253976.421   216.972   -26.30   19.54
 254351.420   215.606    -3.64   13.96
 254726.351   219.294     9.83   13.09
 255101.214   225.778    17.29   13.92
 255476.009   232.313    17.43   16.23
 255850.738   242.134    26.20   15.97
 256225.398   253.567    30.51   17.59
 256599.992   267.171    36.31   18.80
 256974.518   277.001    26.24   16.58
 257348.976   279.850     7.61   17.07
 257723.367   274.659   -13.86   20.87
 258097.691   267.076   -20.25   18.90
 258471.948   261.579   -14.68   11.78
 258846.137   268.801    19.30   13.99
 259220.260   280.576    31.47   16.67
 259594.315   296.406    42.31   23.88
 259968.303   317.351    55.99   28.38
 260342.224   342.529    67.32   39.60
 260716.078   358.234    42.00   42.59
 261089.865   366.094    21.02   41.61
 261463.585   375.163    24.26   38.58
 261837.238   377.945     7.44   35.74
 262210.824   390.646    33.99   36.89
 262584.344   410.984    54.44   33.72
 262957.796   424.569    36.37   29.95
 263331.182   428.790    11.30   30.06
 263704.501   415.416   -35.82   39.70
 264077.754   393.295   -59.25   49.65
 264450.939   373.079   -54.16   50.08
 264824.058   341.540   -84.51   48.10
 265197.111   324.031   -46.92   45.78
 265570.097   318.777   -14.08   45.85
 265943.016   329.608    29.04   54.53
 266315.869   363.344    90.46   68.31
 266688.655   384.851    57.68   62.16
 267061.375   378.754   -16.35   61.80
 267434.029   356.459   -59.82   64.62
 267806.616   310.431  -123.51   61.77
 268179.137   261.085  -132.44   48.39
 268551.592   236.885   -64.96   37.51
 268923.981   231.974   -13.18   32.03
 269296.303   244.270    33.02   38.62
 269668.559   274.401    80.92   47.14
 270040.749   297.671    62.51   46.71
 270412.873   314.370    44.87   44.60
 270784.931   321.789    19.94   42.40
 271156.922   315.326   -17.37   46.12
 271528.848   295.925   -52.15   49.06
 271900.708   269.357   -71.43   43.48
 272272.502   252.397   -45.61   42.90
 272644.230   233.051   -52.03   27.34
 273015.892   230.678    -6.38   24.33
 273387.488   245.690    40.39   30.32
 273759.019   261.720    43.14   27.24
 274130.484   270.147    22.68   20.00
 274501.883   266.468    -9.90   24.50
 274873.216   253.544   -34.80   28.72
 275244.484   242.838   -28.83   26.56
 275615.686   243.003     0.45   24.22
 275986.823   249.558    17.66   24.75
 276357.894   265.903    44.04   28.29
 276728.899   293.258    73.72   35.78
 277099.839   314.003    55.91   41.64
 277470.714   324.921    29.43   46.76
 277841.523   333.913    24.24   44.82
 278212.267   331.138    -7.48   46.25
 278582.946   314.890   -43.82   51.87
 278953.559   287.862   -72.91   51.15
 279324.107   271.267   -44.77   48.12
 279694.590   268.314    -7.97   43.01
 280065.007   264.405   -10.55   41.45
 280435.360   253.179   -30.30   41.96
 280805.647   233.800   -52.32   35.13
 281175.869   217.900   -42.94   37.02
 281546.027   206.670   -30.33   41.22
 281916.119   190.765   -42.97   45.00
 282286.146   174.931   -42.78   43.53
 282656.108   161.790   -35.51   41.61
 283026.006   146.313   -41.83   32.69
 283395.838   136.655   -26.11   30.91
 283765.606   123.892   -34.51   23.45
 284135.308   113.094   -29.20   20.29
 284504.946   103.436   -26.12   17.78
 284874.520    95.375   -21.81   10.93
 285244.028    91.112   -11.53    7.08
 285613.472    91.727     1.67    8.52
 285982.851    94.138     6.53   10.12
 286352.166    99.143    13.55   11.70
 286721.416   104.949    15.72   13.25
 287090.601   113.126    22.14   17.21
 287459.722   120.431    19.79   21.16
 287828.779   126.320    15.95   20.86
 288197.771   127.750     3.87   17.67
 288566.699   127.594    -0.42   15.71
 288935.562   125.288    -6.25   16.84
 289304.361   124.789    -1.35   17.16
 289673.096   128.131     9.06   21.08
 290041.766   133.357    14.17   26.72
 290410.372   144.628    30.57   37.86
 290778.914   157.142    33.95   41.40
 291147.392   166.628    25.74   39.39
 291515.806   181.060    39.16   39.00
 291884.155   202.295    57.63   39.13
 292252.441   213.888    31.47   32.14
 292620.663   215.638     4.75   29.82
 292988.820   203.269   -33.59   33.46
 293356.914   186.972   -44.26   33.01
 293724.943   171.345   -42.45   29.36
 294092.909   158.362   -35.27   28.84
 294460.811   151.060   -19.85   25.55
 294828.649   153.228     5.89   24.44
 295196.423   165.957    34.60   34.02
 295564.133   192.742    72.83   47.88
 295931.780   215.957    63.13   46.32
 296299.363   230.270    38.93   36.74
 296666.882   231.906     4.45   32.97
 297034.338   227.143   -12.96   37.39
 297401.730   215.462   -31.79   39.78
 297769.059   210.604   -13.22   35.04
 298136.324   212.826     6.05   29.02
 298503.525   229.301    44.86   37.61
 298870.663   256.418    73.84   45.81
 299237.738   281.455    68.19   42.56
 299604.749   295.521    38.32   42.51
 299971.697   303.110    20.68   39.15
 300338.582   290.788   -33.58   34.47
 300709.816   272.875   -48.24   31.33
 301089.775   261.468   -30.02   35.29
 301469.665   257.411   -10.68   40.46
 301849.487   270.938    35.61   55.79
 302229.240   289.001    47.55   54.71
 302608.924   293.800    12.64   49.55
 302988.541   281.606   -32.11   49.88
 303368.088   248.615   -86.90   46.27
 303747.568   230.948   -46.55   31.83
 304126.979   235.505    12.01   33.35
 304506.323   251.455    42.04   37.01
 304885.597   266.357    39.28   32.48
 305264.804   276.289    26.18   37.89
 305643.943   285.851    25.21   43.56
 306023.013   292.364    17.18   45.72
 306402.016   300.800    22.25   35.85
 306780.950   295.051   -15.17   39.42
 307159.816   281.009   -37.05   41.75
 307538.615   262.863   -47.89   33.91
 307917.346   266.138     8.65   33.92
 308296.008   289.092    60.60   33.89
 308674.603   305.776    44.06   32.27
 309053.130   324.928    50.58   31.63
 309431.589   328.085     8.34   35.11
 309809.981   330.787     7.14   42.72
 310188.305   348.901    47.87   42.42
 310566.561   353.319    11.68   38.47
 310944.750   338.631   -38.83   45.26
 311322.871   321.863   -44.33   51.50
 311700.924   310.850   -29.12   44.08
 312078.910   325.877    39.74   52.59
 312456.829   361.351    93.84   56.69
 312834.680   391.192    78.95   43.26
 313212.463   403.813    33.40   40.21
 313590.180   392.443   -30.09   51.54
 313967.829   365.202   -72.11   54.47
 314345.410   346.451   -49.65   49.66
 314722.925   357.589    29.50   62.35
 315100.372   375.645    47.83   65.18
 315477.752   384.576    23.66   53.08
 315855.065   387.314     7.25   51.42
 316232.311   372.390   -39.55   59.63
 316609.489   349.974   -59.42   54.58
 316986.601   330.446   -51.77   51.72
 317363.645   303.693   -70.94   47.91
 317740.623   276.351   -72.51   41.81
 318117.534   259.326   -45.16   29.10
 318494.378   257.307    -5.36   31.67
 318871.155   274.240    44.93   43.13
 319247.865   295.369    56.07   43.01
 319624.508   312.605    45.75   42.34
 320001.085   324.451    31.45   39.24
 320377.594   331.257    18.07   32.14
 320754.038   351.186    52.93   46.91
 321130.414   379.506    75.22   60.56
