# NaN NaN NaN ;Mean Elev.(m), Avg Gradient(m/km), RMS Gradient(m/km) - SRTM1     
#    6.542   0.344   7.225 ;Mean Elev.(m), Avg Gradient(m/km), RMS Gradient(m/km) - ASTER GDEM
#   23.000  -0.916   4.008 ;Mean Elev.(m), Avg Gradient(m/km), RMS Gradient(m/km) - GMTED2010 
  8 200.381867  63.303226    23.121    23.123  4 52486.31209710 50.296
  9 200.383460  63.305946    24.093    24.089  4 52521.31206539 51.318
 11 200.379560  63.298914    20.512    20.532  4 52591.31210715 46.769
 13 200.379423  63.301332    21.460    21.403  3 52661.31207191 12.575
 14 200.373818  63.293670    23.232    23.197  3 52696.31204906 12.139
 15 200.383269  63.305516    22.405    22.705  4 52731.31207773  9.386
 16 200.383628  63.305017    23.009    23.003  4 52766.31208726 36.845
 17 200.373818  63.293827    25.182    25.168  3 52801.31208603 51.029
 18 200.376621  63.297263    23.644    23.663  4 52836.31215309 42.380
 19 200.378843  63.301659    23.282    23.267  4 52871.31219456 35.932
 20 200.382345  63.304256    24.564    24.480  4 52906.31219059 18.517
 23 200.378273  63.301414    22.158    22.154  4 53011.31217338 10.740
 24 200.375122  63.293178    23.805    23.698  3 53046.31213674  6.894
 25 200.378214  63.299467    23.291    23.322  4 53081.31217213  7.083
 26 200.373514  63.291159    20.830    20.036  3 53116.31214131 22.007
 27 200.375706  63.296750    25.254    25.243  4 53151.31219035 47.408
 28 200.381484  63.305347    24.114    24.052  4 53186.31217806 51.129
 29 200.382059  63.304162    22.950    22.939  5 53221.31220416 49.712
 30 200.383213  63.304720    21.951    21.920  4 53256.31218065 46.707
 32 200.381371  63.305593    19.473    19.534  4 53326.31216911 24.036
 33 200.386053  63.308132    21.573    20.487  4 53361.31212694  8.586
 34 200.374671  63.295586    23.363    23.378  3 53396.31214491  8.372
 35 200.384715  63.308357    21.629    21.576  5 53431.31213903  8.529
 36 200.375027  63.293651    24.317    24.424  3 53466.31216814  7.878
 37 200.376540  63.296957    26.108    26.107  3 53501.31222571 49.213
 38 200.382272  63.302047    25.999    25.986  4 53536.31221670 51.810
 39 200.379201  63.298988    24.024    24.018  4 53571.31222357 51.257
 40 200.385705  63.309515    23.257    23.155  4 53606.31217347 39.813
 41 200.374215  63.291680    24.322    24.642  3 53641.31217058 16.970
 42 200.377228  63.297198    20.866    20.842  3 53676.31219081 46.296
 43 200.387240  63.309603    21.617    21.655  5 53711.31212231 15.149
 44 200.372620  63.294508    22.703    22.485  3 53746.31203069 10.470
 45 200.383157  63.302894    22.546    22.644  4 53781.31206314  9.883
 46 200.388422  63.314214    23.465    23.309  5 53816.31203282  5.187
 47 200.373066  63.293294    24.859    24.859  2 53851.31209831  2.076
 48 200.381953  63.305843    26.477    26.466  4 53886.31210825 43.079
 49 200.375216  63.293911    25.156    25.191  3 53921.31217670 51.221
 50 200.377338  63.297019    23.372    23.398  3 53956.31217385 53.215
 52 200.375356  63.295362    22.523    22.485  3 54026.31215881 51.511
 53 200.382650  63.304944    20.832    20.871  4 54061.31215359 23.492
 54 200.385002  63.307322    21.223    21.290  5 54096.31212687 16.824
 55 200.373527  63.294634    22.856    23.204  3 54131.31207323 11.744
 56 200.381404  63.304622    21.744    21.517  4 54166.31209884  9.178
 57 200.375362  63.295549    20.301    20.378  3 54201.31207643 24.426
 58 200.379504  63.299132    22.836    22.851  4 54236.31211325 51.911
 59 200.379880  63.303742    24.637    24.643  4 54271.31213470 47.084
 60 200.380074  63.300227    23.697    23.689  4 54306.31213649 50.540
 61 200.384287  63.305640    23.832    23.895  4 54341.31211876 36.561
 62 200.377333  63.298165    22.796    22.799  4 54376.31207086 52.041
 63 200.379366  63.303225    19.469    19.448  4 54411.31206512 36.749
 64 200.373953  63.295022    20.870    20.898  3 54446.31203465 15.300
 65 200.380968  63.301104    20.589    20.402  4 54481.31205643 11.295
 66 200.375104  63.295863    23.164    23.115  3 54516.31204890  9.070
 67 200.383697  63.304702    22.740    22.881  4 54551.31206995  7.980
 68 200.378165  63.300177    24.028    24.074  4 54586.31204547  4.485
 69 200.380485  63.300386    26.078    26.149  4 54621.31206425 21.883
 70 200.378327  63.301958    25.217    25.405  4 54656.31207459 22.139
 71 200.381149  63.304512    24.379    24.414  4 54691.31205962 51.917
 72 200.375629  63.296829    23.477    23.047  3 54726.31202525 22.236
 73 200.379363  63.302141    22.091    22.105  4 54761.31203594 47.163
 74 200.373384  63.292880    22.476    22.476  2 54796.31201772 21.070
 75 200.380439  63.300610    22.261    22.270  4 54831.31203632 12.706
 76 200.376071  63.294611    23.067    22.738  3 54866.31201327  7.248
 77 200.381243  63.303981    22.417    22.381  4 54901.31203563  9.652
 78 200.377977  63.297516    25.302    25.378  4 54936.31200434  6.659
 79 200.379761  63.299325    27.809    27.809  4 54971.31203734 51.018
 80 200.379905  63.300132    26.127    26.235  4 55006.31205646 19.172
 81 200.379620  63.302456    24.546    24.589  4 55041.31204514 23.536
 82 200.382107  63.305746    23.596    23.125  4 55076.31202671 23.725
 83 200.376904  63.297479    22.814    22.159  3 55111.31197675 22.139
 84 200.380013  63.300837    21.589    21.592  4 55146.31197936 26.791
 85 200.374535  63.293626    22.344    21.993  3 55181.31195430 12.719
 86 200.381738  63.302179    23.694    23.800  4 55216.31197413  9.046
 87 200.377231  63.296879    23.762    23.660  4 55251.31195137 10.945
 88 200.382468  63.304773    24.115    24.122  5 55286.31196836  8.197
 89 200.379196  63.300888    22.222    22.171  3 55321.31194211 25.073
 90 200.381273  63.300588    22.960    22.973  4 55356.31194198 52.383
 91 200.375931  63.297263    23.858    23.833  3 55391.31194254 51.921
 92 200.379850  63.301783    25.280    25.199  4 55426.31195895 18.548
 93 200.384912  63.306574    22.894    22.908  5 55461.31192666 49.722
