# NaN NaN NaN ;Mean Elev.(m), Avg Gradient(m/km), RMS Gradient(m/km) - SRTM1     
#   47.215 -25.158 101.533 ;Mean Elev.(m), Avg Gradient(m/km), RMS Gradient(m/km) - ASTER GDEM
#   41.174 -22.270 100.206 ;Mean Elev.(m), Avg Gradient(m/km), RMS Gradient(m/km) - GMTED2010 
  7 204.320466  64.754217    47.742    46.886  3 52466.90053206 29.165
  9 204.334542  64.750837    52.503    52.239  4 52536.90051035 15.676
 10 204.322108  64.754357    42.441    42.433  4 52571.90054672 43.343
 11 204.317059  64.753657    42.200    42.082  4 52606.90050689 32.482
 12 204.326822  64.752015    44.389    43.889  4 52641.90050375 23.004
 14 204.326852  64.752413    47.629    47.578  4 52711.90052072  6.165
 15 204.308671  64.757642    41.982    41.935  4 52746.90054737 10.359
 16 204.332030  64.751340    45.456    44.150  4 52781.90048661 26.509
 17 204.330622  64.751705    44.008    44.057  4 52816.90056631 34.426
 18 204.328484  64.752234    46.699    46.862  3 52851.90061707 16.872
 21 204.335708  64.751712    41.693    41.667  3 52956.90057171 36.035
 22 204.328153  64.752342    42.571    42.726  4 52991.90059188 18.424
 23 204.318597  64.753734    42.144    42.116  4 53026.90055765 12.224
 24 204.329872  64.751984    40.804    40.957  3 53061.90056684 12.551
 25 204.306714  64.755691    42.434    42.462  4 53096.90059152  8.210
 26 204.334913  64.752586    43.472    43.479  4 53131.90056422 48.318
 28 204.322332  64.753949    45.435    45.592  3 53201.90064196 36.873
 29 204.321359  64.754140    46.701    46.618  3 53236.90061118 34.327
 30 204.340356  64.751898    43.351    43.488  4 53271.90056833 21.159
 31 204.321825  64.754030    44.681    43.982  4 53306.90063299 35.092
 32 204.316318  64.755395    42.405    42.337  3 53341.90060024 19.998
 33 204.311775  64.755961    43.389    42.508  3 53376.90053386 17.845
 34 204.325261  64.752986    41.691    41.802  4 53411.90057574 12.736
 35 204.338328  64.752567    41.187    41.197  4 53446.90055926 18.580
 36 204.321419  64.753894    41.984    41.982  4 53481.90064483  7.667
 37 204.321706  64.755674    48.850    48.850  2 53516.90064679 18.215
 38 204.314403  64.755448    46.056    45.968  4 53551.90066775 21.174
 39 204.319951  64.755184    43.877    43.914  4 53586.90062224 19.527
 40 204.329338  64.752048    43.602    43.617  3 53621.90058744 25.070
 41 204.326290  64.752781    45.985    45.457  4 53656.90061552 38.847
 42 204.315373  64.754425    42.392    42.368  4 53691.90060194 22.794
 43 204.310812  64.756189    42.992    42.982  4 53726.90052533 17.612
 44 204.337591  64.751222    42.237    42.244  4 53761.90047814 18.599
 45 204.316737  64.754695    42.228    42.164  4 53796.90049106 11.589
 47 204.324759  64.752452    43.452    43.314  3 53866.90054935 38.125
 48 204.321544  64.753855    46.884    46.759  4 53901.90057876 15.885
 49 204.311949  64.753620    45.037    45.037  2 53936.90061767 19.950
 50 204.311893  64.755868    46.525    46.658  4 53971.90058262 44.435
 52 204.331732  64.752514    47.697    48.124  3 54041.90059246 38.298
 53 204.316736  64.754583    43.339    43.310  4 54076.90058677 27.964
 54 204.306365  64.756205    42.894    42.924  4 54111.90052704 13.739
 55 204.326539  64.752792    42.068    42.134  4 54146.90052866 15.593
 56 204.307895  64.754654    42.713    42.717  4 54181.90051486 10.249
 57 204.326305  64.753090    47.724    47.575  3 54216.90053697 24.053
 59 204.322015  64.755377    45.172    45.151  3 54286.90056809 17.904
 60 204.319310  64.750734    45.698    45.698  2 54321.90056614 47.769
 61 204.310281  64.754687    44.483    44.346  4 54356.90052512 29.873
 62 204.323940  64.754444    43.721    43.593  4 54391.90050593 36.920
 63 204.317050  64.754004    42.942    42.962  4 54426.90047526 18.935
 64 204.328332  64.752919    43.096    43.100  3 54461.90048345 16.062
 65 204.318492  64.755424    43.752    43.340  4 54496.90048255 11.358
 66 204.327104  64.753446    43.001    42.976  3 54531.90049654 11.055
 67 204.309832  64.754492    48.104    48.507  4 54566.90048808  4.251
 69 204.320663  64.755165    48.807    48.699  4 54636.90050332 15.936
 70 204.318717  64.754865    46.504    46.556  4 54671.90050692 36.227
 71 204.316850  64.755601    45.884    45.965  4 54706.90046683 31.609
 72 204.324876  64.752706    44.991    45.012  3 54741.90047184 36.849
 73 204.318009  64.754025    43.477    43.666  3 54776.90044850 32.141
 74 204.329076  64.751853    42.182    42.162  4 54811.90046534 15.206
 75 204.316233  64.755433    45.521    45.356  3 54846.90044839  8.465
 76 204.323677  64.753037    42.602    42.460  4 54881.90046864  9.274
 77 204.309799  64.756753    46.829    47.657  4 54916.90045145  5.714
 78 204.324005  64.754356    44.587    44.423  4 54951.90046178 27.257
 80 204.318347  64.751768    80.226    80.226  2 55021.90047968 13.669
 82 204.310366  64.754339    43.239    43.294  3 55091.90043270 26.931
 84 204.316294  64.754396    42.896    42.883  4 55161.90039398 21.386
 86 204.312839  64.756262    42.827    42.773  4 55231.90039738 11.321
 87 204.322925  64.752837    42.746    42.620  3 55266.90040117 13.993
 88 204.311474  64.754498    42.273    42.255  4 55301.90037832 18.570
 89 204.319541  64.754287    49.546    49.493  3 55336.90037559 31.966
 90 204.320610  64.754269    45.529    45.459  4 55371.90036559 33.187
 91 204.327133  64.753306    44.848    44.813  4 55406.90038528 48.466
 92 204.320620  64.756113    46.204    46.204  2 55441.90038428 35.031
 93 204.311092  64.755648    42.489    42.556  3 55476.90032638 49.849
