# NaN NaN NaN ;Mean Elev.(m), Avg Gradient(m/km), RMS Gradient(m/km) - SRTM1     
#   25.082   5.735  26.405 ;Mean Elev.(m), Avg Gradient(m/km), RMS Gradient(m/km) - ASTER GDEM
#   45.236   5.136  22.353 ;Mean Elev.(m), Avg Gradient(m/km), RMS Gradient(m/km) - GMTED2010 
 14    40.533 52695.90249742  7.71 203.533996  64.660746  2.294
 14    40.402 52695.90249807  8.46 203.531085  64.657640  2.341
 15    44.555 52730.90252577  5.41 203.523686  64.663807  5.738
 15    47.261 52730.90252641  4.97 203.520776  64.660697  5.738
 18    42.564 52835.90259920 14.91 203.531329  64.662538 19.059
 18    42.661 52835.90259984 18.11 203.528419  64.659428 19.059
 21    41.281 52940.90256984 15.18 203.535114  64.662105 19.817
 21    41.046 52940.90257049 24.30 203.532204  64.658985 19.817
 29    40.779 53220.90265188 32.83 203.514881  64.662587 16.004
 29    40.655 53220.90265252 31.81 203.511971  64.659467 16.004
 31    40.881 53290.90264034 10.77 203.522726  64.662620 11.758
 31    40.608 53290.90264098 12.06 203.519816  64.659510 11.758
 37    43.079 53500.90267357 45.84 203.513774  64.664885 26.396
 37    43.705 53500.90267422 50.39 203.510864  64.661765 26.396
 37    43.530 53500.90267486 51.01 203.507954  64.658655 26.396
 38   141.619 53535.90266291  3.22 203.516569  64.663385 17.326
 38   140.491 53535.90266355  0.95 203.513659  64.660275 17.326
 39    41.555 53570.90267210 15.27 203.509847  64.663240 15.148
 39    47.220 53570.90267275 15.44 203.506937  64.660130 15.148
 42    71.236 53675.90263896  8.36 203.515271  64.664386  7.215
 42    70.885 53675.90263960  9.22 203.512361  64.661276  7.215
 46    40.271 53815.90247907  5.06 203.504747  64.664508  5.148
 46    39.358 53815.90247971  5.47 203.501837  64.661398  5.148
 46    40.083 53815.90248036  5.79 203.498937  64.658288  5.148
 48    43.837 53885.90255492 15.38 203.528842  64.663253 20.380
 48    43.898 53885.90255557 19.07 203.525932  64.660133 20.380
 51    45.910 53990.90254163 14.68 203.506630  64.662850 17.518
 51    46.655 53990.90254228 15.42 203.503720  64.659740 17.518
 57    38.495 54200.90252380 28.80 203.526807  64.661947 14.371
 57    38.342 54200.90252445 28.25 203.523887  64.658837 14.371
 68    39.125 54585.90249221 15.40 203.521470  64.661864  6.992
 68    39.298 54585.90249286 14.67 203.518560  64.658754  6.992
 70    41.768 54655.90252133 14.67 203.518046  64.664687 13.479
 70    45.788 54655.90252197 16.58 203.515136  64.661577 13.479
 70    41.847 54655.90252261 24.06 203.512226  64.658467 13.479
 80    43.075 55005.90250449 23.44 203.514382  64.661825 14.631
 80    43.917 55005.90250513 24.61 203.511472  64.658715 14.631
 83    99.629 55110.90242446 12.28 203.526466  64.663319  7.472
 83   115.977 55110.90242510 12.49 203.523556  64.660209  7.472
 90    45.727 55355.90238936 12.35 203.516723  64.663925 14.216
 90    43.029 55355.90239000 20.11 203.513813  64.660815 14.216
