# NaN NaN NaN ;Mean Elev.(m), Avg Gradient(m/km), RMS Gradient(m/km) - SRTM1     
#   50.664 -10.374  73.128 ;Mean Elev.(m), Avg Gradient(m/km), RMS Gradient(m/km) - ASTER GDEM
#   63.026  -9.226  71.233 ;Mean Elev.(m), Avg Gradient(m/km), RMS Gradient(m/km) - GMTED2010 
 11 208.232331  65.104561    64.026    64.035  4 52616.89045657 33.663
 15 208.224785  65.102338    63.940    63.942  6 52756.89049812 48.385
 20 208.229168  65.103209    63.416    63.403  4 52931.89053966 39.262
 23 208.232032  65.104749    63.934    63.910  4 53036.89051701 19.001
 25 208.226074  65.102942    63.565    63.544  6 53106.89051842 34.660
 38 208.238199  65.106666    64.588    64.588  2 53561.89061490 27.477
 43 208.234877  65.104973    63.722    63.745  3 53736.89043029 18.314
 49 208.236468  65.105348    64.496    64.496  2 53946.89056240 40.595
 50 208.239187  65.107008    64.091    64.091  2 53981.89050592 34.021
 54 208.226053  65.104450    63.717    63.734  6 54121.89044536 17.629
 56 208.233555  65.105478    63.720    63.659  3 54191.89044375 19.186
 61 208.234580  65.105259    65.657    65.543  3 54366.89044959 23.138
 63 208.238420  65.105638    64.070    64.070  2 54436.89040719 26.775
 65 208.236070  65.104858    64.130    64.130  2 54506.89041942 18.790
 71 208.235265  65.104827    64.158    64.172  3 54716.89039755 26.980
 73 208.240088  65.106134    64.375    64.375  2 54786.89038728 34.074
 77 208.232300  65.105411    65.103    65.305  4 54926.89038187  9.720
 82 208.230178  65.104346    63.796    63.713  5 55101.89035735 31.030
 86 208.234368  65.105130    63.641    63.641  2 55241.89033011 17.707
 93 208.232706  65.104747    63.199    63.198  3 55486.89024546 31.541
