-205263.208    76.357     0.00    6.18
-204884.110    71.315   -13.30    7.54
-204504.941    66.425   -12.90    5.07
-204125.702    63.788    -6.95    3.08
-203746.393    62.211    -4.16    1.08
-203367.013    61.827    -1.01    1.12
-202987.563    61.592    -0.62    1.17
-202608.042    61.532    -0.16    1.10
-202228.451    61.449    -0.22    1.02
-201848.790    61.253    -0.52    1.40
-201469.058    60.883    -0.98    2.00
-201089.255    60.681    -0.53    2.09
-200709.382    60.715     0.09    1.73
-200329.438    60.995     0.74    0.89
-199949.423    61.159     0.43    0.40
-199569.338    61.251     0.24    0.25
-199198.619    61.056    -0.53    0.44
-198832.016    60.841    -0.59    0.50
-198465.348    60.584    -0.70    0.45
-198098.614    60.315    -0.73    0.35
-197731.816    59.033    -3.50    2.38
-197364.952    57.636    -3.81    2.94
-196998.022    57.962     0.89    3.28
-196631.028    59.218     3.42    3.69
-196263.968    61.315     5.71    3.08
-195896.843    63.266     5.31    1.93
-195529.652    65.352     5.68    2.52
-195162.395    67.553     5.99    3.33
-194795.073    71.132     9.74    4.96
-194427.686    77.982    18.64   12.09
-194060.233    95.773    48.41   30.04
-193692.714   127.147    85.35   46.78
-193325.130   173.389   125.78   59.70
-192957.480   223.127   135.26   73.67
-192589.764   273.841   137.89   79.31
-192221.982   331.096   155.65   77.01
-191854.135   373.508   115.28   61.78
-191486.221   353.184   -55.23   90.54
-191118.242   304.123  -133.31  109.94
-190750.197   244.149  -162.93  100.34
-190382.086   175.644  -186.07   54.58
-190013.909   139.768   -97.43   30.41
-189645.666   119.821   -54.16   13.18
-189277.357   110.641   -24.92    7.68
-188908.981   105.649   -13.55    4.44
-188540.540   102.851    -7.59    2.26
-188172.032   101.756    -2.97    1.62
-187803.459   101.906     0.41    2.49
-187434.819   103.677     4.80    4.79
-187066.112   107.460    10.26    7.51
-186697.340   113.125    15.36   10.13
-186328.501   120.998    21.34   11.50
-185959.595   128.954    21.56   12.29
-185590.624   139.449    28.44   14.47
-185221.585   151.231    31.92   19.99
-184852.481   162.550    30.66   25.53
-184483.309   174.478    32.31   30.20
-184114.071   190.377    43.05   34.62
-183744.767   207.474    46.29   37.51
-183375.396   229.505    59.64   47.41
-183005.958   249.021    52.82   55.38
-182636.454   264.764    42.60   53.86
-182266.883   264.523    -0.65   45.85
-181897.245   243.879   -55.84   45.83
-181527.540   217.744   -70.68   41.76
-181157.768   192.203   -69.06   30.63
-180787.930   174.147   -48.81   30.36
-180418.024   152.097   -59.60   29.29
-180048.052   134.065   -48.73   28.42
-179678.012   116.550   -47.33   17.53
-179307.906   105.562   -29.68    8.21
-178937.732   100.229   -14.41    4.96
-178567.491    95.689   -12.26    5.55
-178197.184    91.472   -11.39    4.98
-177826.809    87.421   -10.94    4.33
-177456.366    83.878    -9.56    3.60
-177085.857    80.424    -9.32    3.69
-176715.280    77.942    -6.70    3.04
-176344.636    75.751    -5.91    1.96
-175973.924    74.426    -3.57    1.41
-175603.146    73.470    -2.58    1.59
-175232.299    72.535    -2.52    1.60
-174861.385    71.448    -2.93    1.69
-174490.404    70.571    -2.36    1.50
-174119.355    69.792    -2.10    0.94
-173748.239    69.424    -0.99    0.41
-173377.055    69.315    -0.29    0.00
-173005.803    69.315     0.00    0.00
-172634.483    69.315     0.00    0.00
-172263.096    69.315     0.00    0.00
-171891.641    69.315     0.00    0.00
-171520.119    69.303    -0.03    0.11
-171148.528    68.954    -0.94    0.69
-170776.869    68.412    -1.46    0.92
-170405.143    67.871    -1.45    0.84
-170033.349    67.628    -0.65    0.66
-169661.486    67.864     0.63    1.30
-169289.556    67.978     0.31    2.44
-168917.557    67.937    -0.11    3.38
-168545.491    67.375    -1.51    3.79
-168173.356    67.010    -0.98    4.03
-167801.153    66.480    -1.42    3.92
-167428.882    66.520     0.11    3.82
-167056.543    66.565     0.12    3.62
-166684.135    67.115     1.48    3.35
-166311.659    67.868     2.02    3.14
-165939.114    69.092     3.28    2.82
-165566.502    70.231     3.06    2.63
-165193.820    72.167     5.19    2.43
-164821.071    73.851     4.52    2.50
-164448.252    75.633     4.78    2.44
-164075.366    77.021     3.72    2.40
-163702.410    78.628     4.31    2.29
-163329.386    79.887     3.37    2.32
-162956.293    81.134     3.34    2.14
-162583.132    81.978     2.26    2.18
-162209.902    82.710     1.96    2.50
-161836.603    82.925     0.58    3.30
-161463.235    84.157     3.30    4.04
-161089.798    86.315     5.78    5.10
-160716.293    96.448    27.12   19.07
-160342.718   119.062    60.53   40.59
-159969.075   156.426    99.99   60.24
-159595.362   202.527   123.34   73.37
-159221.581   260.633   155.43   76.66
-158847.730   308.101   126.95   63.58
-158473.810   334.562    70.76   48.81
-158099.821   331.541    -8.08   51.99
-157725.763   295.106   -97.39   67.22
-157351.636   253.672  -110.73   64.23
-156977.439   206.925  -124.91   45.45
-156603.173   177.245   -79.29   29.51
-156228.838   161.609   -41.76   15.58
-155854.433   157.482   -11.02    9.71
-155479.959   161.047     9.52   11.29
-155105.415   172.176    29.71   17.17
-154730.802   192.568    54.43   29.21
-154356.119   213.315    55.37   31.19
-153981.367   233.050    52.65   24.59
-153606.545   240.292    19.32   22.48
-153231.654   237.424    -7.65   26.95
-152856.692   223.171   -38.01   29.16
-152481.661   203.488   -52.48   25.10
-152106.560   189.231   -38.00   18.17
-151731.390   177.279   -31.85   10.98
-151356.149   171.375   -15.73    8.03
-150980.839   169.513    -4.96    7.48
-150605.458   170.797     3.42   10.59
-150230.008   175.574    12.72   12.88
-149854.487   183.951    22.30   13.92
-149478.897   193.387    25.12   18.04
-149103.236   201.821    22.45   23.51
-148727.506   213.362    30.71   27.20
-148351.705   223.103    25.92   26.56
-147975.834   235.885    34.00   30.88
-147599.893   248.933    34.70   31.41
-147223.881   264.892    42.44   25.52
-146847.799   274.735    26.17   19.55
-146471.647   269.257   -14.56   22.76
-146095.424   257.062   -32.41   26.00
-145719.131   246.065   -29.22   27.97
-145342.767   236.240   -26.10   28.46
-144966.333   225.151   -29.46   31.28
-144589.828   216.303   -23.50   29.68
-144213.253   212.174   -10.96   21.77
-143836.607   211.290    -2.35   16.41
-143459.890   210.233    -2.81   17.47
-143083.102   217.388    18.99   23.15
-142706.244   232.551    40.23   36.17
-142329.315   255.365    60.52   44.28
-141952.315   284.113    76.25   43.45
-141575.245   314.693    81.09   27.11
-141198.103   328.603    36.88   24.14
-140820.890   336.038    19.71   21.01
-140443.607   337.951     5.07   19.87
-140066.252   332.580   -14.23   22.95
-139688.826   322.339   -27.13   26.04
-139311.329   310.211   -32.13   29.87
-138933.761   299.388   -28.66   31.86
-138556.122   282.014   -46.00   26.41
-138178.411   273.821   -21.69   17.66
-137800.629   285.633    31.26   29.66
-137422.776   303.815    48.11   32.02
-137044.852   311.257    19.69   24.61
-136666.856   304.708   -17.32   25.50
-136288.789   283.445   -56.24   24.61
-135910.650   264.315   -50.58   15.72
-135532.439   251.756   -33.20   12.48
-135154.157   244.632   -18.83   10.12
-134775.804   240.903    -9.85   12.01
-134397.379   241.391     1.29   15.67
-134018.882   246.196    12.69   19.86
-133640.313   252.003    15.34   20.36
-133261.673   257.234    13.81   16.03
-132882.960   258.468     3.26   11.11
-132504.176   256.374    -5.53    9.99
-132125.320   249.908   -17.07   12.84
-131746.392   241.680   -21.71   13.71
-131367.392   235.233   -17.01   10.48
-130988.321   237.388     5.68   13.45
-130609.177   245.006    20.09   17.31
-130229.961   247.513     6.61   16.92
-129850.672   244.539    -7.84   19.35
-129471.312   236.071   -22.32   21.01
-129091.879   225.875   -26.87   15.62
-128712.375   219.278   -17.38    8.68
-128332.797   217.672    -4.23    7.73
-127953.148   217.834     0.43    8.79
-127573.426   224.089    16.47   17.04
-127193.632   237.365    34.95   31.37
-126813.765   267.385    79.02   54.60
-126433.826   292.375    65.77   55.48
-126053.814   299.141    17.80   48.15
-125673.729   294.559   -12.05   43.65
-125293.572   274.703   -52.23   39.83
-124913.342   257.468   -45.32   33.22
-124538.705   243.086   -38.38   25.81
-124172.309   230.715   -33.76   23.94
-123805.846   219.696   -30.07   21.54
-123439.316   207.278   -33.88   16.63
-123072.719   197.056   -27.88   11.93
-122706.056   189.140   -21.59    7.24
-122339.325   184.838   -11.73    4.45
-121972.528   182.953    -5.14    1.49
-121605.663   185.456     6.82    5.02
-121238.732   190.488    13.71    8.17
-120871.733   200.465    27.18   13.11
-120504.668   212.171    31.89   14.82
-120137.535   229.386    46.89   20.99
-119770.335   248.881    53.09   27.92
-119403.068   267.184    49.83   26.67
-119035.733   274.429    19.72   24.78
-118668.331   277.122     7.33   24.41
-118300.862   276.527    -1.62   25.70
-117933.325   283.443    18.82   30.07
-117565.722   299.536    43.77   34.33
-117198.050   314.472    40.62   36.97
-116830.311   324.408    27.02   38.39
-116462.505   330.815    17.42   35.33
-116094.631   341.633    29.40   31.27
-115726.689   359.765    49.28   37.27
-115358.680   385.757    70.62   41.02
-114990.603   396.690    29.70   44.05
-114622.458   379.668   -46.23   62.68
-114254.246   340.196  -107.19   73.27
-113885.966   289.420  -137.86   52.46
-113517.618   259.291   -81.79   31.10
-113149.202   248.594   -29.03   20.63
-112780.718   259.089    28.48   32.49
-112412.167   280.482    58.04   41.34
-112043.547   287.618    19.36   38.78
-111674.860   281.618   -16.27   44.75
-111306.104   254.400   -73.80   50.43
-110937.280   223.515   -83.73   30.93
-110568.388   220.103    -9.25   28.21
-110199.428   234.096    37.92   44.45
-109830.400   259.970    70.11   53.40
-109461.303   285.601    69.44   43.63
-109092.139   293.455    21.27   30.07
-108722.905   287.090   -17.24   26.63
-108353.604   282.446   -12.57   27.18
-107984.234   278.053   -11.89   35.03
-107614.796   278.633     1.57   44.72
-107245.289   284.028    14.60   48.84
-106875.714   284.074     0.12   42.29
-106506.070   287.377     8.94   33.68
-106136.358   304.222    45.56   31.81
-105766.577   312.815    23.24   25.06
-105396.727   293.970   -50.95   44.56
-105026.809   261.833   -86.87   56.11
-104656.822   222.480  -106.36   42.66
-104286.766   198.523   -64.73   27.48
-103916.642   184.606   -37.60   21.66
-103546.448   178.815   -15.64   20.01
-103176.186   175.363    -9.32   20.56
-102805.855   173.220    -5.79   20.87
-102435.454   160.758   -33.64   26.41
-102064.985   151.196   -25.81   28.58
-101694.447   142.966   -22.21   24.35
-101323.839   138.781   -11.29   19.58
-100953.163   137.720    -2.86   18.80
-100582.417   136.762    -2.58   17.77
-100211.603   126.792   -26.89   20.01
 -99840.719   115.641   -30.06   18.57
 -99469.765   100.413   -41.05   14.93
 -99098.743    89.256   -30.07   13.58
 -98727.651    87.207    -5.52   18.76
 -98356.489   111.097    64.36   52.13
 -97985.259   147.171    97.17   66.81
 -97613.958   178.466    84.28   56.27
 -97242.589   189.686    30.21   42.65
 -96871.149   173.199   -44.38   43.23
 -96499.640   162.179   -29.66   35.82
 -96128.062   175.362    35.48   45.27
 -95756.414   191.192    42.59   40.93
 -95384.696   189.862    -3.58   41.18
 -95012.908   169.615   -54.45   45.19
 -94641.051   139.827   -80.10   31.51
 -94269.124   120.553   -51.82   22.19
 -93897.127   108.978   -31.11   15.45
 -93525.060   100.503   -22.78   12.28
 -93152.923    94.139   -17.10   11.83
 -92780.716    88.953   -13.93   12.28
 -92408.440    82.571   -17.14   10.87
 -92036.093    76.530   -16.22    8.93
 -91663.676    70.936   -15.02    7.35
 -91291.189    66.303   -12.44    6.73
 -90918.631    62.680    -9.72    5.78
 -90546.004    59.327    -9.00    4.09
 -90173.306    57.384    -5.21    3.07
 -89800.538    56.184    -3.22    4.09
 -89427.700    54.936    -3.35    4.39
 -89054.791    53.448    -3.99    4.66
 -88681.812    51.494    -5.24    4.73
 -88308.762    49.520    -5.29    4.41
 -87935.642    47.913    -4.31    3.75
 -87562.452    46.431    -3.97    2.64
 -87189.191    45.373    -2.83    1.89
 -86815.859    44.754    -1.66    1.30
 -86442.457    44.256    -1.33    0.88
 -86068.984    44.033    -0.60    1.11
 -85695.440    43.867    -0.44    1.34
 -85321.825    43.536    -0.89    1.41
 -84948.140    43.036    -1.34    1.34
 -84574.384    42.523    -1.37    1.02
 -84200.556    42.083    -1.18    0.64
 -83826.658    41.838    -0.65    0.70
 -83452.689    41.741    -0.26    1.22
 -83078.649    41.338    -1.07    2.16
 -82704.538    41.536     0.53    2.69
 -82330.356    41.876     0.91    2.85
 -81956.103    41.873    -0.01    3.16
 -81581.779    41.606    -0.71    3.03
 -81207.383    41.143    -1.24    3.09
 -80832.916    40.780    -0.97    3.00
 -80458.378    42.978     5.87    6.12
 -80083.768    48.797    15.53   10.41
 -79709.088    57.350    22.83   11.96
 -79334.335    64.431    18.90    8.65
 -78959.511    67.867     9.16    6.09
 -78584.616    65.621    -5.99    9.17
 -78209.650    61.176   -11.85   10.28
 -77834.611    56.436   -12.64    9.86
 -77459.501    51.245   -13.84    8.02
 -77084.320    47.387   -10.28    4.17
 -76709.066    46.200    -3.16    1.93
 -76333.741    46.797     1.59    2.17
 -75958.344    48.722     5.13    3.05
 -75582.876    50.869     5.72    3.56
 -75207.335    53.094     5.92    5.59
 -74831.723    54.002     2.42    7.53
 -74456.039    53.396    -1.61    8.30
 -74080.282    52.620    -2.06    7.70
 -73704.454    52.005    -1.64    6.79
 -73328.554    51.957    -0.13    6.93
 -72952.581    50.878    -2.87    6.71
 -72576.536    49.937    -2.50    5.32
 -72200.419    50.373     1.16    4.71
 -71824.230    52.303     5.13    6.90
 -71447.969    56.713    11.72    8.75
 -71071.635    61.035    11.48    8.28
 -70695.229    64.442     9.05    6.95
 -70318.751    67.986     9.41    5.10
 -69942.200    73.036    13.41    8.73
 -69565.577    81.081    21.36   13.10
 -69188.881    91.626    27.99   16.30
 -68812.112   102.218    28.11   16.39
 -68435.271   116.407    37.65   19.56
 -68058.358   128.571    32.27   19.20
 -67681.371   134.861    16.68   16.99
 -67304.312   131.184    -9.75   22.18
 -66927.180   112.008   -50.84   34.03
 -66549.976    89.803   -58.86   31.94
 -66172.698    76.036   -36.49   19.85
 -65795.348    70.708   -14.12    8.62
 -65417.924    75.083    11.59   11.43
 -65040.428    82.664    20.08   14.44
 -64662.859    90.827    21.62   18.87
 -64285.216   104.924    37.33   21.69
 -63907.501   120.997    42.55   24.24
 -63529.712   139.863    49.93   26.07
 -63151.850   156.120    43.02   24.82
 -62773.915   167.872    31.09   19.43
 -62395.906   176.508    22.84   20.11
 -62017.825   186.978    27.69   24.19
 -61639.670   191.931    13.10   26.40
 -61261.441   192.223     0.77   29.04
 -60883.139   191.292    -2.46   30.76
 -60504.764   189.711    -4.18   25.74
 -60126.315   195.425    15.10   22.56
 -59747.792   207.614    32.20   23.50
 -59369.196   222.632    39.67   23.95
 -58990.526   230.141    19.83   17.89
 -58611.783   228.081    -5.44   20.22
 -58232.966   214.122   -36.85   29.37
 -57854.074   194.179   -52.63   32.96
 -57475.110   178.506   -41.36   31.71
 -57096.071   170.530   -21.04   25.56
 -56716.958   173.997     9.15   21.80
 -56337.772   187.118    34.60   21.66
 -55958.511   197.440    27.22   18.98
 -55579.176   202.257    12.70   17.49
 -55199.767   195.372   -18.15   25.64
 -54820.285   181.196   -37.35   27.21
 -54440.728   167.591   -35.84   26.63
 -54061.096   155.360   -32.22   25.14
 -53681.391   146.677   -22.87   19.02
 -53301.611   148.452     4.67   18.91
 -52921.757   155.966    19.78   24.35
 -52541.828   171.499    40.88   26.36
 -52161.825   187.922    43.22   20.10
 -51781.748   204.568    43.79   16.72
 -51401.596   219.093    38.21   19.42
 -51021.369   234.967    41.75   22.30
 -50641.068   247.327    32.50   16.77
 -50260.692   247.396     0.18   21.86
 -49881.807   235.084   -32.49   34.65
 -49515.622   212.557   -61.52   40.54
 -49149.369   184.913   -75.47   39.93
 -48783.047   159.247   -70.06   35.56
 -48416.657   137.684   -58.85   28.77
 -48050.198   120.490   -46.92   21.23
 -47683.671   110.036   -28.52   14.12
 -47317.075   105.127   -13.39   18.56
 -46950.410   107.792     7.27   27.39
 -46583.677   109.327     4.18   33.38
 -46216.875   112.350     8.24   35.92
 -45850.004   107.490   -13.25   33.12
 -45483.064    99.565   -21.60   29.05
 -45116.056    86.665   -35.15   19.88
 -44748.978    78.326   -22.71   12.37
 -44381.832    72.218   -16.64    2.35
 -44014.617    72.497     0.76    3.86
 -43647.333    79.255    18.40   14.46
 -43279.979    95.465    44.12   27.95
 -42912.557   107.668    33.21   30.10
 -42545.065   118.781    30.24   29.42
 -42177.505   118.532    -0.68   28.75
 -41809.875   115.282    -8.84   25.60
 -41442.176   113.187    -5.70   20.30
 -41074.407   113.051    -0.37   16.51
 -40706.570   114.440     3.78   15.50
 -40338.663   118.160    10.11   14.39
 -39970.686   124.917    18.36   17.37
 -39602.641   135.839    29.67   19.54
 -39234.525   144.508    23.55   18.03
 -38866.340   154.608    27.43   16.81
 -38498.086   168.327    37.25   23.21
 -38129.762   180.876    34.07   29.28
 -37761.369   188.258    20.04   26.12
 -37392.905   185.982    -6.18   30.60
 -37024.372   182.815    -8.59   35.04
 -36655.770   177.443   -14.57   35.26
 -36287.097   176.338    -3.00   31.74
 -35918.355   167.177   -24.84   33.94
 -35549.543   147.428   -53.55   43.54
 -35180.661   122.958   -66.33   40.81
 -34811.709   101.724   -57.55   24.83
 -34442.687   105.690    10.75   29.16
 -34073.595   130.041    65.97   45.34
 -33704.433   155.633    69.32   57.16
 -33335.201   164.892    25.07   60.13
 -32965.898   149.565   -41.50   68.41
 -32596.526   107.713  -113.30   65.92
 -32227.083    71.097   -99.11   52.68
 -31857.570    42.071   -78.55   22.83
 -31487.987    33.034   -24.45    6.91
 -31118.333    31.766    -3.43    2.10
 -30748.609    32.484     1.94    2.23
 -30378.815    33.637     3.12    2.97
 -30008.950    36.054     6.54    6.20
 -29639.015    39.199     8.50    9.68
 -29269.009    41.645     6.61   10.05
 -28898.932    43.718     5.60    8.35
 -28528.785    46.461     7.41    7.75
 -28158.567    51.196    12.79   10.22
 -27788.279    61.562    27.99   14.36
 -27417.920    72.611    29.83   17.54
 -27047.490    90.786    49.06   24.24
 -26676.989   109.090    49.40   30.72
 -26306.417   136.031    72.70   38.28
 -25935.775   162.557    71.56   43.55
 -25565.061   189.943    73.87   45.26
 -25194.277   205.292    41.40   42.49
 -24823.421   212.280    18.84   38.95
 -24452.495   204.815   -20.13   41.60
 -24081.497   184.183   -55.61   42.86
 -23710.428   160.893   -62.76   38.94
 -23339.288   149.990   -29.38   35.15
 -22968.077   143.304   -18.01   35.11
 -22596.794   152.888    25.81   45.04
 -22225.440   171.809    50.95   48.64
 -21854.015   181.876    27.10   40.55
 -21482.519   176.792   -13.68   35.57
 -21110.951   162.620   -38.14   35.86
 -20739.311   135.826   -72.09   31.81
 -20367.600   112.209   -63.53   26.71
 -19995.818    91.508   -55.68   25.91
 -19623.963    74.280   -46.33   20.78
 -19252.038    64.440   -26.45   14.16
 -18880.040    69.235    12.89   23.93
 -18507.971    85.531    43.80   31.49
 -18135.830   102.915    46.71   27.64
 -17763.617   113.315    27.94   23.16
 -17391.333   122.269    24.05   29.76
 -17018.976   134.520    32.90   40.22
 -16646.548   145.522    29.54   41.87
 -16274.047   154.664    24.54   39.02
 -15901.475   162.611    21.33   34.64
 -15528.831   173.327    28.76   33.23
 -15156.114   190.966    47.33   33.95
 -14783.325   204.042    35.08   32.04
 -14410.464   208.198    11.14   33.78
 -14037.531   198.486   -26.04   43.03
 -13664.526   172.023   -70.94   41.03
 -13291.448   144.361   -74.14   36.97
 -12918.298   124.989   -51.91   35.46
 -12545.076   103.465   -57.67   26.51
 -12171.781    87.373   -43.11   19.37
 -11798.414    72.804   -39.02   13.13
 -11424.974    64.099   -23.31   10.73
 -11051.462    57.189   -18.50   10.09
 -10677.877    52.463   -12.65   11.03
 -10304.220    48.586   -10.38   14.00
  -9930.489    45.315    -8.75   15.52
  -9556.686    40.280   -13.47   15.97
  -9182.811    34.090   -16.56   15.53
  -8808.862    25.234   -23.68   11.42
  -8434.841    19.133   -16.31    7.99
  -8060.747    13.494   -15.08    3.90
  -7686.579    10.508    -7.98    3.56
  -7312.339     7.513    -8.00    3.77
  -6938.026     4.664    -7.61    3.88
  -6563.640     1.833    -7.56    2.89
  -6189.180    -0.224    -5.49    1.99
  -5814.648    -1.885    -4.43    1.68
  -5440.042    -3.026    -3.05    1.92
  -5065.363    -4.375    -3.60    1.78
  -4690.611    -5.355    -2.61    1.50
  -4315.786    -6.155    -2.13    1.01
  -3940.887    -6.855    -1.87    0.63
  -3565.915    -7.231    -1.00    0.57
  -3190.869    -7.185     0.12    0.77
  -2815.750    -6.848     0.90    1.19
  -2440.557    -6.022     2.20    1.71
  -2065.291    -5.328     1.85    2.11
  -1689.951    -5.151     0.47    2.68
  -1314.537    -5.601    -1.20    2.82
   -939.050    -6.673    -2.85    2.46
   -563.489    -7.508    -2.22    1.88
   -187.854     1.460    23.87   23.60
    187.854    39.478   101.19   61.65
    563.637    80.596   109.42   65.77
    939.493   119.025   102.24   41.01
   1315.424   134.247    40.49   14.85
   1691.428   132.160    -5.55    9.91
   2067.506   130.180    -5.27   11.10
   2443.659   130.151    -0.08   13.03
   2819.886   131.517     3.63   14.10
   3196.186   130.258    -3.35   15.58
   3572.561   125.046   -13.85   19.19
   3949.011   118.955   -16.18   22.87
   4325.534   111.622   -19.47   26.50
   4702.132    99.016   -33.47   27.62
   5078.805    90.906   -21.53   27.00
   5455.551    80.106   -28.67   20.96
   5832.373    72.463   -20.28   15.69
   6209.269    65.028   -19.73   10.11
   6586.239    60.202   -12.80    6.89
   6963.284    57.417    -7.38    7.61
   7340.404    56.437    -2.60    8.83
   7717.598    57.200     2.02    9.93
   8094.867    57.068    -0.35   10.41
   8472.211    57.042    -0.07    9.81
   8849.630    56.235    -2.14    8.29
   9227.123    59.282     8.07    9.39
   9604.692    61.258     5.23    9.38
   9982.335    63.461     5.84    8.55
  10360.054    61.974    -3.94    9.03
  10737.847    57.997   -10.53    9.57
  11115.716    55.085    -7.71    9.80
  11493.660    49.843   -13.87    8.36
  11871.679    44.683   -13.65    7.77
  12249.773    41.708    -7.87    6.66
  12627.943    41.511    -0.52    8.35
  13006.188    41.495    -0.04    9.66
  13384.508    40.304    -3.15    9.43
  13762.903    38.404    -5.02    8.40
  14141.374    34.433   -10.49    7.54
  14519.921    29.883   -12.02    8.89
  14898.543    25.002   -12.89    8.79
  15277.241    21.158   -10.15    5.83
  15656.014    19.906    -3.31    6.20
  16034.863    22.872     7.83    8.18
  16413.788    25.387     6.64    7.75
  16792.788    24.502    -2.33    7.01
  17171.865    21.910    -6.84    7.32
  17551.017    17.458   -11.74    7.72
  17930.245    13.106   -11.48    6.70
  18309.549    10.079    -7.98    5.49
  18688.929     7.618    -6.49    3.52
  19068.385     7.102    -1.36    2.78
  19447.918     7.687     1.54    3.59
  19827.526    10.020     6.14    5.67
  20207.210    13.660     9.59    6.87
  20586.971    16.248     6.81    6.53
  20966.808    18.372     5.59    5.64
  21346.721    20.949     6.78    6.95
  21726.711    25.292    11.43    9.66
  22106.777    28.486     8.40   10.76
  22486.920    35.315    17.97   13.20
  22867.139    39.959    12.21   12.96
  23247.434    42.708     7.23   11.20
  23627.806    43.430     1.90    9.70
  24008.255    43.593     0.43    7.86
  24388.780    44.445     2.24    7.52
  24769.383    46.792     6.17    8.83
  25138.218    46.943     0.41    9.77
  25504.254    45.967    -2.67   10.12
  25870.361    44.304    -4.54    9.96
  26236.538    42.529    -4.85    9.54
  26602.784    39.599    -8.00    9.01
  26969.102    37.258    -6.39    7.64
  27335.489    35.224    -5.55    6.27
  27701.947    35.513     0.79    5.95
  28068.475    35.214    -0.82    6.39
  28435.074    32.448    -7.55   11.94
  28801.743    28.781   -10.00   16.05
  29168.482    24.030   -12.96   18.48
  29535.292    20.849    -8.67   17.00
  29902.173    19.111    -4.74   14.63
  30269.124    17.649    -3.98   11.38
  30636.146    16.020    -4.44    8.24
  31003.239    14.473    -4.21    3.71
  31370.402    13.888    -1.59    2.08
  31737.636    13.747    -0.38    0.75
  32104.941    13.562    -0.50    0.70
  32472.317    13.281    -0.77    0.84
  32839.763    12.711    -1.55    1.22
  33207.281    11.708    -2.73    1.62
  33574.869    11.068    -1.74    1.98
  33942.529    11.601     1.45    4.07
  34310.260    15.978    11.90    9.46
  34678.061    20.478    12.23   12.52
  35045.934    26.282    15.78   15.02
  35413.878    28.947     7.25   15.95
  35781.894    30.944     5.43   16.97
  36149.980    27.473    -9.43   17.93
  36518.138    23.959    -9.54   17.75
  36886.367    19.147   -13.07   15.56
  37254.668    14.878   -11.59   12.68
  37623.040    11.281    -9.77    9.39
  37991.483     9.703    -4.28    7.34
  38359.998     8.360    -3.65    5.92
  38728.585     8.041    -0.86    4.44
  39097.243    11.457     9.26    7.65
  39465.973    16.626    14.02   10.26
  39834.774    21.471    13.14    9.81
  40203.647    23.633     5.86    8.70
  40572.592    23.090    -1.47    9.11
  40941.609    20.763    -6.31    8.96
  41310.697    18.484    -6.18    9.25
  41679.858    16.515    -5.33    9.00
  42049.090    14.799    -4.65    8.34
  42418.395    13.226    -4.26    7.84
  42787.771    13.062    -0.44    8.29
  43157.220    12.193    -2.35    9.52
  43526.740    11.943    -0.68   11.00
  43896.333    10.978    -2.61   11.65
  44265.998     9.689    -3.49   12.47
  44635.735    10.619     2.52   13.55
  45005.544    11.785     3.15   14.38
  45375.426    13.787     5.41   14.70
  45745.380    13.885     0.26   14.40
  46115.406    12.392    -4.03   13.52
  46485.505     9.989    -6.49   12.22
  46855.676     8.826    -3.14   10.02
  47225.920     9.073     0.67    8.34
  47596.236    10.815     4.70    7.56
  47966.625    12.690     5.06    6.94
  48337.087    14.054     3.68    5.85
  48707.621    15.574     4.10    2.86
  49078.228    15.641     0.18    1.53
  49448.908    15.337    -0.82    1.16
  49819.660    14.866    -1.27    1.14
  50190.486    14.248    -1.67    1.02
  50561.384    13.815    -1.17    1.01
  50932.356    13.381    -1.17    1.18
  51303.400    12.931    -1.21    1.54
  51674.517    12.382    -1.48    1.92
  52045.707    11.532    -2.29    2.16
  52416.971    10.383    -3.10    2.45
  52788.308     8.744    -4.41    2.89
  53159.717     6.686    -5.54    3.08
  53531.201     4.821    -5.02    2.77
  53902.757     3.449    -3.69    2.11
  54274.387     2.406    -2.81    1.75
  54646.090     1.634    -2.08    1.62
  55017.866     0.742    -2.40    1.51
  55389.716    -0.118    -2.31    1.46
  55761.640    -0.978    -2.31    1.42
  56133.637    -1.674    -1.87    1.26
  56505.707    -1.935    -0.70    1.00
  56877.851    -1.572     0.97    1.20
  57250.069    -0.992     1.56    1.31
  57622.361    -0.101     2.39    1.19
  57994.726     0.460     1.50    1.24
  58367.165     0.978     1.39    1.51
  58739.678     1.382     1.08    1.88
  59112.265     2.193     2.18    2.46
  59484.926     3.260     2.86    3.34
  59857.661     4.929     4.48    4.06
  60230.470     7.093     5.81    4.66
  60603.353     9.798     7.25    4.39
  60976.310    12.171     6.36    3.07
  61349.341    13.885     4.60    1.44
  61722.446    14.675     2.12    1.05
  62095.626    15.110     1.17    1.16
  62468.880    15.360     0.67    1.38
  62842.208    15.492     0.35    1.54
  63215.611    15.360    -0.35    1.52
  63589.088    15.244    -0.31    1.42
  63962.639    15.008    -0.63    1.21
  64336.265    15.103     0.26    1.16
  64709.966    15.467     0.97    1.56
  65083.741    16.618     3.08    2.45
  65457.591    18.185     4.19    3.14
  65831.515    20.005     4.87    4.01
  66205.514    21.590     4.24    4.46
  66579.588    22.844     3.35    4.61
  66953.737    24.667     4.87    3.98
  67327.961    26.036     3.66    2.33
  67702.259    26.832     2.13    2.66
  68076.633    27.734     2.41    2.42
  68451.081    28.742     2.69    0.84
  68825.605    29.145     1.07    0.43
  69200.203    29.226     0.22    0.74
  69574.877    28.729    -1.33    1.60
  69949.626    26.579    -5.74    4.26
  70324.450    24.637    -5.18    4.97
  70699.350    22.225    -6.43    5.00
  71074.324    21.428    -2.13    4.41
  71449.374    22.172     1.99    4.46
  71824.500    24.019     4.92    4.61
  72199.701    25.437     3.78    4.20
  72574.977    26.509     2.85    3.58
  72950.329    27.060     1.47    2.91
  73325.757    26.804    -0.68    2.10
  73701.260    25.115    -4.50    2.91
  74076.838    23.001    -5.63    3.44
  74452.493    19.793    -8.54    3.28
  74828.223    17.372    -6.44    2.61
  75204.029    15.482    -5.03    1.56
  75579.911    14.697    -2.09    0.82
  75955.869    14.382    -0.84    0.25
  76331.903    14.565     0.49    0.57
  76708.013    15.227     1.76    1.27
  77084.198    16.542     3.50    2.26
  77460.460    19.304     7.34    3.91
  77836.798    22.529     8.57    4.40
  78213.213    25.513     7.93    3.46
  78589.703    27.565     5.45    2.11
  78966.270    28.782     3.23    1.20
  79342.913    29.439     1.74    0.95
  79719.632    30.237     2.12    1.36
  80096.428    31.391     3.06    1.90
  80473.300    33.226     4.87    2.70
  80850.248    35.616     6.34    3.45
  81227.274    38.615     7.95    3.53
  81604.375    41.057     6.48    2.74
  81981.554    43.037     5.25    1.44
  82358.809    43.832     2.11    0.72
  82736.141    43.722    -0.29    0.84
  83113.549    43.562    -0.42    0.83
  83491.035    43.560    -0.01    0.77
  83868.597    43.580     0.05    0.81
  84246.236    43.975     1.05    0.64
  84623.952    44.177     0.54    0.46
  85001.745    44.084    -0.25    0.68
  85379.615    43.861    -0.59    0.91
  85757.563    43.537    -0.86    1.09
  86135.587    43.031    -1.34    1.58
  86513.689    41.426    -4.24    3.14
  86891.868    39.245    -5.77    4.14
  87270.124    36.557    -7.11    4.36
  87648.457    33.966    -6.85    3.48
  88026.868    31.728    -5.91    2.55
  88405.356    30.071    -4.38    1.60
  88783.922    28.907    -3.08    1.29
  89162.565    27.868    -2.74    1.51
  89541.286    25.931    -5.12    3.35
  89920.084    23.397    -6.69    4.10
  90298.960    20.826    -6.79    4.18
  90677.914    18.536    -6.04    2.81
  91056.946    17.315    -3.22    2.27
  91436.055    16.420    -2.36    1.70
  91815.242    15.685    -1.94    1.49
  92194.507    14.885    -2.11    0.95
  92573.850    14.467    -1.10    0.65
  92953.271    14.154    -0.83    0.63
  93332.770    13.997    -0.42    0.87
  93712.347    12.135    -4.90    4.67
  94092.002     7.557   -12.06    9.75
  94471.736     0.708   -18.04   12.02
  94851.548    -5.598   -16.60   10.65
  95231.437   -10.972   -14.15    6.04
  95611.406   -10.985    -0.03    5.65
  95991.452   -10.833     0.40    5.57
  96371.577   -11.529    -1.83    5.62
  96751.781   -11.840    -0.82    5.65
  97132.063   -10.685     3.04    6.14
  97512.424    -8.951     4.56    6.36
  97892.863    -6.900     5.39    5.96
  98273.381    -4.985     5.03    4.77
  98653.977    -3.190     4.72    1.70
  99034.653    -2.992     0.52    0.46
  99415.407    -3.318    -0.86    0.97
  99788.812    -4.212    -2.39    2.10
 100154.626    -4.902    -1.89    2.53
 100520.511    -5.229    -0.89    2.51
 100886.468    -4.940     0.79    2.00
 101252.496    -4.378     1.54    1.66
 101618.597    -3.978     1.09    0.91
 101984.770    -4.273    -0.81    1.09
 102351.015    -4.427    -0.42    1.19
 102717.331    -4.464    -0.10    1.34
 103083.720    -4.168     0.81    1.46
 103450.182    -3.863     0.83    1.43
 103816.715    -3.553     0.84    1.34
 104183.320    -3.476     0.21    1.28
 104549.998    -3.359     0.32    1.16
 104916.748    -3.113     0.67    0.82
 105283.571    -3.367    -0.69    1.16
 105650.466    -3.851    -1.32    1.47
 106017.433    -4.162    -0.85    1.66
 106384.473    -4.223    -0.17    1.79
 106751.586    -3.731     1.34    1.97
 107118.771    -3.385     0.94    2.10
 107486.028     0.792    11.38   11.17
 107853.359    13.804    35.43   20.68
 108220.762    26.304    34.02   20.77
 108588.237    38.620    33.52   14.47
 108955.786    44.722    16.60    5.31
 109323.407    48.249     9.59    9.48
 109691.102    57.810    26.01   16.85
 110058.869    68.122    28.04   20.41
 110426.709    77.197    24.67   22.62
 110794.622    83.164    16.22   22.59
 111162.608    83.412     0.67   20.71
 111530.668    79.360   -11.01   16.08
 111898.800    74.065   -14.38   11.83
 112267.006    72.068    -5.42    8.21
 112635.285    70.587    -4.02    6.47
 113003.637    70.435    -0.41    5.82
 113372.062    73.126     7.31    4.48
 113740.561    76.543     9.27    4.02
 114109.133    80.071     9.57    5.89
 114477.779    83.630     9.66    6.14
 114846.498    87.525    10.56    4.04
 115215.291    89.674     5.83    1.31
 115584.157    90.199     1.42    0.47
 115953.097    90.424     0.61    0.40
 116322.110    90.826     1.09    1.05
 116691.198    91.674     2.30    1.87
 117060.359    93.175     4.07    2.74
 117429.593    95.349     5.89    3.32
 117798.902    97.348     5.41    3.01
 118168.285    99.046     4.60    2.65
 118537.741   100.616     4.25    3.02
 118907.271   102.292     4.54    3.60
 119276.876   103.522     3.33    3.54
 119646.554   104.522     2.71    1.93
 120016.307   103.546    -2.64    2.35
 120386.134   101.809    -4.70    2.82
 120756.035    99.522    -6.19    3.11
 121126.010    97.304    -6.00    2.54
 121496.059    95.601    -4.60    2.74
 121866.183    94.211    -3.76    2.80
 122236.381    92.917    -3.49    3.19
 122606.654    92.077    -2.27    3.73
 122977.001    91.272    -2.17    5.02
 123347.422    90.471    -2.16    4.98
 123717.918    89.315    -3.12    5.25
 124088.489    87.682    -4.41    4.76
 124459.134    85.294    -6.44    4.40
 124829.854    82.546    -7.41    4.38
 125200.649    79.183    -9.07    3.92
 125571.518    76.993    -5.91    3.11
 125942.463    75.338    -4.46    1.42
 126313.482    75.467     0.35    1.75
 126684.576    77.699     6.01    4.70
 127055.745    82.902    14.02   10.04
 127426.989    92.431    25.67   17.20
 127798.308   103.228    29.08   19.31
 128169.702   115.160    32.13   19.55
 128541.171   136.810    58.29   30.29
 128912.715   164.062    73.36   39.95
 129284.335   183.634    52.67   32.83
 129656.030   186.573     7.91   29.50
 130027.800   177.193   -25.23   31.09
 130399.646   161.778   -41.46   24.33
 130771.567   148.326   -36.17   20.82
 131143.563   134.788   -36.40   26.95
 131515.635   117.861   -45.50   27.54
 131887.783   101.283   -44.55   19.69
 132260.006    88.667   -33.90   12.43
 132632.304    82.370   -16.92   10.25
 133004.679    77.993   -11.75    7.10
 133377.129    75.161    -7.60    1.50
 133749.654    74.780    -1.02    0.59
 134122.256    74.750    -0.08    0.77
 134494.934    74.702    -0.13    0.92
 134867.687    74.673    -0.08    1.23
 135240.516    74.963     0.78    4.65
 135613.422    74.609    -0.95    7.12
 135986.403    73.031    -4.23    8.40
 136359.461    69.207   -10.25    9.45
 136732.594    64.246   -13.29    9.98
 137105.804    58.543   -15.28    9.06
 137479.090    54.406   -11.08    6.89
 137852.452    52.132    -6.09    7.68
 138225.891    49.599    -6.78    7.71
 138599.406    47.251    -6.29    6.40
 138972.997    46.180    -2.87    5.29
 139346.665    48.046     4.99    6.92
 139720.410    49.960     5.12    7.31
 140094.231    50.402     1.18    8.10
 140468.128    50.717     0.84   10.59
 140842.102    49.014    -4.55   13.53
 141216.153    44.630   -11.72   14.84
 141590.281    37.261   -19.70   12.84
 141964.485    32.772   -12.00    8.93
 142338.766    29.051    -9.94    2.67
 142713.124    28.413    -1.71    0.33
 143087.559    28.404    -0.02    0.29
 143462.071    28.967     1.50    1.79
 143836.660    30.960     5.32    4.25
 144211.327    33.978     8.06    5.45
 144586.070    37.562     9.57    5.04
 144960.890    39.853     6.11    4.13
 145335.788    38.652    -3.20    5.52
 145710.763    34.218   -11.83    6.93
 146085.815    30.931    -8.76    6.56
 146460.944    28.433    -6.66    4.98
 146836.151    26.478    -5.21    0.67
 147211.435    26.326    -0.41    0.10
 147586.797    26.420     0.25    0.31
 147962.236    26.836     1.11    0.70
 148337.753    27.338     1.34    0.87
 148713.348    27.730     1.04    0.88
 149089.020    28.327     1.59    1.56
 149464.770    29.982     4.41    4.26
 149840.598    31.667     4.49    5.22
 150216.504    34.079     6.41    5.88
 150592.487    37.292     8.55    5.85
 150968.548    40.498     8.52    5.07
 151344.688    43.611     8.28    2.32
 151720.905    44.950     3.56    0.80
 152097.201    45.237     0.76    0.64
 152473.574    45.326     0.24    0.67
 152850.026    45.271    -0.15    0.65
 153226.556    45.196    -0.20    0.63
 153603.164    45.571     1.00    1.13
 153979.850    47.054     3.94    2.76
 154356.615    49.471     6.41    3.82
 154733.458    53.717    11.27    6.16
 155110.380    57.915    11.14    7.53
 155487.380    61.423     9.30    8.09
 155864.459    62.204     2.07    7.85
 156241.616    60.964    -3.29    6.21
 156618.852    61.821     2.27    6.58
 156996.167    68.432    17.52   12.89
 157373.560    80.634    32.34   20.51
 157751.033    94.773    37.46   24.23
 158128.584   107.315    33.22   24.78
 158506.214   119.645    32.65   25.60
 158883.923   133.260    36.05   32.86
 159261.710   159.390    69.17   40.57
 159639.577   185.604    69.38   45.22
 160017.523   213.293    73.27   47.90
 160395.548   222.415    24.13   53.46
 160773.653   225.280     7.58   56.29
 161151.836   226.192     2.41   55.97
