# NaN NaN NaN ;Mean Elev.(m), Avg Gradient(m/km), RMS Gradient(m/km) - SRTM1     
#   27.879  -8.889  30.090 ;Mean Elev.(m), Avg Gradient(m/km), RMS Gradient(m/km) - ASTER GDEM
#   46.685  -8.365  28.311 ;Mean Elev.(m), Avg Gradient(m/km), RMS Gradient(m/km) - GMTED2010 
  6    41.701 52442.30042211 47.77 203.471462  64.658662 25.317
  6    41.650 52442.30042275 48.02 203.468552  64.661772 25.317
  9    52.223 52547.30039779 38.60 203.468641  64.660098 14.198
  9    46.455 52547.30039844 44.13 203.465731  64.663218 14.198
 10    38.743 52582.30040741 49.85 203.479944  64.660001 12.554
 10    38.577 52582.30040805 49.20 203.477034  64.663111 12.554
 11    42.018 52617.30037922 20.17 203.489234  64.658792  5.992
 11    41.731 52617.30037987 25.38 203.486324  64.661902  5.992
 11    43.483 52617.30038051 19.98 203.483414  64.665012  5.992
 12    39.407 52652.30035460 15.02 203.483435  64.659460  4.398
 12    39.333 52652.30035525 14.14 203.480530  64.662570  2.552
 14    38.896 52722.30039871  7.58 203.479545  64.659422  2.951
 14    39.375 52722.30039936  6.24 203.476635  64.662532  2.951
 20    38.805 52932.30046231 13.24 203.490925  64.660546  3.016
 20    36.442 52932.30046295 13.87 203.488015  64.663656  3.016
 21    38.520 52967.30046607 20.51 203.472035  64.660362  4.288
 21    38.382 52967.30046671 18.58 203.469125  64.663472  4.288
 22    39.563 53002.30049200 11.29 203.475759  64.660051  2.830
 22    39.635 53002.30049265 10.76 203.472849  64.663161  2.830
 23    38.927 53037.30044095  7.99 203.488745  64.660875  2.591
 23    38.901 53037.30044160  7.35 203.485835  64.663985  2.591
 24    38.439 53072.30046574  5.65 203.480498  64.659778  2.617
 24    38.661 53072.30046638  4.49 203.477588  64.662888  2.617
 26    46.648 53142.30047449 29.58 203.474744  64.659146 15.425
 26    44.115 53142.30047514 31.12 203.471834  64.662266 15.425
 27    45.207 53177.30049887 18.77 203.482185  64.658884  5.872
 27    49.079 53177.30049951 19.40 203.479275  64.661994  5.872
 28    40.868 53212.30051906 49.32 203.480082  64.659924 16.340
 28    40.732 53212.30051971 49.07 203.477172  64.663034 16.340
 29    61.213 53247.30048779 21.63 203.488323  64.661383  9.152
 29    41.703 53247.30048843 27.72 203.485413  64.664493  9.152
 30    38.163 53282.30047647 15.42 203.467804  64.657889 10.844
 30    38.621 53282.30047712 16.74 203.464894  64.660999 10.844
 31    38.561 53317.30048065 23.69 203.481070  64.658331  7.449
 31    38.536 53317.30048129 26.42 203.478170  64.661441  7.449
 31    38.370 53317.30048194 25.89 203.475260  64.664551  7.449
 32    38.789 53352.30044634 11.94 203.492625  64.660512  3.455
 32    39.002 53352.30044699 10.89 203.489715  64.663622  3.455
 33    39.172 53387.30043804  7.26 203.469273  64.658592  2.743
 33    39.117 53387.30043869  6.68 203.466363  64.661702  2.743
 34    38.453 53422.30043892  6.39 203.491305  64.658024  2.643
 34    38.444 53422.30043956  5.88 203.488395  64.661134  2.643
 34    38.412 53422.30044021  5.28 203.485485  64.664244  2.643
 35    42.212 53457.30044525  5.46 203.471503  64.660269  2.138
 35    41.615 53457.30044590  5.09 203.468593  64.663379  2.138
 39    44.630 53597.30047875 48.55 203.494287  64.660002 20.443
 39    42.893 53597.30047939 46.22 203.491377  64.663112 20.443
 40    50.829 53632.30047437 37.39 203.463813  64.658076 15.204
 40    41.725 53632.30047502 37.04 203.460903  64.661186 15.204
 41    40.487 53667.30049700 43.16 203.474009  64.661056 22.544
 41    40.180 53667.30049764 40.35 203.471109  64.664166 22.544
 42    39.578 53702.30044309 15.18 203.489898  64.660849  4.953
 42    39.326 53702.30044373 14.68 203.486988  64.663959  4.953
 43    38.700 53737.30035214 13.74 203.506262  64.658827  3.741
 43    39.174 53737.30035278 13.54 203.503352  64.661937  3.741
 43    39.467 53737.30035342 12.58 203.500452  64.665047  3.741
 45    39.988 53807.30035055  6.38 203.497820  64.658548  3.194
 45    39.220 53807.30035119  5.68 203.494910  64.661658  3.194
 45    39.451 53807.30035184  5.77 203.492000  64.664768  3.194
 51    48.131 54017.30045639 12.09 203.471013  64.660126  7.854
 51    47.483 54017.30045704 10.59 203.468103  64.663236  7.854
 52    39.288 54052.30045202 28.30 203.487110  64.660808  7.653
 52    39.150 54052.30045267 27.09 203.484200  64.663918  7.653
 53    39.838 54087.30044368 16.55 203.488627  64.659686  3.945
 53    39.780 54087.30044433 16.43 203.485717  64.662796  3.945
 54    39.256 54122.30036762  9.80 203.502705  64.660784  2.970
 54    39.483 54122.30036826  9.43 203.499795  64.663904  2.970
 55    38.228 54157.30040511  9.09 203.482522  64.657989  2.449
 55    38.652 54157.30040576  8.38 203.479612  64.661099  2.449
 55    38.395 54157.30040640  7.67 203.476712  64.664209  2.449
 56    38.269 54192.30036693  5.59 203.496478  64.660959  2.971
 56    37.896 54192.30036758  5.28 203.493568  64.664069  2.971
 59    44.310 54297.30044141 17.97 203.483061  64.661428  9.190
 59    41.991 54297.30044205 19.37 203.480161  64.664538  9.190
 60    43.320 54332.30043133 47.37 203.490105  64.659347 27.040
 60    43.699 54332.30043197 45.86 203.487205  64.662457 27.040
 61    48.512 54367.30037232 16.41 203.497695  64.658070 13.457
 61    47.409 54367.30037296 11.77 203.494795  64.661180 13.457
 61    46.997 54367.30037361 10.21 203.491885  64.664290 13.457
 62    38.802 54402.30037450 47.82 203.483875  64.660814 17.827
 62    38.768 54402.30037514 42.83 203.480965  64.663934 17.827
 63    39.727 54437.30033115 11.79 203.491504  64.659314  4.907
 63    39.643 54437.30033180 11.73 203.488594  64.662434  4.907
 64    39.684 54472.30035963  9.34 203.477896  64.660039  3.539
 64    39.433 54472.30036027  8.76 203.474986  64.663149  3.539
 65    39.164 54507.30034269  9.70 203.494993  64.659728  2.570
 65    39.527 54507.30034334  9.76 203.492083  64.662838  2.570
 66    38.865 54542.30037380  8.26 203.485100  64.658694  2.114
 66    38.329 54542.30037444  7.15 203.482190  64.661804  2.114
 66    38.430 54542.30037508  7.20 203.479290  64.664914  2.114
 68    45.620 54612.30036497 22.70 203.485103  64.658627  8.926
 68    43.485 54612.30036562 22.51 203.482193  64.661737  8.926
 68    43.535 54612.30036626 21.98 203.479293  64.664847  8.926
 72    41.366 54752.30034511 44.93 203.477467  64.659726 22.239
 72    41.633 54752.30034575 45.46 203.474567  64.662836 22.239
 73    39.745 54787.30031058 20.75 203.492945  64.658084  7.148
 73    39.749 54787.30031123 22.21 203.490035  64.661194  7.148
 73    39.667 54787.30031187 24.01 203.487125  64.664304  7.148
 74    39.773 54822.30033965 11.04 203.475684  64.661049  3.702
 74    39.570 54822.30034030 10.83 203.472784  64.664159  3.702
 75    38.932 54857.30030712  6.36 203.491280  64.660249  2.198
 75    39.044 54857.30030777  6.17 203.488370  64.663359  2.198
 76    38.793 54892.30034205  5.99 203.483565  64.660069  2.365
 76    40.956 54892.30034269  5.60 203.480655  64.663179  2.365
 77    38.335 54927.30030517  5.75 203.495043  64.659967  2.289
 77    38.108 54927.30030582  6.09 203.492143  64.663077  2.289
 78    46.311 54962.30034141 42.35 203.478802  64.659318 24.605
 78    46.703 54962.30034205 44.69 203.475902  64.662428 24.605
 79    63.523 54997.30036237 14.98 203.480411  64.660114  4.708
 79    47.749 54997.30036301 13.44 203.477501  64.663224  4.708
 80    41.253 55032.30035194 49.91 203.482462  64.660680 18.114
 80    41.052 55032.30035259 50.59 203.479552  64.663790 18.114
 83    39.008 55137.30028713 48.78 203.478965  64.660712 15.380
 83    38.770 55137.30028778 50.32 203.476055  64.663822 15.380
 84    39.688 55172.30024813 15.29 203.493771  64.658919  3.876
 84    39.517 55172.30024877 14.42 203.490861  64.662029  3.876
 85    38.871 55207.30028119 10.42 203.477817  64.659764  3.010
 85    39.224 55207.30028183  8.98 203.474917  64.662874  3.010
 86    36.529 55242.30025277 10.81 203.496036  64.658312  3.081
 86    38.637 55242.30025341  9.61 203.493136  64.661422  3.081
 86    38.480 55242.30025406  9.44 203.490226  64.664532  3.081
 87    38.468 55277.30027490  7.45 203.485882  64.660066  2.628
 87    38.375 55277.30027555  7.01 203.482972  64.663176  2.628
 88    38.939 55312.30023875 20.98 203.493467  64.660676  7.009
 88    39.003 55312.30023939 19.20 203.490557  64.663786  7.009
 90    45.956 55382.30023588 14.14 203.488400  64.659045  9.043
 90    42.369 55382.30023653 14.46 203.485490  64.662155  9.043
 93    38.643 55487.30016780 48.83 203.500512  64.659160 16.239
 93    38.560 55487.30016845 46.30 203.497602  64.662270 16.239
