-165902.358    -0.409     0.00    0.00
-165524.796    -0.409     0.00    0.00
-165147.307    -0.409     0.00    0.00
-164769.891    -0.409     0.00    0.00
-164392.548    -0.409     0.00    0.00
-164015.276    -0.409     0.00    0.00
-163638.078    -0.409     0.00    0.00
-163260.952    -0.409     0.00    0.00
-162883.898    -0.409     0.00    0.00
-162506.916    -0.409     0.00    0.00
-162130.007    -0.409     0.00    0.00
-161753.170    -0.409     0.00    0.00
-161376.406    -0.409     0.00    0.00
-160999.713    -0.409     0.00    0.00
-160623.093    -0.409     0.00    0.00
-160246.545    -0.409     0.00    0.00
-159870.069    -0.409     0.00    0.00
-159493.664    -0.409     0.00    0.00
-159117.332    -0.409     0.00    0.00
-158741.072    -0.409     0.00    0.00
-158364.884    -0.409     0.00    0.00
-157988.767    -0.409     0.00    0.00
-157612.723    -0.409     0.00    0.00
-157236.750    -0.409     0.00    0.00
-156860.849    -0.409     0.00    0.00
-156485.019    -0.409     0.00    0.00
-156109.262    -0.409     0.00    0.00
-155733.575    -0.409     0.00    0.00
-155357.961    -0.409     0.00    0.00
-154982.418    -0.409     0.00    0.00
-154606.946    -0.409     0.00    0.00
-154231.546    -0.409     0.00    0.00
-153856.217    -0.409     0.00    0.00
-153480.960    -0.409     0.00    0.00
-153105.774    -0.409     0.00    0.00
-152730.659    -0.409     0.00    0.00
-152355.616    -0.409     0.00    0.00
-151980.644    -0.409     0.00    0.00
-151605.743    -0.409     0.00    0.00
-151230.913    -0.409     0.00    0.00
-150856.154    -0.409     0.00    0.00
-150481.466    -0.409     0.00    0.00
-150106.849    -0.409     0.00    0.00
-149732.303    -0.409     0.00    0.00
-149357.828    -0.409     0.00    0.00
-148983.424    -0.409     0.00    0.00
-148609.091    -0.409     0.00    0.00
-148234.829    -0.409     0.00    0.00
-147860.637    -0.409     0.00    0.00
-147486.516    -0.409     0.00    0.00
-147112.466    -0.409     0.00    0.00
-146738.486    -0.409     0.00    0.00
-146364.577    -0.409     0.00    0.00
-145990.739    -0.409     0.00    0.00
-145616.971    -0.409     0.00    0.00
-145243.274    -0.409     0.00    0.00
-144869.647    -0.409     0.00    0.00
-144496.090    -0.409     0.00    0.00
-144122.604    -0.409     0.00    0.00
-143749.188    -0.409     0.00    0.00
-143375.843    -0.409     0.00    0.00
-143002.567    -0.409     0.00    0.00
-142629.362    -0.409     0.00    0.00
-142256.227    -0.409     0.00    0.00
-141883.163    -0.409     0.00    0.00
-141510.168    -0.409     0.00    0.00
-141137.243    -0.409     0.00    0.00
-140764.389    -0.409     0.00    0.00
-140391.604    -0.409     0.00    0.00
-140018.889    -0.409     0.00    0.00
-139646.244    -0.409     0.00    0.00
-139273.669    -0.409     0.00    0.00
-138901.164    -0.409     0.00    0.00
-138528.729    -0.409     0.00    0.00
-138156.363    -0.409     0.00    0.00
-137784.067    -0.409     0.00    0.00
-137411.841    -0.409     0.00    0.00
-137039.684    -0.409     0.00    0.00
-136667.597    -0.409     0.00    0.00
-136295.580    -0.409     0.00    0.00
-135923.631    -0.409     0.00    0.00
-135551.753    -0.409     0.00    0.00
-135179.944    -0.409     0.00    0.00
-134808.204    -0.409     0.00    0.00
-134436.534    -0.409     0.00    0.00
-134064.932    -0.409     0.00    0.00
-133693.401    -0.409     0.00    0.00
-133321.938    -0.409     0.00    0.00
-132950.545    -0.409     0.00    0.00
-132579.220    -0.409     0.00    0.00
-132207.965    -0.409     0.00    0.00
-131836.779    -0.409     0.00    0.00
-131465.662    -0.409     0.00    0.00
-131094.614    -0.409     0.00    0.00
-130723.635    -0.409     0.00    0.00
-130352.725    -0.409     0.00    0.00
-129981.884    -0.409     0.00    0.00
-129611.111    -0.409     0.00    0.00
-129240.408    -0.409     0.00    0.00
-128869.773    -0.409     0.00    0.00
-128499.207    -0.409     0.00    0.00
-128128.709    -0.409     0.00    0.00
-127758.281    -0.409     0.00    0.00
-127387.921    -0.409     0.00    0.00
-127017.629    -0.409     0.00    0.00
-126647.406    -0.409     0.00    0.00
-126277.252    -0.409     0.00    0.00
-125907.166    -0.409     0.00    0.00
-125537.148    -0.409     0.00    0.00
-125167.199    -0.409     0.00    0.00
-124797.318    -0.409     0.00    0.00
-124427.506    -0.409     0.00    0.00
-124057.761    -0.409     0.00    0.00
-123688.085    -0.409     0.00    0.00
-123318.477    -0.409     0.00    0.00
-122948.938    -0.409     0.00    0.00
-122579.466    -0.409     0.00    0.00
-122210.063    -0.409     0.00    0.00
-121840.728    -0.409     0.00    0.00
-121471.460    -0.409     0.00    0.00
-121102.261    -0.409     0.00    0.00
-120733.129    -0.409     0.00    0.00
-120364.066    -0.409     0.00    0.00
-119995.070    -0.409     0.00    0.00
-119626.142    -0.409     0.00    0.00
-119257.282    -0.409     0.00    0.00
-118888.490    -0.409     0.00    0.00
-118519.765    -0.409     0.00    0.00
-118151.109    -0.409     0.00    0.00
-117782.519    -0.409     0.00    0.00
-117413.998    -0.409     0.00    0.00
-117045.544    -0.409     0.00    0.00
-116677.157    -0.409     0.00    0.00
-116308.838    -0.409     0.00    0.00
-115940.586    -0.409     0.00    0.00
-115572.402    -0.409     0.00    0.00
-115204.285    -0.409     0.00    0.00
-114836.236    -0.409     0.00    0.00
-114468.254    -0.409     0.00    0.00
-114100.339    -0.409     0.00    0.00
-113732.491    -0.409     0.00    0.00
-113364.711    -0.409     0.00    0.00
-112996.997    -0.409     0.00    0.00
-112629.351    -0.409     0.00    0.00
-112261.772    -0.409     0.00    0.00
-111894.260    -0.409     0.00    0.00
-111526.815    -0.409     0.00    0.00
-111159.437    -0.409     0.00    0.00
-110792.126    -0.409     0.00    0.00
-110424.882    -0.409     0.00    0.00
-110057.704    -0.409     0.00    0.00
-109690.594    -0.409     0.00    0.00
-109323.550    -0.409     0.00    0.00
-108956.573    -0.409     0.00    0.00
-108589.663    -0.409     0.00    0.00
-108222.819    -0.409     0.00    0.00
-107856.042    -0.409     0.00    0.00
-107489.332    -0.409     0.00    0.00
-107122.688    -0.409     0.00    0.00
-106756.111    -0.409     0.00    0.00
-106381.448    -0.409     0.00    0.00
-106001.097    -0.409     0.00    0.00
-105620.817    -0.409     0.00    0.00
-105240.610    -0.409     0.00    0.00
-104860.476    -0.409     0.00    0.00
-104480.413    -0.409     0.00    0.00
-104100.423    -0.409     0.00    0.00
-103720.505    -0.409     0.00    0.00
-103340.659    -0.409     0.00    0.00
-102960.885    -0.409     0.00    0.00
-102581.183    -0.409     0.00    0.00
-102201.553    -0.409     0.00    0.00
-101821.995    -0.409     0.00    0.00
-101442.509    -0.409     0.00    0.00
-101063.095    -0.409     0.00    0.00
-100683.753    -0.409     0.00    0.00
-100304.482    -0.409     0.00    0.00
 -99925.283    -0.409     0.00    0.00
 -99546.156    -0.409     0.00    0.00
 -99167.101    -0.409     0.00    0.00
 -98788.117    -0.409     0.00    0.00
 -98409.205    -0.409     0.00    0.00
 -98030.365    -0.409     0.00    0.00
 -97651.596    -0.409     0.00    0.00
 -97272.898    -0.409     0.00    0.00
 -96894.272    -0.409     0.00    0.00
 -96515.717    -0.409     0.00    0.00
 -96137.234    -0.409     0.00    0.00
 -95758.822    -0.409     0.00    0.00
 -95380.481    -0.409     0.00    0.00
 -95002.211    -0.409     0.00    0.00
 -94624.013    -0.409     0.00    0.00
 -94245.886    -0.409     0.00    0.00
 -93867.830    -0.409     0.00    0.00
 -93489.845    -0.409     0.00    0.00
 -93111.931    -0.409     0.00    0.00
 -92734.088    -0.409     0.00    0.00
 -92356.316    -0.409     0.00    0.00
 -91978.614    -0.409     0.00    0.00
 -91600.984    -0.409     0.00    0.00
 -91223.425    -0.409     0.00    0.00
 -90845.936    -0.409     0.00    0.00
 -90468.518    -0.409     0.00    0.00
 -90091.171    -0.409     0.00    0.00
 -89713.895    -0.409     0.00    0.00
 -89336.689    -0.409     0.00    0.00
 -88959.553    -0.409     0.00    0.00
 -88582.489    -0.409     0.00    0.00
 -88205.495    -0.409     0.00    0.00
 -87828.571    -0.409     0.00    0.00
 -87451.718    -0.409     0.00    0.00
 -87074.935    -0.409     0.00    0.00
 -86698.222    -0.409     0.00    0.00
 -86321.580    -0.409     0.00    0.00
 -85945.008    -0.409     0.00    0.00
 -85568.506    -0.409     0.00    0.00
 -85192.075    -0.409     0.00    0.00
 -84815.714    -0.409     0.00    0.00
 -84439.422    -0.409     0.00    0.00
 -84063.201    -0.409     0.00    0.00
 -83687.050    -0.409     0.00    0.00
 -83310.969    -0.409     0.00    0.00
 -82934.958    -0.409     0.00    0.00
 -82559.017    -0.409     0.00    0.00
 -82183.146    -0.409     0.00    0.00
 -81807.344    -0.409     0.00    0.00
 -81431.613    -0.409     0.00    0.00
 -81055.951    -0.409     0.00    0.00
 -80680.359    -0.409     0.00    0.00
 -80304.836    -0.409     0.00    0.00
 -79929.384    -0.409     0.00    0.00
 -79554.000    -0.409     0.00    0.00
 -79178.687    -0.409     0.00    0.00
 -78803.443    -0.409     0.00    0.00
 -78428.268    -0.409     0.00    0.00
 -78053.163    -0.409     0.00    0.00
 -77678.128    -0.409     0.00    0.00
 -77303.162    -0.409     0.00    0.00
 -76928.265    -0.409     0.00    0.00
 -76553.437    -0.409     0.00    0.00
 -76178.679    -0.409     0.00    0.00
 -75803.990    -0.333     0.21    0.27
 -75429.370    -0.183     0.40    0.42
 -75054.819    -0.055     0.34    0.48
 -74680.338     0.184     0.64    0.49
 -74305.925     0.385     0.54    0.41
 -73931.582     0.506     0.32    0.28
 -73557.307     0.591     0.23    0.00
 -73183.102     0.508    -0.22    0.28
 -72808.965     0.371    -0.37    0.42
 -72434.898     0.305    -0.18    0.45
 -72060.899     0.223    -0.22    0.49
 -71686.969     0.186    -0.10    0.49
 -71313.108     0.158    -0.07    0.50
 -70939.315     0.061    -0.26    0.50
 -70565.591    -0.014    -0.20    0.49
 -70191.936     0.024     0.10    0.50
 -69818.350     0.146     0.33    0.50
 -69444.832     0.273     0.34    0.47
 -69071.383     0.492     0.59    0.30
 -68698.002     0.591     0.26    0.00
 -68324.689     0.591     0.00    0.00
 -67951.445     0.556    -0.09    0.18
 -67578.270     0.517    -0.11    0.26
 -67205.163     0.517     0.00    0.26
 -66832.124     0.530     0.03    0.24
 -66459.153     0.545     0.04    0.21
 -66086.251     0.493    -0.14    0.30
 -65713.417     0.469    -0.07    0.33
 -65340.651     0.479     0.03    0.32
 -64967.953     0.486     0.02    0.31
 -64595.323     0.529     0.12    0.24
 -64222.762     0.591     0.17    0.00
 -63850.268     0.566    -0.07    0.16
 -63477.843     0.532    -0.09    0.24
 -63105.485     0.517    -0.04    0.26
 -62733.195     0.566     0.13    0.16
 -62360.973     0.591     0.07    0.00
 -61988.819     0.591     0.00    0.00
 -61616.733     0.591     0.00    0.00
 -61244.715     0.591     0.00    0.00
 -60872.764     0.591     0.00    0.00
 -60500.881     0.591     0.00    0.00
 -60129.065     0.528    -0.17    0.24
 -59757.318     0.519    -0.02    0.26
 -59385.637     0.488    -0.08    0.31
 -59014.025     0.496     0.02    0.29
 -58642.480     0.503     0.02    0.33
 -58271.002     0.472    -0.08    0.39
 -57899.592     0.488     0.04    0.38
 -57528.249     0.542     0.15    0.44
 -57156.973     0.654     0.30    0.49
 -56785.765     0.976     0.87    0.56
 -56414.624     1.257     0.76    0.47
 -56043.551     1.274     0.04    0.47
 -55672.544     1.142    -0.35    0.50
 -55301.605     0.932    -0.57    0.48
 -54930.733     0.706    -0.61    0.32
 -54559.928     0.395    -0.84    0.40
 -54189.190     0.116    -0.75    0.50
 -53818.519     0.002    -0.31    0.50
 -53447.915    -0.004    -0.02    0.49
 -53077.378     0.213     0.59    0.49
 -52706.908     0.455     0.65    0.34
 -52336.505     0.591     0.37    0.00
 -51966.169     0.591     0.00    0.00
 -51595.899     0.591     0.00    0.00
 -51225.697     0.591     0.00    0.00
 -50855.561     0.544    -0.13    0.21
 -50485.492     0.331    -0.57    0.44
 -50115.489     0.030    -0.82    0.50
 -49745.553    -0.068    -0.26    0.48
 -49375.684     0.036     0.28    0.50
 -49005.881     0.286     0.67    0.46
 -48636.145     0.542     0.69    0.22
 -48266.475     0.554     0.03    0.19
 -47896.872     0.530    -0.07    0.24
 -47527.335     0.456    -0.20    0.34
 -47157.864     0.410    -0.13    0.45
 -46788.460     0.400    -0.03    0.45
 -46419.122     0.405     0.01    0.45
 -46049.850     0.495     0.24    0.30
 -45680.645     0.591     0.26    0.00
 -45311.506     0.591     0.00    0.00
 -44942.433     0.591     0.00    0.00
 -44573.426     0.602     0.03    0.11
 -44204.485     0.591    -0.03    0.00
 -43835.611     0.591     0.00    0.00
 -43466.802     0.591     0.00    0.00
 -43098.059     0.591     0.00    0.00
 -42729.382     0.591     0.00    0.00
 -42360.772     0.591     0.00    0.00
 -41992.227     0.603     0.03    0.11
 -41623.748     0.649     0.12    0.24
 -41255.334     0.703     0.15    0.32
 -40886.987     0.702    -0.00    0.32
 -40518.705     0.640    -0.17    0.22
 -40150.489     0.591    -0.13    0.00
 -39782.339     0.591     0.00    0.00
 -39414.254     0.664     0.20    0.26
 -39046.235     0.689     0.07    0.30
 -38678.281     0.664    -0.07    0.31
 -38310.393     0.518    -0.40    0.34
 -37942.570     0.446    -0.20    0.35
 -37574.813     0.444    -0.00    0.36
 -37207.122     0.469     0.07    0.33
 -36839.495     0.591     0.33    0.00
 -36471.934     0.591     0.00    0.00
 -36104.439     0.591     0.00    0.00
 -35737.008     0.591     0.00    0.00
 -35369.643     0.603     0.03    0.11
 -35002.343     0.655     0.14    0.25
 -34635.109     0.814     0.43    0.42
 -34267.939     0.911     0.26    0.47
 -33900.835     1.164     0.69    0.50
 -33533.795     1.309     0.39    0.45
 -33166.821     1.364     0.15    0.45
 -32799.912     1.489     0.34    0.34
 -32433.067     1.494     0.01    0.34
 -32066.288     1.350    -0.39    0.53
 -31695.143     1.186    -0.44    0.66
 -31314.937     1.198     0.03    0.69
 -30934.801     1.281     0.22    0.68
 -30554.736     1.578     0.78    0.38
 -30174.741     1.615     0.10    0.16
 -29794.817     1.578    -0.10    0.11
 -29414.963     1.483    -0.25    0.31
 -29035.179     1.249    -0.62    0.48
 -28655.465     0.986    -0.69    0.49
 -28275.821     0.741    -0.65    0.36
 -27896.248     0.687    -0.14    0.30
 -27516.745     0.664    -0.06    0.26
 -27137.311     0.591    -0.19    0.00
 -26757.948     0.591     0.00    0.00
 -26378.655     0.591     0.00    0.00
 -25999.432     0.591     0.00    0.00
 -25620.278     0.591     0.00    0.00
 -25241.195     0.591     0.00    0.00
 -24862.181     0.591     0.00    0.00
 -24483.237     0.591     0.00    0.00
 -24104.363     0.591     0.00    0.00
 -23725.558     0.591     0.00    0.00
 -23346.823     0.591     0.00    0.00
 -22968.158     0.639     0.13    0.22
 -22589.563     0.719     0.21    0.34
 -22211.037     0.868     0.39    0.45
 -21832.580     1.059     0.51    0.50
 -21454.193     1.114     0.15    0.50
 -21075.876     0.993    -0.32    0.49
 -20697.627     0.847    -0.39    0.44
 -20319.449     0.749    -0.26    0.37
 -19941.339     0.664    -0.23    0.26
 -19563.299     0.664     0.00    0.31
 -19185.328     0.627    -0.10    0.29
 -18807.426     0.627    -0.00    0.29
 -18429.594     0.616    -0.03    0.32
 -18051.831     0.627     0.03    0.25
 -17674.136     0.577    -0.13    0.11
 -17296.511     0.688     0.29    0.34
 -16918.955     0.975     0.76    0.49
 -16541.468     1.430     1.21    0.73
 -16164.049     1.906     1.26    0.68
 -15786.700     2.261     0.94    0.52
 -15409.420     2.526     0.70    0.25
 -15032.208     2.591     0.17    0.00
 -14655.065     2.591     0.00    0.00
 -14277.991     2.591     0.00    0.00
 -13900.986     2.591     0.00    0.00
 -13524.049     2.591     0.00    0.00
 -13147.181     2.591     0.00    0.00
 -12770.382     2.591     0.00    0.00
 -12393.651     2.591     0.00    0.00
 -12016.989     2.591     0.00    0.00
 -11640.395     2.591     0.00    0.00
 -11263.869     2.591     0.00    0.00
 -10887.412     2.444    -0.39    0.45
 -10511.024     2.316    -0.34    0.62
 -10134.704     2.305    -0.03    0.61
  -9758.452     2.294    -0.03    0.62
  -9382.268     2.554     0.69    0.25
  -9006.153     2.591     0.10    0.00
  -8630.106     2.591     0.00    0.00
  -8254.127     2.552    -0.10    0.19
  -7878.216     2.350    -0.54    0.43
  -7502.373     2.283    -0.18    0.46
  -7126.599     2.308     0.07    0.45
  -6750.892     2.357     0.13    0.43
  -6375.253     2.530     0.46    0.24
  -5999.682     2.591     0.16    0.00
  -5624.180     2.591     0.00    0.00
  -5248.745     2.591     0.00    0.00
  -4873.377     2.591     0.00    0.00
  -4498.078     2.565    -0.07    0.16
  -4122.846     2.542    -0.06    0.22
  -3747.683     2.540    -0.00    0.22
  -3372.586     2.507    -0.09    0.32
  -2997.558     2.492    -0.04    0.34
  -2622.597     2.442    -0.13    0.53
  -2247.703     2.196    -0.66    1.00
  -1872.878     1.932    -0.70    1.25
  -1498.119     1.529    -1.08    1.43
  -1123.428     1.191    -0.90    1.47
   -748.805     0.676    -1.37    1.42
   -374.249     0.237    -1.17    1.20
      0.240    -0.178    -1.11    0.77
    374.661    -0.323    -0.39    0.45
    749.015    -0.007     0.84    0.99
   1123.302     0.371     1.01    1.28
   1497.522     0.883     1.37    1.43
   1871.674     1.442     1.49    1.37
   2245.759     1.978     1.43    1.08
   2619.778     2.356     1.01    0.60
   2993.729     2.530     0.46    0.33
   3367.613     2.591     0.16    0.00
   3741.430     2.591     0.00    0.00
   4115.180     2.541    -0.13    0.27
   4488.863     2.460    -0.22    0.43
   4862.480     2.375    -0.23    0.52
   5236.029     2.274    -0.27    0.61
   5609.512     2.232    -0.11    0.62
   5982.928     2.171    -0.16    0.65
   6356.277     2.122    -0.13    0.69
   6729.560     2.079    -0.12    0.74
   7102.775     2.034    -0.12    0.75
   7475.925     1.776    -0.69    0.90
   7849.007     1.278    -1.33    1.18
   8222.023     0.566    -1.91    1.18
   8594.973    -0.109    -1.81    0.66
   8967.856    -0.409    -0.80    0.00
   9340.672    -0.409     0.00    0.00
   9713.422    -0.409     0.00    0.00
  10086.106    -0.409     0.00    0.00
  10458.723    -0.409     0.00    0.00
  10831.275    -0.397     0.03    0.11
  11203.759    -0.361     0.10    0.27
  11576.178    -0.256     0.28    0.51
  11948.530    -0.171     0.23    0.61
  12320.816    -0.089     0.22    0.71
  12693.036     0.109     0.53    0.78
  13065.190     0.373     0.71    0.82
  13437.278     0.615     0.65    0.75
  13809.300     0.770     0.42    0.60
  14181.256     0.702    -0.18    0.45
  14553.146     0.604    -0.26    0.11
  14924.970     0.591    -0.03    0.00
  15296.728     0.591     0.00    0.00
  15668.420     0.859     0.72    0.65
  16040.047     1.232     1.00    0.88
  16411.607     1.615     1.03    0.87
  16783.102     1.988     1.00    0.71
  17154.531     2.233     0.66    0.48
  17525.895     2.261     0.08    0.47
  17897.192     2.378     0.31    0.41
  18268.425     2.503     0.34    0.28
  18639.591     2.591     0.24    0.00
  19010.692     2.591     0.00    0.00
  19381.728     2.591     0.00    0.00
  19752.698     2.578    -0.04    0.11
  20123.603     2.542    -0.09    0.22
  20494.442     2.388    -0.42    0.40
  20865.216     2.115    -0.74    0.50
  21235.925     1.975    -0.38    0.49
  21606.568     2.010     0.09    0.50
  21977.146     2.122     0.30    0.50
  22347.659     2.157     0.09    0.50
  22718.106     2.097    -0.16    0.50
  23088.489     1.903    -0.52    0.47
  23458.806     1.825    -0.21    0.43
  23829.059     1.759    -0.18    0.38
  24199.246     1.716    -0.12    0.33
  24569.368     1.859     0.39    0.45
  24939.425     2.116     0.69    0.50
  25309.417     2.371     0.69    0.42
  25679.345     2.418     0.13    0.38
  26049.207     2.213    -0.55    0.49
  26419.005     1.961    -0.68    0.49
  26788.738     1.692    -0.73    0.30
  27158.406     1.603    -0.24    0.11
  27528.009     1.887     0.77    0.46
  27897.547     2.127     0.65    0.50
  28267.021     2.203     0.21    0.49
  28636.430     2.166    -0.10    0.50
  29005.775     1.912    -0.69    0.47
  29375.055     1.859    -0.14    0.45
  29744.271     1.966     0.29    0.49
  30113.422     2.023     0.15    0.50
  30482.508     1.996    -0.07    0.49
  30851.530     1.973    -0.06    0.49
  31220.488     1.768    -0.56    0.38
  31589.381     1.663    -0.28    0.26
  31958.210     1.694     0.09    0.31
  32326.975     1.766     0.19    0.38
  32695.675     1.954     0.51    0.48
  33064.311     2.229     0.75    0.48
  33432.883     2.275     0.12    0.47
  33801.391     2.091    -0.50    0.50
  34169.835     1.920    -0.46    0.47
  34538.214     1.714    -0.56    0.33
  34906.530     1.643    -0.19    0.22
  35274.781     1.871     0.62    0.45
  35642.969     1.946     0.20    0.60
  36011.092     1.703    -0.66    0.83
  36379.152     1.325    -1.03    0.90
  36747.147     0.888    -1.19    0.65
  37115.079     0.844    -0.12    0.63
  37482.947     1.393     1.49    0.95
  37850.751     1.891     1.35    0.96
  38218.492     2.359     1.27    0.73
  38586.168     2.393     0.09    0.75
  38953.781     1.993    -1.09    0.97
  39321.330     1.578    -1.13    0.98
  39688.816     1.135    -1.21    0.86
  40056.238     0.887    -0.67    0.68
  40423.597     0.741    -0.40    0.48
  40790.892     0.844     0.28    0.64
  41158.123     1.060     0.59    0.84
  41525.291     1.216     0.42    0.91
  41892.395     1.491     0.75    0.92
  42259.437     1.807     0.86    0.99
  42626.414     2.244     1.19    1.34
  42994.345     2.542     0.81    1.54
  43374.407     2.539    -0.01    1.54
  43754.400     2.356    -0.48    1.49
  44134.325     1.920    -1.15    1.09
  44514.182     1.603    -0.83    0.11
  44893.969     1.591    -0.03    0.00
  45273.689     1.591     0.00    0.00
  45653.340     1.591     0.00    0.00
  46032.922     1.591     0.00    0.00
  46412.437     1.591     0.00    0.00
  46791.883     1.591     0.00    0.00
  47171.261     1.603     0.03    0.11
  47550.570     2.404     2.11    1.89
  47929.812     4.010     4.24    2.81
  48308.985     5.814     4.76    2.59
  48688.090     7.115     3.43    1.43
  49067.127     7.591     1.25    0.00
  49446.096     7.591     0.00    0.00
  49824.998     7.554    -0.10    0.19
  50203.831     7.504    -0.13    0.28
  50582.596     7.493    -0.03    0.30
  50961.293     7.527     0.09    0.25
  51339.923     7.528     0.00    0.24
  51718.485     7.388    -0.37    0.40
  52096.979     7.398     0.03    0.40
  52475.405     7.437     0.10    0.36
  52853.763     7.469     0.08    0.33
  53232.054     7.591     0.32    0.00
  53610.278     7.591     0.00    0.00
  53988.433     7.591     0.00    0.00
  54366.521     7.591     0.00    0.00
  54744.542     7.591     0.00    0.00
  55122.495     7.591     0.00    0.00
  55500.381     7.591     0.00    0.00
  55878.199     7.591     0.00    0.00
  56255.950     7.591     0.00    0.00
  56633.634     7.591     0.00    0.00
  57011.250     7.401    -0.50    0.39
  57388.799     7.193    -0.55    0.49
  57766.281     6.912    -0.75    0.47
  58143.695     6.692    -0.58    0.30
  58521.043     6.591    -0.27    0.00
  58898.323     6.591     0.00    0.00
  59275.536     6.591     0.00    0.00
  59652.683     6.591     0.00    0.00
  60029.762     6.591     0.00    0.00
  60406.774     6.591     0.00    0.00
  60783.720     6.591     0.00    0.00
  61160.598     6.804     0.57    0.41
  61537.409     6.716    -0.23    1.21
  61914.154     6.451    -0.70    1.76
  62290.832     6.675     0.59    1.73
  62667.443     6.831     0.41    1.62
  63043.988     6.356    -1.26    2.04
  63420.465     4.975    -3.67    2.77
  63796.877     3.566    -3.74    2.54
  64173.221     2.813    -2.00    1.98
  64549.499     2.837     0.07    2.07
  64925.710     3.566     1.94    2.40
  65301.855     4.770     3.20    2.62
  65677.933     6.053     3.41    2.29
  66053.945     6.970     2.44    1.68
  66429.891     7.554     1.55    0.33
  66805.770     7.553    -0.00    0.25
  67181.583     7.331    -0.59    0.65
  67557.329     7.155    -0.47    0.80
  67933.010     7.152    -0.01    0.80
  68308.624     7.253     0.27    0.72
  68684.172     7.466     0.57    0.43
  69059.653     7.591     0.33    0.00
  69435.069     7.591     0.00    0.00
  69810.418     7.591     0.00    0.00
  70185.702     7.591     0.00    0.00
  70560.919     7.591     0.00    0.00
  70936.071     7.591     0.00    0.00
  71311.156     7.591     0.00    0.00
  71686.176     7.503    -0.23    0.28
  72061.129     7.180    -0.86    0.71
  72436.017     6.899    -0.75    0.86
  72810.839     6.907     0.02    0.87
  73185.595     7.109     0.54    0.81
  73560.286     7.375     0.71    0.59
  73934.911     7.253    -0.33    0.89
  74309.470     6.728    -1.40    1.27
  74683.963     6.467    -0.70    1.36
  75058.391     6.393    -0.20    1.41
  75432.754     6.702     0.82    1.32
  75807.051     6.541    -0.43    1.80
  76181.282     6.373    -0.45    2.06
  76555.448     5.998    -1.00    2.17
  76929.548     6.110     0.30    2.07
  77303.583     6.800     1.85    1.55
  77677.553     7.388     1.57    0.49
  78051.457     7.578     0.51    0.11
  78425.296     7.591     0.03    0.00
  78799.070     7.591     0.00    0.00
  79172.779     7.591     0.00    0.00
  79546.422     7.591     0.00    0.00
  79920.000     7.591     0.00    0.00
  80293.514     7.591     0.00    0.00
  80666.962     7.591     0.00    0.00
  81040.345     7.591     0.00    0.00
  81413.663     7.591     0.00    0.00
  81786.916     7.591     0.00    0.00
  82160.104     7.482    -0.29    0.48
  82533.227     7.344    -0.37    0.78
  82906.285     7.334    -0.03    0.78
  83279.279     7.455     0.32    0.56
  83652.207     7.591     0.36    0.00
  84025.071     7.591     0.00    0.00
  84397.870     7.591     0.00    0.00
  84770.605     6.887    -1.89    1.61
  85143.274     6.212    -1.81    2.07
  85515.880     5.878    -0.90    2.16
  85888.420     5.733    -0.39    2.23
  86260.896     5.689    -0.12    2.18
  86633.307     5.404    -0.77    2.17
  87005.654     5.028    -1.01    2.04
  87377.937     4.884    -0.39    1.81
  87750.154     4.616    -0.72    1.52
  88122.308     4.681     0.18    1.45
  88494.397     4.920     0.64    1.32
  88866.422     5.253     0.90    0.87
  89238.383     5.316     0.17    0.45
  89610.279     5.123    -0.52    0.50
  89982.111     4.970    -0.41    0.49
  90353.879     4.811    -0.43    0.42
  90725.582     4.689    -0.33    0.30
  91097.222     4.539    -0.41    0.32
  91468.797     4.441    -0.26    0.48
  91840.309     4.162    -0.75    0.83
  92211.756     3.728    -1.17    1.10
  92583.139     3.450    -0.75    1.19
  92954.459     3.282    -0.45    1.21
  93325.714     3.279    -0.01    1.28
  93696.906     3.578     0.81    1.21
  94068.033     3.837     0.70    1.05
  94439.097     4.236     1.07    0.99
  94810.097     4.847     1.65    0.89
  95181.033     5.158     0.84    0.97
  95551.906     9.110    10.65   10.98
  95922.714    32.928    64.23   46.07
  96293.460    85.327   141.32   88.07
  96664.141   156.453   191.86  101.58
  97034.759   220.668   173.25   64.77
  97405.313   227.359    18.05   43.91
  97775.804   206.617   -55.98   48.09
  98146.231   183.753   -61.72   40.65
  98516.595   170.031   -37.05   40.13
  98886.895   175.878    15.79   51.40
  99257.132   189.591    37.03   58.90
  99627.306   191.899     6.24   64.22
  99997.416   195.955    10.96   63.66
 100367.463   203.191    19.55   55.85
 100737.446   209.861    18.03   45.50
 101107.367   211.282     3.84   36.08
 101477.224   199.156   -32.78   45.00
 101847.018   167.973   -84.32   59.81
 102216.749   128.158  -107.68   63.31
 102586.417    89.444  -104.72   58.17
 102956.021    60.888   -77.26   45.34
 103325.563    52.615   -22.38   34.85
 103695.041    47.617   -13.53   31.57
 104064.457    37.702   -26.84   30.44
 104433.810    26.996   -28.98   26.63
 104803.099    13.553   -36.40   15.53
 105172.326     6.050   -20.32    3.12
 105541.490     4.949    -2.98    2.82
 105910.591     4.331    -1.67    1.82
 106279.630     4.768     1.18    1.72
 106648.605     5.393     1.69    1.84
 107017.518     6.003     1.65    1.59
 107386.369     6.709     1.91    0.67
 107755.156     6.228    -1.30    1.02
 108123.881     5.692    -1.45    1.13
 108492.543     5.266    -1.16    1.06
 108861.143     5.129    -0.37    1.00
 109229.680     5.828     1.90    1.42
 109598.155     6.514     1.86    1.38
 109966.567     7.198     1.86    0.97
 110334.917     7.591     1.07    0.00
 110703.205     7.344    -0.67    0.97
 111071.430     6.316    -2.79    2.01
 111439.592     5.730    -1.59    2.14
 111807.693     5.785     0.15    2.12
 112175.731     6.292     1.38    1.96
 112543.707     7.097     2.19    1.24
 112911.621     7.491     1.07    0.41
 113279.472     7.418    -0.20    0.52
 113647.261     7.312    -0.29    0.68
 114014.989     7.388     0.21    0.59
 114382.654     7.462     0.20    0.49
 114750.257     7.566     0.28    0.22
 115117.798     7.591     0.07    0.00
 115485.277     7.591     0.00    0.00
 115852.694     7.616     0.07    0.32
 116220.050     7.878     0.71    1.14
 116587.343     8.191     0.85    1.43
 116954.574     8.566     1.02    1.60
 117321.744     9.388     2.24    2.32
 117688.852    11.270     5.13    3.29
 118066.629    13.262     5.27    2.84
 118446.482    14.183     2.43    2.07
 118826.269    14.707     1.38    1.80
 119205.988    14.816     0.28    1.52
 119585.642    15.180     0.96    1.37
 119965.228    15.066    -0.30    1.16
 120344.748    14.878    -0.49    1.00
 120724.201    14.616    -0.69    0.83
 121103.588    14.034    -1.53    0.87
 121482.909    13.196    -2.21    1.66
 121862.163    11.716    -3.90    2.29
 122241.350     9.942    -4.68    2.06
 122620.472     8.677    -3.34    1.39
 122999.527     8.064    -1.62    0.86
 123378.515     7.856    -0.55    0.65
 123757.437     7.722    -0.35    0.47
 124136.294     7.616    -0.28    0.16
 124515.083     7.591    -0.07    0.00
 124893.807     7.591     0.00    0.00
 125272.465     7.391    -0.53    0.40
 125651.056     7.233    -0.42    0.62
 126029.582     7.501     0.71    1.65
 126408.041     8.406     2.39    2.78
 126786.435    10.128     4.55    3.81
 127164.762    11.537     3.72    3.56
 127543.024    12.778     3.28    3.31
 127921.219    13.235     1.21    2.99
 128299.349    12.643    -1.57    2.94
 128677.413    11.145    -3.96    4.37
 129055.411     8.603    -6.72    4.73
 129433.344     6.437    -5.73    3.94
 129811.211     5.186    -3.31    2.86
 130189.012     4.526    -1.74    1.46
 130566.747     4.653     0.34    1.94
 130944.417     4.378    -0.73    2.20
 131322.022     3.757    -1.64    2.24
 131699.560     2.958    -2.12    1.77
 132077.034     2.424    -1.41    1.27
 132454.441     1.878    -1.45    0.53
 132831.784     1.643    -0.62    0.28
 133209.061     1.578    -0.17    0.11
 133586.272     1.577    -0.00    0.12
 133963.419     1.591     0.04    0.00
 134340.500     1.591     0.00    0.00
 134717.515     1.591     0.00    0.00
 135094.466     1.591     0.00    0.00
 135471.351     1.591     0.00    0.00
 135848.171     1.591     0.00    0.00
 136224.926     1.591     0.00    0.00
 136601.616     1.578    -0.03    0.11
 136978.241     1.501    -0.20    0.29
 137354.801     1.406    -0.25    0.39
 137731.295     1.360    -0.12    0.42
 138107.725     1.373     0.03    0.42
 138484.090     1.501     0.34    0.29
 138860.390     1.578     0.20    0.11
 139236.625     1.591     0.03    0.00
 139612.796     1.566    -0.07    0.16
 139988.901     1.577     0.03    0.12
 140364.942     1.591     0.04    0.00
 140740.918     1.577    -0.04    0.12
 141116.830     1.553    -0.06    0.19
 141492.676     1.551    -0.01    0.20
 141868.459     1.553     0.01    0.19
 142244.176     1.564     0.03    0.16
 142619.829     1.466    -0.26    0.33
 142995.418     1.380    -0.23    0.41
 143370.942     1.337    -0.11    0.44
 143746.401     1.331    -0.02    0.44
 144121.796     1.328    -0.01    0.44
 144497.127     1.325    -0.01    0.44
 144872.393     1.398     0.20    0.40
 145247.595     1.539     0.37    0.22
 145622.733     1.591     0.14    0.00
 145997.807     1.591     0.00    0.00
 146372.816     1.591     0.00    0.00
 146747.761     1.591     0.00    0.00
 147122.642     1.591     0.00    0.00
 147497.459     1.591     0.00    0.00
 147872.212     1.538    -0.14    0.22
 148246.900     1.378    -0.43    0.41
 148621.525     1.257    -0.32    0.47
 148996.086     1.253    -0.01    0.48
 149370.582     1.289     0.10    0.46
 149745.015     1.292     0.01    0.46
 150119.384     1.320     0.08    0.45
 150493.689     1.341     0.05    0.44
 150867.930     1.415     0.20    0.38
 151242.108     1.378    -0.10    0.41
 151616.222     1.239    -0.37    0.48
 151990.272     1.110    -0.35    0.50
 152364.258     0.980    -0.35    0.49
 152738.180     0.860    -0.32    0.45
 153112.039     0.941     0.22    0.48
 153485.835     1.110     0.45    0.50
 153859.567     1.219     0.29    0.49
 154233.235     1.166    -0.14    0.50
 154606.840     1.012    -0.41    0.50
 154980.381     0.643    -0.99    0.51
 155353.859     0.191    -1.21    0.49
 155727.274    -0.084    -0.74    0.47
 156100.625    -0.319    -0.63    0.29
 156473.913    -0.409    -0.24    0.00
 156847.137    -0.409     0.00    0.00
 157220.298    -0.409     0.00    0.00
 157593.396    -0.409     0.00    0.00
 157966.431    -0.409     0.00    0.00
 158339.403    -0.409     0.00    0.00
 158712.312    -0.409     0.00    0.00
 159085.157    -0.409     0.00    0.00
 159457.939    -0.409     0.00    0.00
 159830.659    -0.409     0.00    0.00
 160203.315    -0.409     0.00    0.00
 160575.908    -0.409     0.00    0.00
 160948.439    -0.409     0.00    0.00
 161320.906    -0.409     0.00    0.00
 161693.311    -0.409     0.00    0.00
 162065.652    -0.409     0.00    0.00
 162437.931    -0.409     0.00    0.00
 162810.147    -0.409     0.00    0.00
 163182.301    -0.409     0.00    0.00
 163554.392    -0.409     0.00    0.00
 163926.420    -0.409     0.00    0.00
 164298.385    -0.409     0.00    0.00
 164670.288    -0.409     0.00    0.00
 165042.128    -0.409     0.00    0.00
 165413.905    -0.409     0.00    0.00
 165785.620    -0.409     0.00    0.00
 166157.273    -0.409     0.00    0.00
 166528.863    -0.409     0.00    0.00
 166900.391    -0.409     0.00    0.00
 167271.856    -0.409     0.00    0.00
 167643.259    -0.409     0.00    0.00
 168014.599    -0.409     0.00    0.00
 168385.878    -0.409     0.00    0.00
 168757.094    -0.409     0.00    0.00
 169128.247    -0.409     0.00    0.00
 169499.339    -0.409     0.00    0.00
 169870.368    -0.409     0.00    0.00
 170241.335    -0.409     0.00    0.00
 170612.240    -0.409     0.00    0.00
 170983.083    -0.409     0.00    0.00
 171353.864    -0.409     0.00    0.00
 171724.583    -0.409     0.00    0.00
 172095.240    -0.409     0.00    0.00
 172465.835    -0.409     0.00    0.00
 172836.368    -0.409     0.00    0.00
 173206.839    -0.409     0.00    0.00
 173577.249    -0.409     0.00    0.00
 173947.596    -0.409     0.00    0.00
 174317.882    -0.409     0.00    0.00
 174688.106    -0.409     0.00    0.00
 175058.268    -0.409     0.00    0.00
 175428.368    -0.409     0.00    0.00
 175798.407    -0.409     0.00    0.00
 176168.384    -0.409     0.00    0.00
 176538.300    -0.409     0.00    0.00
 176908.154    -0.409     0.00    0.00
 177277.946    -0.409     0.00    0.00
 177647.677    -0.409     0.00    0.00
 178017.346    -0.409     0.00    0.00
 178386.954    -0.409     0.00    0.00
 178756.501    -0.409     0.00    0.00
 179125.986    -0.409     0.00    0.00
 179495.410    -0.409     0.00    0.00
 179864.772    -0.409     0.00    0.00
 180234.073    -0.409     0.00    0.00
 180603.313    -0.409     0.00    0.00
 180972.492    -0.409     0.00    0.00
 181341.609    -0.409     0.00    0.00
 181710.665    -0.409     0.00    0.00
 182079.660    -0.409     0.00    0.00
 182448.594    -0.409     0.00    0.00
 182817.467    -0.409     0.00    0.00
 183186.279    -0.409     0.00    0.00
 183555.030    -0.409     0.00    0.00
 183923.719    -0.409     0.00    0.00
 184292.348    -0.409     0.00    0.00
 184660.916    -0.409     0.00    0.00
 185029.423    -0.409     0.00    0.00
 185397.869    -0.409     0.00    0.00
 185766.254    -0.409     0.00    0.00
 186134.579    -0.409     0.00    0.00
 186502.842    -0.409     0.00    0.00
 186871.045    -0.409     0.00    0.00
 187239.187    -0.409     0.00    0.00
 187607.269    -0.409     0.00    0.00
 187975.290    -0.409     0.00    0.00
 188343.250    -0.409     0.00    0.00
 188711.150    -0.409     0.00    0.00
 189078.989    -0.409     0.00    0.00
 189446.767    -0.409     0.00    0.00
 189814.485    -0.409     0.00    0.00
 190182.143    -0.409     0.00    0.00
 190549.740    -0.409     0.00    0.00
 190917.276    -0.409     0.00    0.00
 191284.753    -0.409     0.00    0.00
 191652.168    -0.409     0.00    0.00
 192019.524    -0.409     0.00    0.00
 192386.819    -0.409     0.00    0.00
 192761.564    -0.409     0.00    0.00
 193141.280    -0.409     0.00    0.00
 193520.932    -0.409     0.00    0.00
 193900.518    -0.409     0.00    0.00
 194280.040    -0.409     0.00    0.00
 194659.497    -0.409     0.00    0.00
 195038.889    -0.409     0.00    0.00
 195418.216    -0.409     0.00    0.00
 195797.478    -0.409     0.00    0.00
 196176.676    -0.409     0.00    0.00
 196555.809    -0.409     0.00    0.00
 196934.878    -0.409     0.00    0.00
 197313.881    -0.409     0.00    0.00
 197692.821    -0.409     0.00    0.00
 198071.695    -0.409     0.00    0.00
 198450.506    -0.409     0.00    0.00
 198829.251    -0.409     0.00    0.00
 199207.932    -0.409     0.00    0.00
 199586.549    -0.409     0.00    0.00
 199965.102    -0.409     0.00    0.00
 200343.590    -0.409     0.00    0.00
 200722.013    -0.409     0.00    0.00
 201100.373    -0.409     0.00    0.00
 201478.668    -0.409     0.00    0.00
 201856.899    -0.409     0.00    0.00
 202235.066    -0.409     0.00    0.00
 202613.168    -0.409     0.00    0.00
 202991.207    -0.409     0.00    0.00
 203369.181    -0.409     0.00    0.00
 203747.092    -0.409     0.00    0.00
 204124.938    -0.409     0.00    0.00
 204502.720    -0.409     0.00    0.00
 204880.439    -0.409     0.00    0.00
 205258.093    -0.409     0.00    0.00
 205635.684    -0.409     0.00    0.00
 206013.211    -0.409     0.00    0.00
 206390.674    -0.409     0.00    0.00
 206768.073    -0.409     0.00    0.00
 207145.408    -0.409     0.00    0.00
 207522.680    -0.409     0.00    0.00
 207899.888    -0.409     0.00    0.00
 208277.032    -0.409     0.00    0.00
 208654.112    -0.409     0.00    0.00
 209031.129    -0.409     0.00    0.00
 209408.083    -0.409     0.00    0.00
 209784.973    -0.409     0.00    0.00
 210161.799    -0.409     0.00    0.00
 210538.562    -0.409     0.00    0.00
 210915.262    -0.409     0.00    0.00
 211291.898    -0.409     0.00    0.00
 211668.471    -0.409     0.00    0.00
 212044.980    -0.409     0.00    0.00
 212421.426    -0.409     0.00    0.00
 212797.809    -0.409     0.00    0.00
 213174.129    -0.409     0.00    0.00
 213550.385    -0.409     0.00    0.00
 213926.578    -0.409     0.00    0.00
 214302.708    -0.409     0.00    0.00
 214678.775    -0.409     0.00    0.00
 215054.779    -0.409     0.00    0.00
 215430.720    -0.409     0.00    0.00
 215806.598    -0.409     0.00    0.00
 216182.413    -0.409     0.00    0.00
 216558.165    -0.409     0.00    0.00
 216933.854    -0.409     0.00    0.00
 217309.480    -0.409     0.00    0.00
 217685.043    -0.409     0.00    0.00
 218060.543    -0.409     0.00    0.00
 218435.981    -0.409     0.00    0.00
 218811.356    -0.409     0.00    0.00
 219186.668    -0.409     0.00    0.00
 219561.917    -0.409     0.00    0.00
 219937.104    -0.409     0.00    0.00
 220312.228    -0.409     0.00    0.00
 220687.290    -0.409     0.00    0.00
 221062.289    -0.409     0.00    0.00
 221437.225    -0.409     0.00    0.00
 221812.099    -0.409     0.00    0.00
 222186.910    -0.409     0.00    0.00
 222561.659    -0.409     0.00    0.00
 222936.346    -0.409     0.00    0.00
 223310.970    -0.409     0.00    0.00
 223685.532    -0.409     0.00    0.00
 224060.031    -0.409     0.00    0.00
 224434.469    -0.409     0.00    0.00
 224808.844    -0.409     0.00    0.00
 225183.156    -0.409     0.00    0.00
 225557.407    -0.409     0.00    0.00
 225931.595    -0.409     0.00    0.00
 226305.722    -0.409     0.00    0.00
 226679.786    -0.409     0.00    0.00
 227053.788    -0.409     0.00    0.00
 227427.728    -0.409     0.00    0.00
 227801.606    -0.409     0.00    0.00
 228175.422    -0.409     0.00    0.00
 228549.176    -0.409     0.00    0.00
 228922.869    -0.409     0.00    0.00
 229296.499    -0.409     0.00    0.00
 229670.068    -0.409     0.00    0.00
 230043.574    -0.409     0.00    0.00
 230417.019    -0.409     0.00    0.00
 230790.402    -0.409     0.00    0.00
 231163.724    -0.409     0.00    0.00
 231536.984    -0.409     0.00    0.00
 231910.182    -0.409     0.00    0.00
 232283.318    -0.409     0.00    0.00
 232656.393    -0.409     0.00    0.00
 233029.406    -0.409     0.00    0.00
 233402.358    -0.409     0.00    0.00
 233775.248    -0.409     0.00    0.00
 234148.077    -0.409     0.00    0.00
 234520.844    -0.409     0.00    0.00
 234893.550    -0.409     0.00    0.00
 235266.195    -0.409     0.00    0.00
 235638.778    -0.409     0.00    0.00
 236011.300    -0.409     0.00    0.00
 236383.760    -0.409     0.00    0.00
 236756.160    -0.409     0.00    0.00
 237128.498    -0.409     0.00    0.00
 237500.775    -0.409     0.00    0.00
 237872.990    -0.409     0.00    0.00
 238245.145    -0.409     0.00    0.00
 238617.238    -0.409     0.00    0.00
 238989.271    -0.409     0.00    0.00
 239361.242    -0.409     0.00    0.00
 239733.152    -0.409     0.00    0.00
 240105.002    -0.409     0.00    0.00
 240476.790    -0.409     0.00    0.00
 240848.517    -0.409     0.00    0.00
 241220.184    -0.409     0.00    0.00
 241591.790    -0.409     0.00    0.00
 241963.335    -0.409     0.00    0.00
 242334.819    -0.409     0.00    0.00
 242706.242    -0.409     0.00    0.00
 243077.604    -0.409     0.00    0.00
 243448.906    -0.409     0.00    0.00
 243820.147    -0.409     0.00    0.00
 244191.328    -0.409     0.00    0.00
 244562.448    -0.409     0.00    0.00
 244933.507    -0.409     0.00    0.00
 245304.506    -0.409     0.00    0.00
 245675.444    -0.409     0.00    0.00
 246046.321    -0.409     0.00    0.00
 246417.139    -0.409     0.00    0.00
 246787.895    -0.409     0.00    0.00
 247158.592    -0.409     0.00    0.00
 247529.228    -0.409     0.00    0.00
 247899.803    -0.409     0.00    0.00
 248270.319    -0.409     0.00    0.00
 248640.774    -0.409     0.00    0.00
 249011.168    -0.409     0.00    0.00
 249381.503    -0.409     0.00    0.00
 249751.777    -0.409     0.00    0.00
 250121.991    -0.409     0.00    0.00
 250492.145    -0.409     0.00    0.00
 250862.239    -0.409     0.00    0.00
 251232.273    -0.409     0.00    0.00
 251602.246    -0.409     0.00    0.00
 251972.160    -0.409     0.00    0.00
 252342.014    -0.409     0.00    0.00
 252711.808    -0.409     0.00    0.00
 253081.541    -0.409     0.00    0.00
 253451.215    -0.409     0.00    0.00
 253820.829    -0.409     0.00    0.00
 254190.383    -0.409     0.00    0.00
 254559.878    -0.409     0.00    0.00
 254929.312    -0.409     0.00    0.00
 255298.687    -0.409     0.00    0.00
 255668.002    -0.409     0.00    0.00
 256037.258    -0.409     0.00    0.00
 256406.453    -0.409     0.00    0.00
 256775.589    -0.409     0.00    0.00
 257144.666    -0.409     0.00    0.00
 257513.683    -0.409     0.00    0.00
 257882.640    -0.409     0.00    0.00
 258251.538    -0.409     0.00    0.00
 258620.376    -0.409     0.00    0.00
 258989.155    -0.409     0.00    0.00
 259357.874    -0.409     0.00    0.00
 259726.534    -0.409     0.00    0.00
 260095.135    -0.409     0.00    0.00
 260463.676    -0.409     0.00    0.00
 260832.158    -0.409     0.00    0.00
 261200.581    -0.409     0.00    0.00
 261568.944    -0.409     0.00    0.00
 261937.248    -0.409     0.00    0.00
 262305.493    -0.409     0.00    0.00
 262673.679    -0.409     0.00    0.00
 263041.806    -0.409     0.00    0.00
 263409.873    -0.409     0.00    0.00
 263777.882    -0.045     0.99    1.77
 264145.831     1.654     4.61    4.38
 264513.721     5.202     9.64    6.91
 264881.553    11.156    16.18    8.81
 265249.325    17.823    18.12    7.14
 265617.039    23.420    15.22    5.11
 265984.693    27.119    10.06    3.18
 266352.289    29.617     6.79    2.78
 266719.825    31.452     4.99    3.85
 267087.303    34.275     7.68    5.36
 267459.264    36.160     5.07    5.83
 267838.848    38.668     6.61    6.00
 268218.370    40.906     5.89    5.92
 268597.828    44.270     8.86    6.91
 268977.224    47.726     9.11    6.59
 269356.556    49.222     3.94    5.69
 269735.825    49.876     1.72    3.98
 270115.031    49.696    -0.48    2.97
 270494.174    51.170     3.89    3.90
 270873.254    54.673     9.24    5.02
 271252.270    59.284    12.16    5.64
 271631.224    63.248    10.46    5.47
 272010.115    67.314    10.73    5.49
 272388.944    70.888     9.43    4.71
 272767.709    73.474     6.83    5.40
 273146.411    76.498     7.99    8.33
 273525.051    81.577    13.41   11.42
 273903.628    89.982    22.20   14.95
 274282.142    99.442    24.99   15.15
 274660.594   107.052    20.10   12.33
 275038.983   109.177     5.61   10.29
 275417.309   105.341   -10.14   10.88
 275795.572    99.056   -16.61   10.58
 276173.773    92.196   -18.14    8.25
 276551.912    86.133   -16.03    7.60
 276929.988    81.124   -13.25    8.82
 277308.002    78.469    -7.02    8.13
 277685.953    77.222    -3.30    7.32
 278063.841    79.367     5.67    7.68
 278441.668    82.604     8.56    7.07
 278819.432    85.446     7.52    7.00
 279197.133    87.831     6.31    6.57
 279574.773    91.180     8.87    7.52
 279952.350    95.111    10.41    7.99
 280329.865    99.398    11.35    8.45
 280707.317   104.140    12.56    7.30
 281084.708   107.170     8.03    7.04
 281462.036   109.508     6.20    7.02
 281839.303   109.525     0.04    7.10
 282216.507   109.344    -0.48    8.00
 282593.649   109.276    -0.18    8.22
 282970.729   110.334     2.81    8.84
 283347.748   111.775     3.82    8.77
 283724.704   114.262     6.60    9.30
 284101.598   115.057     2.11    8.36
 284478.431   115.941     2.35    6.98
 284855.202   114.955    -2.62    5.58
 285231.910   114.116    -2.23    6.25
 285608.557   110.982    -8.32    8.09
 285985.143   107.072   -10.38    8.72
 286361.666   104.979    -5.56    7.89
 286738.128   105.025     0.12    6.94
 287114.528   108.257     8.59    6.50
 287490.867   110.697     6.48    5.98
 287867.144   113.741     8.09    6.47
 288243.359   116.193     6.52    6.81
 288619.513   118.804     6.94    5.98
 288995.606   120.726     5.11    3.99
 289371.636   120.617    -0.29    3.80
 289747.606   118.788    -4.86    5.47
 290123.514   117.591    -3.18    5.98
 290499.360   117.897     0.82    5.98
 290875.146   120.603     7.20    5.87
 291250.870   124.289     9.81    4.45
 291626.532   126.539     5.99    3.85
 292002.134   127.509     2.58    3.60
 292377.674   128.175     1.77    3.00
 292753.153   130.035     4.95    3.92
 293128.570   134.696    12.41    8.09
 293503.927   139.549    12.93    7.84
 293879.222   141.248     4.53    6.26
 294254.457   141.002    -0.66    5.23
 294629.630   139.481    -4.05    3.77
 295004.743   139.764     0.75    4.47
 295379.794   141.191     3.80    5.32
 295754.784   143.897     7.22    6.25
 296129.714   145.814     5.11    6.33
 296504.582   148.196     6.35    6.28
 296879.390   150.964     7.38    6.48
 297254.137   155.025    10.83    9.12
 297628.823   158.037     8.04    8.83
 298003.448   160.232     5.86    7.91
 298378.012   161.221     2.64    7.39
 298752.516   161.334     0.30    6.67
 299126.959   162.056     1.93    5.72
 299501.342   163.044     2.64    5.46
 299875.663   163.354     0.83    5.34
 300249.924   159.012   -11.60    7.09
 300624.125   154.076   -13.19    7.63
 300998.265   149.244   -12.91    6.07
 301372.345   145.492   -10.03    3.40
 301746.364   143.897    -4.26    2.28
 302120.322   142.837    -2.83    2.18
 302494.220   141.671    -3.12    3.11
 302868.058   139.684    -5.31    5.06
 303241.836   136.459    -8.63    7.39
 303615.553   131.364   -13.63    9.62
 303989.209   125.406   -15.94    9.48
 304362.806   118.496   -18.49    6.84
 304736.342   113.550   -13.24    5.38
 305109.818   109.915    -9.73    4.21
 305483.234   107.097    -7.54    2.61
 305856.590   105.038    -5.51    2.82
 306229.885   102.841    -5.88    3.61
 306603.121    99.604    -8.67    5.09
 306976.296    95.672   -10.53    6.15
 307349.412    89.804   -15.72    7.82
 307722.467    85.604   -11.25    7.12
 308095.462    82.324    -8.79    6.32
 308468.398    79.768    -6.85    6.41
 308841.273    77.863    -5.11    6.69
