-210713.440   327.299     0.00    2.41
-210341.565   325.703    -4.29    2.40
-209969.630   324.464    -3.33    2.64
-209597.635   322.802    -4.47    3.29
-209225.580   321.401    -3.76    3.60
-208853.466   319.224    -5.85    4.24
-208481.291   317.090    -5.73    4.34
-208109.057   314.461    -7.06    4.26
-207736.764   312.262    -5.90    3.37
-207364.410   310.362    -5.10    2.98
-206991.996   308.766    -4.28    2.64
-206619.522   307.520    -3.35    3.06
-206246.989   307.175    -0.93    3.65
-205874.395   306.704    -1.26    3.66
-205501.741   307.564     2.31    4.64
-205129.028   310.247     7.20    8.35
-204756.254   312.467     5.96   11.35
-204383.420   318.867    17.16   19.40
-204010.526   327.282    22.56   29.33
-203637.571   341.006    36.79   43.52
-203264.557   352.647    31.20   45.54
-202891.482   357.591    13.25   42.21
-202518.347   365.008    19.87   39.51
-202145.152   369.427    11.84   41.94
-201771.896   380.954    30.88   46.85
-201398.580   387.994    18.86   48.43
-201025.203   393.665    15.19   45.84
-200651.767   399.344    15.21   44.84
-200278.269   423.731    65.28   63.14
-199904.711   447.874    64.62   73.02
-199531.093   478.851    82.90   76.25
-199157.414   494.116    40.84   77.26
-198783.675   482.163   -31.98   83.56
-198409.875   466.189   -42.73   65.65
-198036.014   474.994    23.55   59.19
-197662.093   496.857    58.46   63.01
-197288.111   524.994    75.22   63.24
-196914.068   557.356    86.50   62.08
-196539.965   593.954    97.81   70.10
-196165.801   623.438    78.78   72.32
-195791.575   640.341    45.16   58.60
-195417.290   649.724    25.06   46.94
-195042.943   672.007    59.52   65.24
-194668.535   656.940   -40.24   83.53
-194294.067   629.727   -72.66   94.06
-193919.537   611.154   -49.58   96.31
-193544.946   591.365   -52.82   88.23
-193170.295   561.141   -80.66   85.06
-192795.582   538.810   -59.59   78.41
-192420.809   511.021   -74.13   60.72
-192045.974   491.821   -51.22   50.43
-191671.078   490.007    -4.84   60.56
-191296.121   488.415    -4.25   65.49
-190921.102   474.099   -38.17   66.70
-190546.023   445.886   -75.21   55.74
-190170.882   411.394   -91.93   33.11
-189795.680   390.351   -56.08   20.64
-189420.416   376.421   -37.11   16.94
-189045.091   366.652   -26.02   12.85
-188669.705   359.376   -19.38    9.64
-188294.258   353.638   -15.28    7.38
-187918.748   350.554    -8.21    7.18
-187543.178   347.620    -7.81    6.95
-187167.546   345.993    -4.33    5.37
-186791.852   345.186    -2.15    4.36
-186416.097   344.617    -1.51    4.66
-186040.280   342.647    -5.24    4.82
-185664.402   338.994    -9.72    8.28
-185288.462   329.721   -24.66   14.96
-184912.460   318.665   -29.40   17.41
-184536.396   304.362   -38.03   16.57
-184160.271   291.234   -34.90   13.51
-183784.084   286.255   -13.23   14.57
-183407.835   293.354    18.87   25.92
-183031.525   318.167    65.93   41.23
-182655.152   358.036   105.91   52.73
-182278.717   412.152   143.74   65.30
-181902.221   456.384   117.46   57.52
-181525.663   489.506    87.95   43.70
-181149.042   505.981    43.74   36.27
-180772.360   503.853    -5.65   35.25
-180395.615   495.474   -22.24   35.03
-180018.809   480.318   -40.22   37.56
-179641.940   455.124   -66.84   43.78
-179265.009   431.137   -63.63   43.67
-178888.016   408.331   -60.48   33.83
-178510.961   394.301   -37.21   27.62
-178133.843   379.913   -38.15   19.03
-177756.663   372.034   -20.89   20.02
-177379.421   366.647   -14.28   25.27
-177002.116   364.425    -5.89   32.99
-176624.750   365.568     3.03   35.39
-176247.320   365.564    -0.01   30.51
-175869.828   361.631   -10.42   25.95
-175492.274   354.145   -19.82   22.76
-175114.658   340.340   -36.55   24.43
-174736.978   325.612   -38.99   22.00
-174359.236   325.797     0.49   30.93
-173981.432   353.565    73.49   67.90
-173603.565   400.349   123.79   93.19
-173225.635   463.214   166.31   94.66
-172847.643   483.061    52.50   95.84
-172469.588   504.554    56.84   88.44
-172091.470   510.592    15.97   78.35
-171713.289   507.825    -7.32   64.45
-171335.046   486.384   -56.68   78.91
-170956.739   439.556  -123.76   81.02
-170578.370   424.278   -40.37   81.93
-170199.938   435.724    30.24  102.17
-169821.443   464.652    76.42  115.19
-169442.885   470.150    14.52  121.15
-169064.264   436.560   -88.70   94.49
-168685.580   408.310   -74.59   68.44
-168306.832   385.816   -59.38   53.01
-167928.022   373.143   -33.45   45.30
-167549.149   365.823   -19.32   31.71
-167170.212   365.762    -0.16   25.41
-166791.212   365.783     0.06   24.87
-166412.149   364.707    -2.84   30.31
-166033.023   353.576   -29.36   38.01
-165653.833   345.886   -20.28   45.78
-165274.580   335.150   -28.31   42.06
-164895.264   327.567   -19.99   35.27
-164515.884   343.928    43.12   46.19
-164136.441   359.889    42.06   41.94
-163756.935   367.394    19.77   37.99
-163377.364   355.701   -30.80   49.03
-163004.798   337.161   -49.75   48.68
-162637.387   329.661   -20.41   41.36
-162269.917   333.102     9.36   47.64
-161902.388   336.083     8.11   46.57
-161534.799   340.292    11.45   42.84
-161167.152   333.259   -19.13   49.24
-160799.445   309.666   -64.16   50.88
-160431.679   285.096   -66.80   50.67
-160063.854   258.994   -70.95   39.38
-159695.970   235.163   -64.77   26.08
-159328.026   217.967   -46.73   15.52
-158960.023   205.514   -33.84   13.31
-158591.961   197.327   -22.24    9.97
-158223.839   191.770   -15.09    6.83
-157855.658   188.877    -7.86    5.25
-157487.418   186.176    -7.33    3.88
-157119.118   184.381    -4.87    3.40
-156750.759   182.231    -5.84    4.15
-156382.340   180.314    -5.20    4.68
-156013.862   177.283    -8.22    4.48
-155645.324   174.394    -7.84    3.62
-155276.726   171.241    -8.55    3.49
-154908.069   168.942    -6.23    3.93
-154539.352   166.020    -7.93    4.34
-154170.575   163.825    -5.95    4.46
-153801.739   161.682    -5.81    3.84
-153432.843   160.442    -3.36    2.68
-153063.887   159.773    -1.81    2.14
-152694.872   159.520    -0.68    1.81
-152325.796   159.314    -0.56    2.02
-151956.661   158.586    -1.97    3.40
-151587.466   156.541    -5.54    5.66
-151218.211   154.370    -5.88    6.72
-150848.895   152.877    -4.04    8.29
-150479.520   156.797    10.61   15.43
-150110.085   175.176    49.74   38.06
-149740.590   201.137    70.25   51.57
-149371.035   227.617    71.65   48.24
-149001.420   243.331    42.51   37.14
-148631.744   237.836   -14.86   43.93
-148262.009   220.370   -47.23   44.16
-147892.213   197.954   -60.61   31.96
-147522.357   186.202   -31.77   22.33
-147152.441   177.661   -23.09   10.68
-146782.464   175.461    -5.94    9.15
-146412.427   174.150    -3.54    9.25
-146042.330   173.500    -1.75    9.54
-145672.172   170.250    -8.78    9.58
-145301.954   165.604   -12.55    8.35
-144931.676   160.955   -12.55    6.41
-144561.337   158.695    -6.10    5.97
-144190.938   156.154    -6.86    7.36
-143820.478   153.428    -7.36    7.41
-143449.958   149.849    -9.66    7.17
-143079.377   145.967   -10.47    6.76
-142708.735   141.221   -12.81    6.09
-142338.033   138.539    -7.23    5.49
-141967.270   138.224    -0.85    6.24
-141596.446   140.578     6.35    8.67
-141225.562   144.763    11.28    9.27
-140854.617   148.825    10.95    9.22
-140483.611   153.409    12.36    9.69
-140112.544   159.152    15.47   14.55
-139741.416   171.797    34.07   23.63
-139370.228   192.541    55.88   33.97
-138998.978   215.519    61.89   36.53
-138627.668   233.876    49.43   33.61
-138256.297   250.838    45.67   38.13
-137884.864   264.981    38.07   45.56
-137513.371   284.902    53.62   53.73
-137141.817   296.007    29.89   54.80
-136770.201   289.139   -18.48   65.88
-136398.524   250.674  -103.48   74.63
-136026.787   204.186  -125.04   58.59
-135654.988   171.287   -88.47   46.60
-135283.127   142.356   -77.79   34.24
-134911.206   122.697   -52.85   26.29
-134539.223   105.288   -46.79   17.80
-134167.179    93.129   -32.68   12.33
-133795.074    85.336   -20.94    9.02
-133422.907    80.789   -12.22    7.67
-133050.679    76.823   -10.65    7.86
-132678.389    71.765   -13.59    9.11
-132306.038    65.968   -15.57    8.67
-131933.625    60.734   -14.05    6.26
-131561.151    57.449    -8.82    2.55
-131188.615    55.995    -3.90    1.69
-130816.018    54.881    -2.99    1.62
-130443.359    53.940    -2.52    1.47
-130070.639    53.139    -2.15    1.13
-129697.857    52.611    -1.42    0.74
-129325.013    52.396    -0.58    0.64
-128952.107    52.413     0.05    0.66
-128579.139    52.639     0.60    0.56
-128206.110    52.792     0.41    0.46
-127833.019    52.867     0.20    0.32
-127459.866    52.589    -0.74    0.57
-127086.651    52.031    -1.49    0.93
-126713.374    51.154    -2.35    1.22
-126340.036    50.071    -2.90    1.50
-125966.635    48.724    -3.60    1.72
-125593.172    47.656    -2.86    1.51
-125219.647    46.776    -2.36    0.99
-124846.060    46.417    -0.96    0.91
-124472.411    46.199    -0.58    0.92
-124098.700    45.914    -0.76    0.92
-123724.927    45.500    -1.11    0.72
-123351.091    45.194    -0.82    0.60
-122977.193    44.891    -0.81    0.91
-122603.233    44.494    -1.06    1.60
-122229.211    43.812    -1.82    2.05
-121855.126    43.033    -2.08    2.19
-121480.979    42.165    -2.32    2.13
-121106.769    41.581    -1.56    2.37
-120732.497    41.137    -1.19    2.31
-120358.163    40.693    -1.18    2.12
-119983.766    40.368    -0.87    1.87
-119609.307    40.147    -0.59    1.57
-119234.784    39.706    -1.18    1.42
-118860.200    39.156    -1.47    1.28
-118485.553    38.468    -1.84    1.00
-118110.843    37.710    -2.02    1.08
-117736.070    36.903    -2.15    1.19
-117361.235    35.968    -2.49    1.14
-116986.337    35.391    -1.54    1.11
-116611.376    35.086    -0.81    1.16
-116236.352    35.019    -0.18    1.21
-115861.266    35.207     0.50    1.16
-115486.116    35.253     0.12    1.19
-115110.904    35.327     0.20    1.16
-114735.629    35.186    -0.38    1.19
-114360.291    34.664    -1.39    1.24
-113984.889    33.916    -1.99    1.34
-113609.425    32.827    -2.90    1.41
-113233.898    31.781    -2.79    1.39
-112858.307    30.766    -2.70    1.18
-112482.654    30.197    -1.51    0.90
-112106.937    29.981    -0.58    0.55
-111731.157    29.994     0.04    0.12
-111355.314    29.836    -0.42    0.39
-110979.408    29.392    -1.18    0.86
-110603.438    28.253    -3.03    1.83
-110227.405    26.846    -3.74    2.12
-109851.308    25.750    -2.91    1.90
-109475.149    24.767    -2.61    1.68
-109098.925    24.031    -1.96    1.52
-108722.639    23.336    -1.85    1.23
-108346.289    22.565    -2.05    1.08
-107969.875    21.109    -3.87    2.33
-107593.398    19.494    -4.29    2.99
-107216.857    17.411    -5.53    2.90
-106840.252    15.734    -4.45    1.67
-106463.584    15.147    -1.56    0.86
-106086.852    14.940    -0.55    0.20
-105710.057    14.893    -0.12    0.28
-105333.197    14.884    -0.03    0.30
-104956.274    14.881    -0.01    0.30
-104579.287    14.927     0.12    0.23
-104202.237    14.981     0.14    0.00
-103825.122    15.075     0.25    0.44
-103447.944    15.020    -0.15    0.30
-103070.701    14.889    -0.35    0.29
-102693.395    14.724    -0.44    0.52
-102316.024    14.612    -0.30    0.61
-101938.590    14.323    -0.77    0.89
-101561.091    13.186    -3.01    2.15
-101183.528    11.428    -4.66    2.88
-100805.901     9.331    -5.55    2.69
-100428.210     7.565    -4.68    1.74
-100050.455     6.604    -2.54    0.89
 -99672.636     6.521    -0.22    0.83
 -99294.752     6.618     0.26    0.75
 -98916.804     6.832     0.57    0.52
 -98538.791     6.981     0.39    0.00
 -98160.714     6.981     0.00    0.00
 -97782.573     6.981     0.00    0.00
 -97404.368     6.981     0.00    0.00
 -97026.097     6.981     0.00    0.00
 -96647.763     6.981     0.00    0.00
 -96269.364     6.981     0.00    0.00
 -95890.900     6.981     0.00    0.00
 -95512.371     6.981     0.00    0.00
 -95133.778     6.718    -0.69    1.11
 -94755.121     6.247    -1.24    1.83
 -94376.398     5.791    -1.21    2.21
 -93997.611     5.454    -0.89    2.34
 -93618.759     5.526     0.19    2.28
 -93239.842     6.265     1.95    1.90
 -92860.861     7.019     1.99    1.58
 -92481.814     7.741     1.90    1.42
 -92102.703     8.196     1.20    1.24
 -91723.527     8.297     0.27    0.88
 -91344.285     7.902    -1.04    0.96
 -90964.979     7.409    -1.30    1.01
 -90585.608     7.098    -0.82    0.95
 -90206.171     6.786    -0.82    0.63
 -89826.670     6.575    -0.55    0.57
 -89447.103     6.318    -0.68    0.50
 -89067.471     6.102    -0.57    0.33
 -88687.774     6.006    -0.25    0.16
 -88311.881     5.981    -0.07    0.00
 -87944.657     5.981     0.00    0.00
 -87577.372     5.940    -0.11    0.35
 -87210.027     5.695    -0.67    0.96
 -86842.621     5.346    -0.95    1.62
 -86475.155     5.532     0.51    1.96
 -86107.628     6.116     1.59    1.94
 -85740.040     6.518     1.09    1.83
 -85372.392     6.022    -1.35    2.66
 -85004.683     5.306    -1.95    3.34
 -84636.913     4.656    -1.77    4.04
 -84269.082     3.604    -2.86    3.73
 -83901.190     3.448    -0.42    3.34
 -83533.238     2.740    -1.92    1.77
 -83165.225     2.807     0.18    1.53
 -82797.151     3.443     1.73    1.84
 -82429.015     3.915     1.28    1.99
 -82060.819     4.343     1.16    2.00
 -81692.562     4.415     0.19    1.88
 -81324.244     4.571     0.42    1.73
 -80955.865     4.340    -0.63    1.77
 -80587.425     4.045    -0.80    1.68
 -80218.923     3.635    -1.11    1.45
 -79850.360     3.006    -1.71    1.30
 -79481.737     2.539    -1.27    1.13
 -79113.052     1.981    -1.51    1.00
 -78744.305     1.526    -1.23    0.88
 -78375.498     0.904    -1.69    0.83
 -78006.629     0.418    -1.32    0.55
 -77637.699     0.218    -0.54    0.43
 -77268.707     0.301     0.22    0.50
 -76899.654     0.656     0.96    0.75
 -76530.540     1.310     1.77    1.19
 -76161.364     2.218     2.46    1.51
 -75792.126     3.215     2.70    1.75
 -75422.827     4.160     2.56    1.68
 -75053.467     4.806     1.75    1.41
 -74684.045     5.156     0.95    1.17
 -74314.561     5.237     0.22    0.92
 -73945.016     5.189    -0.13    0.77
 -73575.409     5.237     0.13    0.67
 -73205.740     5.270     0.09    0.63
 -72836.009     5.353     0.22    0.61
 -72466.217     5.417     0.17    0.57
 -72096.363     5.606     0.51    0.62
 -71726.447     6.044     1.18    0.81
 -71356.469     6.656     1.65    1.03
 -70986.429     7.586     2.51    1.55
 -70616.328     8.411     2.23    1.94
 -70246.164     9.215     2.17    2.18
 -69875.938     9.212    -0.01    2.38
 -69505.651     8.660    -1.49    2.34
 -69135.301     7.868    -2.14    1.69
 -68764.889     6.993    -2.36    1.01
 -68394.415     6.890    -0.28    0.73
 -68023.879     6.928     0.10    0.76
 -67653.280     7.131     0.55    0.99
 -67282.620     7.864     1.98    2.45
 -66911.897     6.825    -2.80    4.06
 -66541.112     5.147    -4.52    4.61
 -66170.265     3.373    -4.78    3.55
 -65799.355     2.247    -3.04    1.37
 -65428.383     2.903     1.77    1.44
 -65057.348     3.695     2.14    1.23
 -64686.251     4.131     1.17    1.31
 -64315.092     4.799     1.80    1.32
 -63943.870     5.513     1.92    1.13
 -63572.585     6.247     1.98    0.83
 -63201.238     6.606     0.97    0.66
 -62829.828     6.647     0.11    0.77
 -62458.356     6.111    -1.44    1.70
 -62086.821     4.731    -3.71    2.40
 -61715.223     3.442    -3.47    2.31
 -61343.563     2.708    -1.98    1.99
 -60971.840     3.109     1.08    1.98
 -60600.054     3.893     2.11    1.88
 -60228.205     4.456     1.51    1.38
 -59856.293     4.519     0.17    0.80
 -59484.319     4.340    -0.48    0.53
 -59112.281     4.165    -0.47    0.58
 -58740.181     3.955    -0.56    0.84
 -58368.017     3.734    -0.59    0.89
 -57995.791     3.506    -0.61    0.93
 -57623.501     3.231    -0.74    0.99
 -57251.148     3.082    -0.40    0.97
 -56878.733     2.763    -0.86    0.91
 -56506.254     2.552    -0.57    0.85
 -56133.712     2.818     0.71    0.93
 -55761.107     3.086     0.72    0.93
 -55388.438     3.532     1.20    0.78
 -55015.706     3.867     0.90    0.42
 -54642.911     4.183     0.85    0.40
 -54270.053     4.599     1.12    0.71
 -53897.131     5.143     1.46    0.79
 -53524.145     5.573     1.15    0.59
 -53151.097     5.931     0.96    0.42
 -52777.985     6.234     0.81    0.44
 -52404.809     6.538     0.81    0.50
 -52031.570     6.916     1.01    0.57
 -51658.267     7.306     1.04    0.55
 -51284.900     7.616     0.83    0.59
 -50911.470     7.818     0.54    0.63
 -50537.977     8.021     0.54    0.65
 -50164.419     8.118     0.26    0.78
 -49790.798     8.170     0.14    0.87
 -49417.113     8.111    -0.16    0.83
 -49043.364     8.008    -0.28    0.66
 -48669.552     7.870    -0.37    0.42
 -48295.675     7.914     0.12    0.34
 -47921.735     7.918     0.01    0.83
 -47547.731     7.678    -0.64    1.41
 -47173.662     7.335    -0.92    1.84
 -46799.530     7.234    -0.27    2.07
 -46425.334     7.702     1.25    2.01
 -46051.073     8.224     1.39    1.53
 -45676.749     8.715     1.31    0.80
 -45302.360     8.669    -0.12    0.63
 -44927.907     8.237    -1.15    0.93
 -44553.390     7.643    -1.59    0.90
 -44178.809     7.154    -1.31    0.52
 -43804.164     6.856    -0.79    0.33
 -43429.454     6.747    -0.29    0.43
 -43054.680     6.601    -0.39    0.54
 -42679.841     6.643     0.11    0.64
 -42304.938     6.740     0.26    0.60
 -41929.971     6.890     0.40    0.52
 -41554.939     6.968     0.21    0.34
 -41179.843     6.994     0.07    0.11
 -40804.682     6.917    -0.20    0.29
 -40429.457     6.594    -0.86    0.75
 -40054.167     6.268    -0.87    0.93
 -39678.812     6.021    -0.66    0.97
 -39303.393     6.240     0.58    0.95
 -38927.909     6.567     0.87    0.79
 -38552.360     6.563    -0.01    0.94
 -38176.746     6.407    -0.41    1.24
 -37801.068     5.793    -1.63    1.65
 -37425.325     5.191    -1.60    1.74
 -37049.517     4.664    -1.40    1.74
 -36673.644     3.929    -1.95    1.47
 -36297.706     3.668    -0.69    1.35
 -35921.703     3.601    -0.18    1.21
 -35545.635     3.750     0.40    1.17
 -35169.502     3.968     0.58    1.23
 -34793.304     3.877    -0.24    1.17
 -34417.041     3.660    -0.58    0.92
 -34040.713     3.310    -0.93    0.55
 -33664.319     3.265    -0.12    0.48
 -33287.861     3.635     0.98    0.95
 -32911.337     4.418     2.08    1.52
 -32534.747     5.270     2.26    1.70
 -32158.093     7.256     5.27    2.98
 -31781.373     9.873     6.95    3.50
 -31404.588    12.183     6.13    3.36
 -31027.737    14.447     6.01    1.50
 -30650.821    15.331     2.34    0.96
 -30273.840    15.191    -0.37    1.78
 -29896.792    14.831    -0.96    2.55
 -29519.680    14.494    -0.89    2.94
 -29142.501    15.268     2.05    3.56
 -28765.258    15.743     1.26    3.34
 -28387.948    16.831     2.88    3.38
 -28010.573    18.250     3.76    3.45
 -27633.132    19.481     3.26    3.65
 -27255.625    22.106     6.95    2.93
 -26878.053    23.500     3.69    2.99
 -26500.414    25.806     6.10    3.53
 -26122.710    27.019     3.21    3.04
 -25744.940    27.031     0.03    2.99
 -25367.104    26.967    -0.17    3.18
 -24989.202    24.139    -7.48    4.60
 -24611.234    23.332    -2.14    4.82
 -24233.200    24.359     2.72    5.39
 -23855.100    26.626     6.00    6.22
 -23476.933    29.893     8.64    4.78
 -23098.701    30.365     1.25    5.13
 -22720.402    25.386   -13.16   10.25
 -22342.038    19.007   -16.86   11.77
 -21963.607    13.532   -14.47   10.45
 -21585.109     8.631   -12.95    6.67
 -21206.546     6.272    -6.23    0.99
 -20827.916     6.145    -0.33    0.46
 -20449.219     5.928    -0.57    0.32
 -20070.456     5.656    -0.72    0.47
 -19691.627     5.346    -0.82    0.48
 -19312.731     4.981    -0.96    0.50
 -18933.769     4.678    -0.80    0.46
 -18554.740     4.411    -0.70    0.50
 -18175.645     4.137    -0.72    0.37
 -17796.483     4.031    -0.28    0.22
 -17417.254     3.942    -0.23    0.19
 -17037.958     3.816    -0.33    0.37
 -16658.596     3.568    -0.65    0.50
 -16279.167     3.314    -0.67    0.52
 -15899.671     2.868    -1.17    0.62
 -15520.109     2.552    -0.83    0.57
 -15140.479     2.156    -1.04    0.61
 -14760.783     1.670    -1.28    0.55
 -14381.019     1.401    -0.71    0.50
 -14001.189     1.126    -0.72    0.35
 -13621.681     0.981    -0.38    0.00
 -13254.651     0.981     0.00    0.00
 -12887.559     0.981     0.00    0.00
 -12520.405     0.981     0.00    0.00
 -12153.189     0.981     0.00    0.00
 -11785.911     1.020     0.11    0.20
 -11418.571     1.018    -0.01    0.19
 -11051.168     0.994    -0.07    0.12
 -10683.704     0.981    -0.04    0.00
 -10316.177     0.981     0.00    0.00
  -9948.588     0.981     0.00    0.00
  -9580.936     0.981     0.00    0.00
  -9213.223     0.981     0.00    0.00
  -8845.446     0.981     0.00    0.00
  -8477.608     0.981     0.00    0.00
  -8109.707     0.981     0.00    0.00
  -7741.743     0.981     0.00    0.00
  -7373.717     0.981     0.00    0.00
  -7005.629     0.981     0.00    0.00
  -6637.478     0.981     0.00    0.00
  -6269.264     0.981     0.00    0.00
  -5900.988     0.981     0.00    0.00
  -5532.649     0.981     0.00    0.00
  -5164.247     0.981     0.00    0.00
  -4795.783     0.981     0.00    0.00
  -4427.256     0.993     0.03    0.11
  -4058.666     1.006     0.03    0.16
  -3690.013     1.006    -0.00    0.16
  -3321.297     1.006     0.00    0.16
  -2952.519     0.993    -0.04    0.11
  -2583.677     0.981    -0.03    0.00
  -2214.773     0.981     0.00    0.00
  -1845.805     0.981     0.00    0.00
  -1476.775     0.868    -0.30    0.32
  -1107.682     0.617    -0.68    0.48
   -738.525     0.395    -0.60    0.50
   -369.305     0.137    -0.70    0.37
     -0.022     0.006    -0.35    0.16
    369.324     0.143     0.37    0.37
    738.733     0.343     0.54    0.48
   1108.205     0.494     0.41    0.50
   1477.741     0.487    -0.02    0.50
   1847.340     0.678     0.52    1.14
   2217.002     3.882     8.67    6.72
   2586.728    10.697    18.43   12.70
   2956.517    21.932    30.38   16.69
   3326.370    33.210    30.49   13.68
   3696.286    45.104    32.15   17.08
   4066.266    57.877    34.52   20.34
   4436.309    68.363    28.34   21.97
   4806.416    77.832    25.58   20.28
   5176.586    81.356     9.52   23.31
   5546.820    77.670    -9.96   29.08
   5917.118    66.956   -28.93   31.22
   6287.479    50.218   -45.20   25.59
   6657.904    37.573   -34.13   16.07
   7028.393    32.156   -14.62   10.29
   7398.946    30.206    -5.26    7.65
   7769.562    30.454     0.67    7.14
   8140.243    31.141     1.85    7.15
   8510.987    29.708    -3.87    7.11
   8881.795    27.554    -5.81    7.07
   9252.668    25.941    -4.35    6.79
   9623.604    23.768    -5.86    5.10
   9994.604    23.181    -1.58    5.09
  10365.668    24.631     3.91    5.98
  10736.797    27.318     7.24    6.98
  11107.990    30.347     8.16    7.76
  11479.246    34.591    11.43   10.42
  11850.567    44.468    26.60   16.86
  12221.953    58.020    36.49   24.41
  12593.402    79.631    58.18   33.62
  12964.916   102.968    62.82   43.21
  13336.494   122.042    51.33   44.93
  13708.137   138.747    44.95   48.38
  14079.844   163.256    65.94   58.86
  14451.615   203.695   108.78   66.78
  14823.451   226.420    61.12   53.44
  15195.351   221.314   -13.73   53.90
  15567.316   195.712   -68.83   56.88
  15939.346   173.941   -58.52   44.33
  16311.440   171.796    -5.77   43.08
  16683.599   175.560    10.11   39.37
  17055.822   166.968   -23.08   37.78
  17428.110   144.204   -61.15   37.74
  17800.463   122.623   -57.96   31.88
  18172.881   104.586   -48.43   13.48
  18545.363    99.993   -12.33    9.36
  18917.911   100.376     1.03   11.43
  19290.523    98.401    -5.30   10.74
  19663.200    96.678    -4.62   11.25
  20035.942    92.376   -11.54    9.72
  20408.749    90.847    -4.10    9.74
  20781.621    90.796    -0.14    9.04
  21154.559    93.331     6.80   11.39
  21527.561   102.339    24.15   23.68
  21900.628   116.346    37.55   34.69
  22273.761   130.593    38.18   35.35
  22646.958   145.683    40.44   34.76
  23020.221   152.907    19.35   30.51
  23393.550   161.652    23.43   29.62
  23766.943   181.871    54.15   42.64
  24140.402   188.877    18.76   48.41
  24513.926   182.231   -17.79   52.94
  24887.516   163.494   -50.16   44.11
  25261.171   161.547    -5.21   43.20
  25634.891   184.436    61.25   68.29
  26008.677   198.573    37.82   73.89
  26382.529   191.455   -19.04   79.04
  26756.446   159.598   -85.20   76.87
  27130.429   116.652  -114.84   40.33
  27504.477   103.055   -36.35   17.32
  27878.591   111.481    22.52   23.41
  28252.771   125.193    36.65   26.02
  28627.017   136.442    30.06   19.11
  29001.328   138.438     5.33   20.86
  29375.705   144.833    17.08   27.35
  29750.148   160.573    42.04   35.57
  30124.657   170.684    27.00   30.86
  30499.231   169.096    -4.24   30.36
  30873.872   157.431   -31.14   32.28
  31248.579   144.606   -34.23   20.10
  31623.352   141.080    -9.41   13.83
  31998.190   149.118    21.45   16.56
  32373.095   158.868    26.01   20.10
  32748.066   160.917     5.47   23.26
  33123.103   157.568    -8.93   27.00
  33498.207   143.842   -36.60   28.93
  33873.376   119.578   -64.67   24.04
  34248.612   103.734   -42.23   17.24
  34623.914    98.131   -14.93   13.83
  34999.283   104.928    18.11   24.15
  35374.718   129.401    65.19   42.28
  35750.219   161.415    85.26   44.46
  36125.787   192.610    83.06   41.66
  36501.421   211.744    50.94   29.58
  36877.122   218.542    18.09   26.08
  37252.889   221.545     7.99   24.58
  37628.723   217.469   -10.85   25.47
  38004.624   205.781   -31.09   37.62
  38380.591   179.093   -70.99   50.22
  38756.625   144.639   -91.63   44.95
  39132.725   118.820   -68.65   33.16
  39508.893   102.131   -44.37   25.05
  39885.127    94.712   -19.72   23.75
  40261.428    86.285   -22.40   19.60
  40637.796    80.365   -15.73   16.19
  41014.231    77.660    -7.19   13.79
  41390.732    80.363     7.18   19.67
  41767.301    85.078    12.52   25.10
  42143.937    89.845    12.66   27.41
  42520.640    95.006    13.70   27.59
  42897.410   101.456    17.12   30.66
  43274.247   117.137    41.62   35.66
  43651.151   132.571    40.95   32.95
  44028.122   145.456    34.18   27.83
  44405.161   155.336    26.20   21.47
  44782.267   155.178    -0.42   17.97
  45159.440   145.228   -26.38   26.66
  45536.680   119.920   -67.09   38.68
  45913.988    89.993   -79.32   34.26
  46291.364    68.656   -56.54   25.89
  46668.806    54.487   -37.54   19.56
  47046.317    47.334   -18.95   16.04
  47423.894    42.018   -14.08   10.93
  47801.540    38.635    -8.96    4.34
  48179.253    37.506    -2.99    1.58
  48557.033    37.647     0.37    1.06
  48934.882    37.277    -0.98    1.21
  49312.797    36.690    -1.55    1.31
  49690.781    35.981    -1.88    1.13
  50068.833    35.500    -1.27    0.87
  50446.952    35.218    -0.75    0.82
  50825.139    34.941    -0.73    1.15
  51203.394    34.564    -1.00    1.29
  51581.717    34.191    -0.99    1.20
  51960.108    33.786    -1.07    1.12
  52338.567    33.323    -1.22    1.00
  52717.094    33.054    -0.71    0.98
  53095.689    32.993    -0.16    1.06
  53474.352    33.366     0.98    1.27
  53853.083    33.993     1.66    1.49
  54231.882    34.481     1.29    1.67
  54610.750    35.092     1.61    1.85
  54989.686    35.586     1.30    1.97
  55368.690    36.030     1.17    2.20
  55747.763    36.388     0.95    2.65
  56126.904    36.618     0.61    2.96
  56506.113    36.106    -1.35    3.44
  56885.391    36.445     0.89    4.47
  57264.737    36.573     0.34    5.52
  57644.151    36.261    -0.82    5.93
  58023.635    35.283    -2.58    5.32
  58403.187    33.505    -4.69    3.69
  58782.807    31.943    -4.12    3.25
  59162.496    30.499    -3.80    3.03
  59542.254    29.093    -3.70    2.85
  59922.081    27.614    -3.90    2.60
  60301.976    26.166    -3.81    2.52
  60681.940    24.993    -3.09    2.18
  61061.973    24.029    -2.54    1.95
  61432.193    23.277    -2.03    1.54
  61799.088    22.718    -1.52    1.06
  62166.046    22.561    -0.43    0.99
  62533.068    22.512    -0.13    1.01
  62900.153    22.420    -0.25    0.97
  63267.303    22.193    -0.62    0.63
  63634.516    21.894    -0.81    0.39
  64001.792    21.425    -1.28    0.81
  64369.133    20.870    -1.51    0.91
  64736.537    20.506    -0.99    0.69
  65104.005    20.475    -0.08    0.55
  65471.538    20.942     1.27    0.79
  65839.134    21.432     1.33    0.69
  66206.794    21.812     1.03    0.38
  66574.518    21.956     0.39    0.16
  66942.306    21.981     0.07    0.00
  67310.158    21.993     0.03    0.11
  67678.074    22.060     0.18    0.27
  68046.054    22.159     0.27    0.39
  68414.099    22.266     0.29    0.45
  68782.208    22.306     0.11    0.47
  69150.380    22.373     0.18    0.49
  69518.618    22.326    -0.13    0.48
  69886.919    22.221    -0.28    0.43
  70255.285    22.092    -0.35    0.32
  70623.715    21.993    -0.27    0.11
  70992.210    21.798    -0.53    0.39
  71360.769    21.331    -1.27    0.84
  71729.392    20.725    -1.64    1.06
  72098.080    20.156    -1.54    1.03
  72466.833    20.193     0.10    1.24
  72835.650    21.395     3.26    3.95
  73204.532    26.870    14.84   10.69
  73573.478    32.212    14.48   11.82
  73942.489    37.281    13.74   10.59
  74311.565    40.475     8.65    8.28
  74680.705    41.289     2.21    7.41
  75049.910    42.286     2.70    7.61
  75419.180    44.178     5.13    7.02
  75788.515    43.806    -1.01    6.92
  76157.915    40.693    -8.43    6.47
  76527.380    35.475   -14.13    6.38
  76896.909    30.702   -12.92    6.38
  77266.504    27.289    -9.23    5.49
  77636.164    24.737    -6.90    2.80
  78005.888    24.895     0.43    2.45
  78375.678    25.878     2.66    3.50
  78745.533    26.659     2.11    4.20
  79115.453    26.669     0.03    4.38
  79485.438    26.298    -1.00    3.93
  79855.489    26.139    -0.43    3.59
  80225.605    26.510     1.00    3.04
  80595.786    27.507     2.69    2.76
  80966.032    29.029     4.11    2.93
  81336.344    31.314     6.17    3.09
  81706.721    35.427    11.10    7.55
  82077.163    44.059    23.30   15.14
  82447.671    59.042    40.44   22.33
  82818.245    74.086    40.60   19.36
  83188.884    84.456    27.98   11.10
  83559.588    89.474    13.54    8.11
  83930.358    90.790     3.55    9.04
  84301.194    91.724     2.52    9.32
  84672.096    94.845     8.41   11.18
  85043.063   101.635    18.30   14.72
  85414.096   110.137    22.92   16.90
  85785.195   120.543    28.04   16.50
  86156.359   127.820    19.61   14.24
  86527.590   135.431    20.50   16.16
  86898.886   144.743    25.08   20.42
  87270.248   158.506    37.06   29.09
  87641.676   173.351    39.97   32.29
  88013.171   189.096    42.39   33.48
  88384.731   207.921    50.67   39.43
  88756.357   233.791    69.62   50.07
  89128.049   257.680    64.27   47.35
  89499.808   273.865    43.54   37.86
  89871.633   270.512    -9.02   40.68
  90243.524   243.917   -71.52   45.10
  90615.481   214.255   -79.75   33.85
  90987.504   201.672   -33.82   24.82
  91359.594   201.759     0.23   30.14
  91731.750   204.771     8.09   34.24
  92103.972   210.557    15.55   29.30
  92476.261   215.857    14.24   26.81
  92848.616   223.931    21.69   24.80
  93221.038   228.894    13.33   20.54
  93593.526   220.136   -23.52   26.95
  93966.081   209.728   -27.94   26.22
  94338.703   203.265   -17.35   24.74
  94711.391   211.788    22.87   28.58
  95084.146   229.198    46.71   30.50
  95456.967   241.664    33.44   33.28
  95829.855   255.016    35.81   32.32
  96202.810   254.272    -2.00   35.07
  96575.832   235.549   -50.20   42.48
  96948.921   212.068   -62.94   38.82
  97322.076   193.207   -50.55   27.50
  97695.299   178.818   -38.56   25.33
  98068.588   164.623   -38.03   31.08
  98441.944   145.981   -49.93   27.14
  98815.368   127.409   -49.74   19.22
  99188.858   115.095   -32.97   13.52
  99562.416   110.228   -13.03   10.98
  99936.041   116.435    16.62   19.64
 100309.732   135.147    50.08   29.56
 100683.492   162.370    72.84   34.98
 101057.318   187.115    66.20   31.79
 101431.212   198.596    30.71   29.10
 101805.172   202.728    11.05   31.17
 102179.201   196.814   -15.81   34.01
 102553.296   186.310   -28.08   33.92
 102927.460   173.836   -33.34   33.28
 103301.690   156.240   -47.02   29.67
 103675.988   146.763   -25.32   24.77
 104050.354   152.894    16.38   40.65
 104424.787   171.760    50.39   62.02
 104799.288   190.261    49.41   67.86
 105173.856   195.305    13.47   64.83
 105548.492   201.240    15.84   63.21
 105923.196   202.706     3.91   70.17
 106297.968   196.351   -16.96   68.38
 106672.807   188.450   -21.08   55.02
 107047.714   173.475   -39.95   32.65
 107422.689   168.401   -13.53   18.03
 107797.732   172.152    10.00   20.80
 108172.843   181.697    25.45   27.43
 108548.022   188.647    18.53   30.39
 108923.269   196.302    20.40   34.73
 109298.584   204.944    23.03   37.09
 109673.967   206.265     3.52   33.57
 110049.418   203.883    -6.34   28.86
 110424.938   204.627     1.98   21.07
 110800.525   212.725    21.56   29.35
 111176.181   239.517    71.33   56.62
 111551.905   261.200    57.71   57.03
 111927.698   285.225    63.94   49.83
 112303.558   298.586    35.55   48.46
 112679.487   286.363   -32.51   45.91
 113055.485   276.240   -26.93   43.16
 113431.551   275.416    -2.19   39.47
 113807.686   276.660     3.31   40.71
 114183.889   287.505    28.83   39.69
 114560.160   296.568    24.09   37.70
 114936.500   305.134    22.76   37.03
 115312.909   319.259    37.53   36.42
 115689.387   321.993     7.26   27.50
 116065.933   327.827    15.49   28.30
 116442.548   324.369    -9.18   33.21
 116819.232   311.840   -33.27   31.52
 117195.985   298.298   -35.95   31.12
 117572.806   297.404    -2.37   34.75
 117949.697   292.522   -12.95   38.61
 118326.656   291.681    -2.23   44.60
 118703.684   308.240    43.92   68.31
 119080.782   336.969    76.19   81.51
 119457.948   359.552    59.88   73.47
 119835.184   367.524    21.13   59.06
 120212.489   352.636   -39.46   54.65
 120589.863   328.728   -63.36   51.80
 120967.306   303.993   -65.54   54.73
 121344.818   286.668   -45.90   58.66
 121722.400   269.722   -44.88   60.55
 122100.051   236.322   -88.45   38.63
 122477.771   215.481   -55.18   31.76
 122855.561   200.698   -39.13   28.20
 123233.420   191.499   -24.35   24.21
 123611.349   184.005   -19.83   22.36
 123989.347   180.818    -8.43   22.08
 124367.415   181.887     2.83   24.77
 124745.552   188.448    17.35   38.26
 125123.759   210.716    58.88   57.34
 125502.036   228.083    45.92   61.48
 125880.382   241.945    36.64   53.95
 126258.799   241.881    -0.17   41.60
 126637.285   232.203   -25.57   39.63
 127015.840   209.359   -60.35   37.57
 127394.466   195.571   -36.42   24.68
 127773.162   185.554   -26.45   19.40
 128151.927   174.395   -29.46   25.60
 128530.762   162.246   -32.07   27.98
 128909.668   159.932    -6.11   29.84
 129288.644   175.469    41.00   50.69
 129667.689   208.847    88.07   65.16
 130046.805   241.178    85.29   52.17
 130425.991   258.731    46.29   39.60
 130805.247   265.922    18.96   48.46
 131184.574   261.006   -12.96   59.04
 131563.970   246.860   -37.29   63.18
 131943.437   228.827   -47.53   52.94
 132322.975   214.087   -38.84   32.87
 132702.583   206.314   -20.48   22.38
 133082.261   203.919    -6.31   22.46
 133462.010   201.806    -5.57   23.49
 133841.829   207.957    16.20   28.42
 134221.719   218.005    26.45   33.67
 134601.680   226.627    22.69   33.33
 134981.711   246.273    51.70   29.40
 135361.813   274.178    73.42   43.36
 135741.985   316.872   112.31   69.39
 136116.093   349.077    86.09   59.92
 136482.783   367.552    50.39   45.69
 136849.538   366.603    -2.59   45.92
 137216.358   346.481   -54.86   41.63
