# NaN NaN NaN ;Mean Elev.(m), Avg Gradient(m/km), RMS Gradient(m/km) - SRTM1     
#   73.657  -1.531  10.769 ;Mean Elev.(m), Avg Gradient(m/km), RMS Gradient(m/km) - ASTER GDEM
#   66.041  -1.648   8.261 ;Mean Elev.(m), Avg Gradient(m/km), RMS Gradient(m/km) - GMTED2010 
  7    47.281 52449.28655243 35.46 208.029867  65.153969 25.350
  7    47.051 52449.28655308 37.22 208.026857  65.157069 25.350
  7    47.099 52449.28655372 29.33 208.023847  65.160179 25.350
  7    47.180 52449.28655437 31.77 208.020837  65.163279 25.350
  7    46.878 52449.28655501 28.43 208.017827  65.166379 25.350
  7    46.968 52449.28655565 27.03 208.014817  65.169489 25.350
  7    47.090 52449.28655630 38.40 208.011807  65.172589 25.350
  8    62.032 52484.28653929 40.46 208.040989  65.157060 15.035
  8    61.961 52484.28653993 45.71 208.037979  65.160170 15.035
  8    61.937 52484.28654058 43.02 208.034969  65.163270 15.035
  8    62.069 52484.28654122 41.43 208.031959  65.166370 15.035
  8    61.941 52484.28654187 38.23 208.028949  65.169480 15.035
  8    61.498 52484.28654251 31.42 208.025939  65.172580 15.035
  8    61.776 52484.28654316 30.56 208.022919  65.175680 15.035
  9    62.594 52519.28650247 51.21 208.039661  65.167122 27.947
  9    62.740 52519.28650312 51.16 208.036651  65.170232 27.947
  9    62.712 52519.28650376 47.97 208.033641  65.173332 27.947
  9    62.637 52519.28650441 47.31 208.030631  65.176432 27.947
  9    62.588 52519.28650505 40.86 208.027622  65.179538  6.930
 10    60.903 52554.28655131 45.93 208.025294  65.154281 19.678
 10    61.040 52554.28655196 45.54 208.022284  65.157381 19.678
 10    61.050 52554.28655260 47.20 208.019274  65.160491 19.678
 10    60.982 52554.28655324 45.77 208.016264  65.163591 19.678
 10    60.731 52554.28655389 41.17 208.013254  65.166691 19.678
 10    60.805 52554.28655453 50.40 208.010244  65.169801 19.678
 10    60.624 52554.28655518 53.14 208.007224  65.172901 19.678
 11    60.650 52589.28653619 35.31 208.040023  65.158353  9.520
 11    60.670 52589.28653683 43.88 208.037013  65.161453  9.520
 11    60.447 52589.28653748 38.40 208.034008  65.164560 13.443
 11    60.268 52589.28653812 32.31 208.030998  65.167660 13.443
 11    59.790 52589.28653877 33.83 208.027978  65.170770 13.443
 11    59.711 52589.28653941 44.79 208.024968  65.173870 13.443
 11    59.629 52589.28654006 43.24 208.021958  65.176970 13.443
 12    61.288 52624.28648042 26.25 208.040715  65.168609 12.610
 12    61.068 52624.28648107 26.49 208.037705  65.171709 12.610
 12    60.882 52624.28648171 33.94 208.034685  65.174809 12.610
 12    60.733 52624.28648236 48.69 208.031675  65.177909 12.610
 12    60.930 52624.28648300 34.43 208.028665  65.181019 12.610
 13    61.716 52659.28650442 20.52 208.037094  65.158806  4.781
 13    61.687 52659.28650507 20.37 208.034084  65.161906  4.781
 13    61.736 52659.28650571 19.42 208.031074  65.165006  4.781
 13    61.534 52659.28650636 18.71 208.028064  65.168116  4.781
 13    61.250 52659.28650700 19.12 208.025054  65.171216  4.781
 13    60.891 52659.28650765 18.02 208.022037  65.174318  3.865
 15    61.760 52729.28651960 12.04 208.042352  65.156771  2.469
 15    61.722 52729.28652024 11.95 208.039342  65.159871  2.469
 15    61.527 52729.28652089 12.13 208.036342  65.162971  2.469
 15    61.364 52729.28652153 11.76 208.033322  65.166081  2.469
 15    61.263 52729.28652218 11.70 208.030312  65.169181  2.469
 15    61.194 52729.28652282 10.95 208.027302  65.172281  2.469
 15    60.982 52729.28652346 10.33 208.024292  65.175391  2.469
 16    61.585 52764.28653156 32.69 208.042260  65.159278 20.764
 16    61.657 52764.28653221 28.15 208.039250  65.162378 20.764
 16    62.845 52764.28653285 27.26 208.036240  65.165488 20.764
 16    63.984 52764.28653350 28.46 208.033230  65.168588 20.764
 16    61.409 52764.28653414 27.39 208.030220  65.171698 20.764
 16    61.126 52764.28653479 26.85 208.027210  65.174798 20.764
 16    61.218 52764.28653543 24.34 208.024200  65.177898 20.764
 17    62.550 52799.28651268 50.86 208.030304  65.155735 36.623
 17    62.570 52799.28651332 47.25 208.027294  65.158835 36.623
 17    62.577 52799.28651397 50.16 208.024282  65.161937 18.710
 17    62.449 52799.28651461 51.69 208.021272  65.165047 18.710
 17    62.637 52799.28651525 46.13 208.018262  65.168147 18.710
 17    62.527 52799.28651590 43.10 208.015242  65.171247 18.710
 17    62.401 52799.28651654 40.41 208.012232  65.174347 18.710
 18    62.076 52834.28658158 45.74 208.033559  65.154663 27.803
 18    62.001 52834.28658222 46.13 208.030549  65.157763 27.803
 18    61.949 52834.28658286 44.89 208.027539  65.160873 27.803
 18    62.041 52834.28658351 45.88 208.024529  65.163973 27.803
 18    61.958 52834.28658415 44.28 208.021512  65.167074  9.255
 18    61.846 52834.28658480 43.60 208.018502  65.170184  9.255
 18    61.680 52834.28658544 33.35 208.015482  65.173284  9.255
 19    62.075 52869.28662421 41.98 208.038777  65.159024 27.503
 19    62.009 52869.28662485 38.14 208.035767  65.162124 27.503
 19    61.955 52869.28662550 37.19 208.032757  65.165224 27.503
 19    61.887 52869.28662614 34.89 208.029747  65.168327 12.610
 19    61.793 52869.28662679 45.78 208.026737  65.171437 12.610
 19    61.770 52869.28662743 51.87 208.023727  65.174537 12.610
 20    61.560 52904.28663228 44.18 208.040898  65.158996 29.918
 20    61.363 52904.28663293 50.43 208.037888  65.162096 29.918
 20    61.384 52904.28663357 47.66 208.034878  65.165206 29.918
 20    61.314 52904.28663422 37.97 208.031868  65.168306 29.918
 20    61.337 52904.28663486 37.00 208.028858  65.171406 29.918
 20    61.276 52904.28663551 53.32 208.025848  65.174516 29.918
 21    59.254 52939.28656914 34.02 208.043956  65.170185 28.026
 21    59.602 52939.28656978 35.73 208.040946  65.173285 28.026
 21    59.797 52939.28657043 50.73 208.037936  65.176385 28.026
 21    59.696 52939.28657107 50.80 208.034926  65.179495 28.026
 21    59.522 52939.28657171 48.87 208.031906  65.182595 28.026
 22    63.050 52974.28660683 15.73 208.031875  65.155015  4.054
 22    62.144 52974.28660747 15.98 208.028865  65.158115  4.054
 22    61.616 52974.28660812 15.50 208.025855  65.161215  4.054
 22    61.327 52974.28660876 15.18 208.022845  65.164325  4.054
 22    60.828 52974.28660941 15.54 208.019835  65.167425  4.054
 22    59.976 52974.28661005 16.61 208.016815  65.170525  4.054
 22    69.287 52974.28661070 14.63 208.013805  65.173635  4.054
 23    62.266 53009.28661380 12.56 208.034360  65.158249  3.035
 23    61.763 53009.28661444 12.56 208.031350  65.161359  3.035
 23    61.607 53009.28661509 12.32 208.028340  65.164459  3.035
 23    61.087 53009.28661573 12.54 208.025330  65.167559  3.035
 23    60.344 53009.28661638 13.17 208.022320  65.170669  3.035
 23    60.199 53009.28661702 12.21 208.019300  65.173769  3.035
 24    62.951 53044.28657297  9.58 208.027070  65.154406  2.604
 24    62.214 53044.28657362  9.26 208.024060  65.157506  2.604
 24    62.302 53044.28657426  8.96 208.021050  65.160616  2.604
 24    61.938 53044.28657491  8.32 208.018030  65.163716  2.604
 24    61.672 53044.28657555  8.64 208.015020  65.166816  2.604
 24    60.905 53044.28657620  9.12 208.012010  65.169926  2.604
 24    61.141 53044.28657684  8.42 208.009000  65.173026  2.604
 25    62.227 53079.28660667 10.77 208.037652  65.156605  3.093
 25    62.139 53079.28660732 10.96 208.034642  65.159705  3.093
 25    62.106 53079.28660796 10.78 208.031632  65.162805  3.093
 25    62.215 53079.28660861 10.73 208.028622  65.165915  3.093
 25    62.074 53079.28660925 10.92 208.025612  65.169015  3.093
 25    61.710 53079.28660990 10.94 208.022602  65.172115  3.093
 25    61.233 53079.28661054 11.96 208.019594  65.175219  3.455
 26    60.509 53114.28657735 39.44 208.023004  65.154804 27.280
 26    60.379 53114.28657800 35.60 208.019994  65.157914 27.280
 26    60.283 53114.28657864 34.55 208.016984  65.161014 27.280
 26    60.248 53114.28657929 33.52 208.013974  65.164114 27.280
 26    60.273 53114.28657993 30.91 208.010954  65.167224 27.280
 26    59.815 53114.28658058 24.26 208.007944  65.170324 27.280
 26    59.394 53114.28658122 23.49 208.004929  65.173432  5.588
 27    63.102 53149.28662338 49.93 208.031737  65.156894 39.168
 27    63.061 53149.28662402 48.40 208.028727  65.159994 39.168
 27    63.146 53149.28662467 48.48 208.025717  65.163104 39.168
 27    63.113 53149.28662531 48.91 208.022707  65.166204 39.168
 27    63.104 53149.28662596 49.44 208.019697  65.169304 39.168
 27    63.111 53149.28662660 52.36 208.016681  65.172408 11.509
 27    63.081 53149.28662725 50.01 208.013671  65.175508 11.509
 28    62.226 53184.28661800 45.76 208.041251  65.158867 24.802
 28    62.215 53184.28661865 47.19 208.038241  65.161977 24.802
 28    62.145 53184.28661929 42.47 208.035221  65.165077 24.802
 28    62.044 53184.28661993 36.15 208.032211  65.168177 24.802
 28    62.068 53184.28662058 33.95 208.029201  65.171287 24.802
 28    62.101 53184.28662122 28.14 208.026191  65.174387 24.802
 28    61.711 53184.28662187 23.13 208.023181  65.177487 24.802
 29    61.737 53219.28664310 45.03 208.039312  65.159131 24.256
 29    61.621 53219.28664374 44.17 208.036302  65.162231 24.256
 29    61.760 53219.28664439 42.87 208.033292  65.165341 24.256
 29    61.640 53219.28664503 41.71 208.030282  65.168441 24.256
 29    61.499 53219.28664568 39.25 208.027272  65.171541 24.256
 29    61.353 53219.28664632 31.68 208.024262  65.174641 24.256
 30    61.267 53254.28662122 43.88 208.040414  65.164206 19.040
 30    60.967 53254.28662187 39.15 208.037414  65.167316 19.040
 30    60.928 53254.28662251 35.05 208.034394  65.170416 19.040
 30    60.758 53254.28662316 31.25 208.031394  65.173516 19.040
 30    60.701 53254.28662380 28.95 208.028374  65.176626 19.040
 31    59.205 53289.28662533 23.21 208.022327  65.153010 13.798
 31    59.652 53289.28662598 26.40 208.019317  65.156110 13.798
 31    59.666 53289.28662662 30.68 208.016307  65.159210 13.798
 31    59.938 53289.28662727 36.83 208.013297  65.162320 13.798
 31    59.666 53289.28662791 38.77 208.010287  65.165420 13.798
 31    59.417 53289.28662856 30.41 208.007267  65.168520 13.798
 31    59.192 53289.28662920 24.05 208.004257  65.171620 13.798
 32    60.286 53324.28660193 21.71 208.040351  65.162376  9.498
 32    59.922 53324.28660257 22.63 208.037341  65.165476  9.498
 32    58.951 53324.28660322 24.53 208.034331  65.168576  9.498
 32    59.483 53324.28660386 24.57 208.031321  65.171686  9.498
 32    59.530 53324.28660451 26.45 208.028311  65.174786  9.498
 32    59.500 53324.28660515 31.21 208.025301  65.177886  9.498
 33    60.782 53359.28656440 12.94 208.044116  65.166270  4.799
 33    59.788 53359.28656505 15.09 208.041106  65.169380  4.799
 33    60.083 53359.28656569 15.16 208.038096  65.172480  4.799
 33    60.184 53359.28656634 14.08 208.035076  65.175580  4.799
 33    59.860 53359.28656698 14.93 208.032066  65.178680  4.799
 33    59.740 53359.28656763 14.96 208.029056  65.181790  4.799
 34    62.764 53394.28658013  8.14 208.028244  65.155094  2.750
 34    61.697 53394.28658078  8.22 208.025234  65.158194  2.750
 34    61.748 53394.28658142  7.51 208.022224  65.161294  2.750
 34    60.852 53394.28658207  7.83 208.019214  65.164404  2.750
 34    60.057 53394.28658271  8.20 208.016204  65.167504  2.750
 34    60.274 53394.28658336  7.19 208.013184  65.170604  2.750
 34    59.953 53394.28658400  6.58 208.010174  65.173704  2.750
 35    61.228 53429.28657524  6.86 208.042126  65.165754  2.557
 35    61.505 53429.28657588  6.70 208.039116  65.168864  2.557
 35    61.370 53429.28657652  6.64 208.036106  65.171964  2.557
 35    60.753 53429.28657717  6.86 208.033086  65.175064  2.557
 35    60.564 53429.28657781  6.40 208.030076  65.178164  2.557
 36    61.889 53464.28659691  6.26 208.031487  65.153720  2.980
 36    61.888 53464.28659756  6.74 208.028477  65.156820  2.980
 36    61.967 53464.28659820  6.08 208.025467  65.159920  2.980
 36    61.490 53464.28659885  6.08 208.022457  65.163030  2.980
 36    61.018 53464.28659949  6.52 208.019447  65.166130  2.980
 36    60.658 53464.28660014  5.36 208.016427  65.169230  2.980
 36    60.234 53464.28660078  6.46 208.013417  65.172330  2.980
 37    62.694 53499.28666306 41.73 208.032199  65.154637 24.686
 37    62.797 53499.28666370 34.45 208.029189  65.157747 24.686
 37    62.753 53499.28666434 28.71 208.026179  65.160847 24.686
 37    63.007 53499.28666499 36.50 208.023169  65.163957 24.686
 37    62.933 53499.28666563 38.53 208.020159  65.167057 24.686
 37    62.839 53499.28666628 37.33 208.017139  65.170157 24.686
 37    62.959 53499.28666692 41.87 208.014129  65.173257 24.686
 38    62.714 53534.28664916 25.07 208.040455  65.161428 18.900
 38    62.987 53534.28664981 29.48 208.037445  65.164538 18.900
 38    62.899 53534.28665045 30.04 208.034435  65.167638 18.900
 38    63.025 53534.28665110 29.35 208.031425  65.170738 18.900
 38    62.948 53534.28665174 22.53 208.028405  65.173838 18.900
 38    62.816 53534.28665239 21.32 208.025395  65.176948 18.900
 39    62.275 53569.28666292 38.57 208.035621  65.157675 15.040
 39    62.140 53569.28666356 36.30 208.032621  65.160775 15.040
 39    62.109 53569.28666421 36.34 208.029611  65.163875 15.040
 39    62.375 53569.28666485 45.97 208.026601  65.166985 15.040
 39    62.392 53569.28666550 38.23 208.023591  65.170085 15.040
 39    61.899 53569.28666614 29.18 208.020571  65.173185 15.040
 39    61.486 53569.28666679 27.45 208.017561  65.176285 15.040
 40    61.876 53604.28661110 42.82 208.042188  65.168026 22.419
 40    61.816 53604.28661175 50.87 208.039178  65.171136 22.419
 40    61.734 53604.28661239 51.28 208.036168  65.174236 22.419
 40    61.685 53604.28661304 38.93 208.033158  65.177336 22.419
 40    61.626 53604.28661368 37.41 208.030148  65.180446 22.419
 41    62.806 53639.28660763 42.15 208.027937  65.153198 24.953
 41    62.621 53639.28660827 42.32 208.024927  65.156308 24.953
 41    62.911 53639.28660892 43.90 208.021917  65.159408 24.953
 41    63.287 53639.28660956 45.73 208.018907  65.162508 24.953
 41    62.368 53639.28661021 39.97 208.015897  65.165618 24.953
 41    62.941 53639.28661085 44.79 208.012887  65.168718 24.953
 41    61.530 53639.28661150 52.14 208.009867  65.171818 24.953
 42    60.048 53674.28662831 34.92 208.031236  65.157090 21.106
 42    59.957 53674.28662895 39.89 208.028226  65.160190 21.106
 42    60.039 53674.28662960 50.34 208.025216  65.163290 21.106
 42    59.889 53674.28663024 45.19 208.022206  65.166400 21.106
 42    59.757 53674.28663089 38.78 208.019196  65.169500 21.106
 42    59.869 53674.28663153 45.82 208.016176  65.172600 21.106
 43    61.089 53709.28656123 21.15 208.041867  65.170982  9.101
 43    61.136 53709.28656187 23.93 208.038857  65.174082  9.101
 43    61.052 53709.28656252 24.06 208.035837  65.177182  9.101
 43    61.003 53709.28656316 25.57 208.032827  65.180282  9.101
 44    61.591 53744.28647174 12.30 208.045147  65.174368  3.184
 44    61.352 53744.28647238 11.54 208.042127  65.177468  3.184
 44    60.996 53744.28647302 11.36 208.039117  65.180568  3.184
 44    60.789 53744.28647367 10.53 208.036107  65.183678  3.184
 45    62.222 53779.28649832  9.90 208.041072  65.158251  2.555
 45    61.380 53779.28649896 10.45 208.038062  65.161351  2.555
 45    61.095 53779.28649961 10.01 208.035052  65.164451  2.555
 45    61.355 53779.28650025  9.60 208.032042  65.167561  2.555
 45    61.371 53779.28650090  9.50 208.029032  65.170661  2.555
 45    61.206 53779.28650154  8.70 208.026012  65.173761  2.555
 45    60.918 53779.28650219  8.19 208.023002  65.176871  2.555
 46    62.449 53814.28647379  5.78 208.042689  65.174841  2.286
 46    61.423 53814.28647443  5.48 208.039679  65.177941  2.286
 46    61.283 53814.28647507  5.16 208.036659  65.181041  2.286
 46    61.141 53814.28647572  4.34 208.033649  65.184141  2.286
 47    61.601 53849.28653130 36.31 208.026872  65.154952 15.959
 47    61.546 53849.28653195 33.34 208.023862  65.158062 15.959
 47    61.298 53849.28653259 32.26 208.020852  65.161162 15.959
 47    60.667 53849.28653324 31.63 208.017842  65.164262 15.959
 47    60.797 53849.28653388 26.46 208.014832  65.167372 15.959
 47    60.576 53849.28653453 24.96 208.011822  65.170472 15.959
 47    59.938 53849.28653517 23.64 208.008802  65.173572 15.959
 49    62.695 53919.28661157 25.44 208.031691  65.155156 15.813
 49    62.429 53919.28661221 20.97 208.028681  65.158266 15.813
 49    62.614 53919.28661286 20.73 208.025671  65.161366 15.813
 49    62.807 53919.28661350 28.91 208.022661  65.164466 15.813
 49    62.943 53919.28661415 31.48 208.019651  65.167576 15.813
 49    62.883 53919.28661479 24.29 208.016641  65.170676 15.813
 49    62.563 53919.28661544 19.70 208.013621  65.173776 15.813
 50    61.752 53954.28661262 47.03 208.031589  65.157124 22.204
 50    61.656 53954.28661327 53.66 208.028579  65.160224 22.204
 50    61.773 53954.28661391 48.87 208.025569  65.163334 22.204
 50    61.695 53954.28661456 41.30 208.022559  65.166434 22.204
 50    61.633 53954.28661520 45.70 208.019549  65.169544 22.204
 50    61.604 53954.28661585 44.76 208.016539  65.172644 22.204
 52    61.120 54024.28659372 41.94 208.032174  65.153539 15.124
 52    61.031 54024.28659437 32.59 208.029164  65.156639 15.124
 52    60.762 54024.28659501 26.91 208.026154  65.159749 15.124
 52    60.627 54024.28659566 25.37 208.023144  65.162849 15.124
 52    60.573 54024.28659630 25.71 208.020124  65.165949 15.124
 52    60.286 54024.28659695 24.29 208.017114  65.169059 15.124
 52    60.042 54024.28659759 21.39 208.014104  65.172159 15.124
 53    60.988 54059.28658747 23.23 208.040924  65.160568  8.527
 53    60.900 54059.28658812 22.20 208.037914  65.163678  8.527
 53    60.624 54059.28658876 22.41 208.034904  65.166778  8.527
 53    60.189 54059.28658941 22.49 208.031894  65.169878  8.527
 53    59.700 54059.28659005 24.69 208.028884  65.172988  8.527
 53    59.547 54059.28659070 26.94 208.025874  65.176088  8.527
 54    60.475 54094.28656663 17.81 208.040235  65.168172  5.627
 54    60.030 54094.28656728 18.64 208.037225  65.171272  5.627
 54    60.098 54094.28656792 19.52 208.034215  65.174382  5.627
 54    60.162 54094.28656857 19.29 208.031205  65.177482  5.627
 54    60.166 54094.28656921 18.69 208.028185  65.180582  5.627
 55    63.089 54129.28650589 11.72 208.027636  65.154728  3.606
 55    60.454 54129.28650653 11.96 208.024626  65.157838  3.606
 55    61.081 54129.28650718 11.38 208.021606  65.160938  3.606
 55    60.416 54129.28650782 11.44 208.018596  65.164038  3.606
 55    59.938 54129.28650847 12.17 208.015586  65.167148  3.606
 55    59.793 54129.28650911 11.47 208.012576  65.170248  3.606
 55    59.498 54129.28650976 13.71 208.009556  65.173348  3.606
 56    61.149 54164.28653540  9.48 208.041026  65.158333  3.072
 56    61.089 54164.28653604  9.63 208.038016  65.161443  3.072
 56    60.879 54164.28653669 10.06 208.035016  65.164543  3.072
 56    60.725 54164.28653733  9.91 208.031996  65.167643  3.072
 56    60.468 54164.28653798 10.34 208.028986  65.170743  3.072
 56    60.133 54164.28653862 10.63 208.025976  65.173853  3.072
 56    59.730 54164.28653927 11.10 208.022966  65.176953  3.072
 58    63.274 54234.28654958 43.85 208.035353  65.157374 20.860
 58    63.721 54234.28655022 45.66 208.032343  65.160484 20.860
 58    62.376 54234.28655151 40.47 208.026313  65.166684 20.860
 58    61.906 54234.28655216 41.73 208.023303  65.169784 20.860
 58    61.609 54234.28655280 50.37 208.020293  65.172894 20.860
 58    61.393 54234.28655344 49.67 208.017283  65.175994 20.860
 59    63.652 54269.28656962 24.71 208.037728  65.160346 25.456
 59    64.148 54269.28657026 32.04 208.034718  65.163446 25.456
 59    64.287 54269.28657091 39.02 208.031708  65.166556 25.456
 59    64.210 54269.28657155 34.68 208.028698  65.169656 25.456
 59    63.789 54269.28657220 36.55 208.025678  65.172756 25.456
 59    63.822 54269.28657284 38.46 208.022668  65.175856 25.456
 60    63.738 54304.28657230 27.05 208.039066  65.157647 12.811
 60    62.729 54304.28657295 24.17 208.036056  65.160757 12.811
 60    61.989 54304.28657359 26.80 208.033046  65.163857 12.811
 60    62.226 54304.28657424 27.35 208.030026  65.166957 12.811
 60    62.223 54304.28657488 25.89 208.027016  65.170057 12.811
 60    62.029 54304.28657553 24.84 208.024006  65.173167 12.811
 60    61.827 54304.28657617 20.52 208.020996  65.176267 12.811
 61    62.150 54339.28655717 50.79 208.040734  65.162288 23.580
 61    62.119 54339.28655781 44.94 208.037724  65.165388 23.580
 61    61.946 54339.28655846 36.87 208.034714  65.168488 23.580
 61    62.002 54339.28655910 35.62 208.031704  65.171588 23.580
 61    61.976 54339.28655975 45.93 208.028694  65.174698 23.580
 61    61.987 54339.28656039 41.64 208.025684  65.177798 23.580
 62    61.153 54374.28650591 34.28 208.035107  65.155999 14.165
 62    61.264 54374.28650655 38.46 208.032097  65.159099 14.165
 62    61.258 54374.28650719 39.68 208.029087  65.162199 14.165
 62    61.184 54374.28650784 40.87 208.026077  65.165299 14.165
 62    61.055 54374.28650848 31.46 208.023067  65.168409 14.165
 62    60.727 54374.28650913 25.27 208.020057  65.171509 14.165
 62    60.649 54374.28650977 20.66 208.017047  65.174609 14.165
 63    60.327 54409.28650210 32.73 208.040147  65.157155 19.095
 63    60.177 54409.28650274 35.78 208.037147  65.160255 19.095
 63    60.096 54409.28650339 43.48 208.034137  65.163355 19.095
 63    60.074 54409.28650403 40.05 208.031117  65.166455 19.095
 63    59.705 54409.28650468 33.04 208.028107  65.169565 19.095
 63    58.942 54409.28650532 45.15 208.025097  65.172665 19.095
 63    58.799 54409.28650597 44.11 208.022087  65.175765 19.095
 65    61.555 54479.28649230 14.14 208.040060  65.157326  3.322
 65    61.416 54479.28649294 14.35 208.037050  65.160436  3.322
 65    61.365 54479.28649359 14.69 208.034040  65.163536  3.322
 65    61.061 54479.28649423 15.07 208.031030  65.166636  3.322
 65    60.992 54479.28649488 14.07 208.028020  65.169746  3.322
 65    60.572 54479.28649552 14.74 208.025010  65.172846  3.322
 65    60.419 54479.28649617 14.28 208.022000  65.175946  3.322
 66    61.593 54514.28648229 13.62 208.030802  65.153470  3.958
 66    62.018 54514.28648293 13.85 208.027792  65.156580  3.958
 66    61.839 54514.28648358 13.91 208.024782  65.159680  3.958
 66    61.733 54514.28648422 13.56 208.021772  65.162780  3.958
 66    61.325 54514.28648487 14.55 208.018762  65.165890  3.958
 66    60.891 54514.28648551 14.25 208.015742  65.168990  3.958
 66    60.460 54514.28648616 13.49 208.012731  65.172098  4.081
 67    61.331 54549.28650659 13.52 208.040811  65.161689  3.849
 67    61.435 54549.28650723 13.78 208.037801  65.164799  3.849
 67    61.391 54549.28650788 12.14 208.034791  65.167899  3.849
 67    61.111 54549.28650852 12.71 208.031781  65.170999  3.849
 67    60.846 54549.28650917 12.44 208.028774  65.174105  3.197
 67    60.350 54549.28650981 12.30 208.025764  65.177205  3.197
 68    60.899 54584.28647852 33.14 208.037994  65.156573 24.663
 68    60.708 54584.28647916 37.94 208.034984  65.159683 24.663
 68    60.586 54584.28647981 40.34 208.031974  65.162783 24.663
 68    62.392 54584.28648045 32.63 208.028964  65.165883 24.663
 68    61.741 54584.28648110 27.02 208.025952  65.168989  7.714
 68    59.854 54584.28648174 28.68 208.022942  65.172089  7.714
 68    59.494 54584.28648239 28.29 208.019932  65.175199  7.714
 69    62.551 54619.28649853 51.06 208.037773  65.157651 25.942
 69    62.414 54619.28649917 51.72 208.034763  65.160761 25.942
 69    62.398 54619.28649981 53.01 208.031753  65.163861 25.942
 69    62.235 54619.28650046 47.46 208.028743  65.166961 25.942
 69    62.581 54619.28650110 49.10 208.025732  65.170067 12.930
 69    62.448 54619.28650175 50.94 208.022722  65.173167 12.930
 69    62.341 54619.28650239 49.85 208.019712  65.176277 12.930
 70    62.492 54654.28650939 44.82 208.039254  65.156187 19.663
 70    62.309 54654.28651004 50.17 208.036244  65.159287 19.663
 70    62.236 54654.28651068 53.19 208.033234  65.162397 19.663
 70    62.209 54654.28651133 48.47 208.030224  65.165497 19.663
 70    62.049 54654.28651197 38.51 208.027214  65.168597 19.663
 70    62.127 54654.28651261 35.42 208.024201  65.171702  6.387
 70    62.066 54654.28651326 34.63 208.021191  65.174802  6.387
 71    62.884 54689.28649750 47.24 208.042140  65.159076 27.329
 71    62.837 54689.28649815 49.03 208.039130  65.162176 27.329
 71    62.800 54689.28649879 44.15 208.036120  65.165276 27.329
 71    62.753 54689.28649944 40.77 208.033110  65.168386 27.329
 71    62.704 54689.28650008 42.89 208.030100  65.171486 27.329
 71    62.703 54689.28650073 53.29 208.027090  65.174586 27.329
 71    62.718 54689.28650137 47.92 208.024074  65.177691  7.880
 72    61.806 54724.28645847 25.78 208.030255  65.154861 22.484
 72    61.625 54724.28645912 30.50 208.027245  65.157971 22.484
 72    61.620 54724.28645976 30.41 208.024225  65.161071 22.484
 72    61.383 54724.28646041 31.25 208.021215  65.164171 22.484
 72    61.719 54724.28646105 22.50 208.018204  65.167273  4.045
 72    61.682 54724.28646169 22.11 208.015194  65.170383  4.045
 72    60.982 54724.28646234 20.30 208.012184  65.173483  4.045
 73    60.993 54759.28647317 33.90 208.040386  65.157132 17.598
 73    60.726 54759.28647381 36.96 208.037376  65.160232 17.598
 73    60.582 54759.28647446 48.06 208.034366  65.163332 17.598
 73    60.620 54759.28647510 46.07 208.031356  65.166442 17.598
 73    60.557 54759.28647575 35.79 208.028346  65.169542 17.598
 73    60.805 54759.28647639 47.84 208.025336  65.172642 17.598
 73    60.788 54759.28647703 44.05 208.022321  65.175745  9.092
 74    61.861 54794.28645133 18.59 208.027778  65.152673  5.819
 74    61.767 54794.28645197 17.94 208.024768  65.155773  5.819
 74    61.434 54794.28645262 18.26 208.021758  65.158883  5.819
 74    61.234 54794.28645326 19.14 208.018748  65.161983  5.819
 74    61.266 54794.28645390 18.61 208.015732  65.165091  3.739
 74    61.351 54794.28645455 17.90 208.012722  65.168191  3.739
 74    61.356 54794.28645519 17.44 208.009702  65.171291  3.739
 75    61.772 54829.28647262 15.14 208.037166  65.157705  4.024
 75    61.698 54829.28647326 15.49 208.034156  65.160805  4.024
 75    61.631 54829.28647390 15.43 208.031146  65.163915  4.024
 75    61.556 54829.28647455 15.49 208.028136  65.167015  4.024
 75    61.535 54829.28647519 15.14 208.025126  65.170115  4.024
 75    61.414 54829.28647584 14.67 208.022111  65.173219  3.607
 75    61.315 54829.28647648 14.61 208.019101  65.176319  3.607
 76    61.984 54864.28644589 12.66 208.032631  65.153527  3.499
 76    62.440 54864.28644654 11.90 208.029621  65.156627  3.499
 76    62.142 54864.28644718 11.99 208.026611  65.159737  3.499
 76    61.993 54864.28644783 11.69 208.023601  65.162837  3.499
 76    61.718 54864.28644847 12.93 208.020591  65.165938  3.054
 76    61.421 54864.28644912 13.01 208.017571  65.169048  3.054
 76    61.218 54864.28644976 12.02 208.014561  65.172148  3.054
 77    62.223 54899.28647195  8.11 208.040852  65.157982  2.949
 77    62.021 54899.28647260  7.58 208.037842  65.161082  2.949
 77    61.935 54899.28647324  7.29 208.034832  65.164192  2.949
 77    61.784 54899.28647389  6.82 208.031822  65.167292  2.949
 77    65.877 54899.28647453  6.40 208.028812  65.170392  2.949
 77    61.641 54899.28647518  6.46 208.025804  65.173496  2.278
 77    68.025 54899.28647582  5.77 208.022794  65.176606  2.278
 78    61.967 54934.28644002 21.30 208.031769  65.157349  8.319
 78    61.997 54934.28644067 25.61 208.028759  65.160459  8.319
 78    62.198 54934.28644131 22.93 208.025749  65.163559  8.319
 78    61.713 54934.28644196 20.62 208.022739  65.166659  8.319
 78    61.343 54934.28644260 19.33 208.019724  65.169762  6.432
 78    60.620 54934.28644325 17.38 208.016714  65.172872  6.432
 79    63.256 54969.28647378 48.86 208.036625  65.158542 31.560
 79    63.334 54969.28647442 51.48 208.033615  65.161642 31.560
 79    63.230 54969.28647507 54.57 208.030605  65.164752 31.560
 79    63.302 54969.28647571 47.73 208.027595  65.167852 31.560
 79    63.183 54969.28647636 49.49 208.024575  65.170952 31.560
 79    63.226 54969.28647700 52.42 208.021566  65.174057 10.769
 80    62.750 55004.28649324 24.62 208.035555  65.157631 28.184
 80    62.583 55004.28649389 24.47 208.032545  65.160731 28.184
 80    62.810 55004.28649453 31.01 208.029535  65.163841 28.184
 80    62.876 55004.28649518 37.84 208.026525  65.166941 28.184
 80    62.861 55004.28649582 34.08 208.023515  65.170041 28.184
 80    62.774 55004.28649647 25.49 208.020504  65.173145  4.778
 80    62.345 55004.28649711 23.22 208.017484  65.176255  4.778
 81    61.770 55039.28648014 37.74 208.041382  65.156454 13.361
 81    61.713 55039.28648078 35.63 208.038372  65.159564 13.361
 81    61.671 55039.28648143 34.88 208.035362  65.162664 13.361
 81    61.595 55039.28648207 33.79 208.032352  65.165764 13.361
 81    61.524 55039.28648272 33.51 208.029342  65.168874 13.361
 81    61.471 55039.28648336 33.60 208.026332  65.171974 13.361
 81    61.502 55039.28648401 35.90 208.023312  65.175074 13.361
 82    61.611 55074.28646468 41.93 208.043017  65.159786 21.713
 82    61.290 55074.28646532 36.59 208.040007  65.162886 21.713
 82    61.454 55074.28646596 31.65 208.036997  65.165986 21.713
 82    61.264 55074.28646661 36.67 208.033987  65.169096 21.713
 82    61.308 55074.28646725 30.99 208.030977  65.172196 21.713
 82    61.319 55074.28646790 28.23 208.027967  65.175296 21.713
 82    60.719 55074.28646854 22.30 208.024952  65.178402  3.450
 83    61.216 55109.28641250 30.37 208.031900  65.155001 29.498
 83    60.970 55109.28641315 34.06 208.028890  65.158101 29.498
 83    60.811 55109.28641379 36.62 208.025870  65.161211 29.498
 83    60.932 55109.28641444 44.52 208.022860  65.164311 29.498
 83    60.810 55109.28641508 34.54 208.019850  65.167411 29.498
 83    60.441 55109.28641573 27.17 208.016835  65.170512  5.522
 83    60.048 55109.28641637 22.65 208.013825  65.173622  5.522
 84    60.903 55144.28641663 30.90 208.038740  65.158772 11.878
 84    60.726 55144.28641727 32.50 208.035730  65.161872 11.878
 84    60.612 55144.28641792 33.34 208.032720  65.164982 11.878
 84    60.448 55144.28641856 30.47 208.029710  65.168082 11.878
 84    60.503 55144.28641921 27.97 208.026700  65.171182 11.878
 84    60.510 55144.28641985 30.55 208.023694  65.174285  7.046
 85    63.764 55179.28638710 15.28 208.027277  65.154971  5.265
 85    62.648 55179.28638775 15.79 208.024267  65.158081  5.265
 85    61.328 55179.28638839 15.43 208.021257  65.161181  5.265
 85    60.728 55179.28638904 15.12 208.018244  65.164282  3.441
 85    60.552 55179.28638968 14.64 208.015224  65.167392  3.441
 85    60.604 55179.28639033 15.36 208.012214  65.170492  3.441
 85    60.664 55179.28639097 13.93 208.009204  65.173592  3.441
 86    62.009 55214.28641137 12.79 208.038536  65.159234  3.595
 86    61.017 55214.28641202 13.23 208.035526  65.162334  3.595
 86    60.774 55214.28641266 13.34 208.032516  65.165444  3.595
 86    60.613 55214.28641331 14.01 208.029506  65.168544  3.595
 86    60.270 55214.28641395 12.75 208.026496  65.171644  3.595
 86    60.236 55214.28641459 12.24 208.023484  65.174748  2.646
 87    62.096 55249.28638537 12.81 208.033770  65.155519  3.418
 87    62.131 55249.28638602 12.33 208.030760  65.158619  3.418
 87    61.187 55249.28638666 12.05 208.027750  65.161719  3.418
 87    60.718 55249.28638731 12.29 208.024730  65.164829  3.418
 87    60.522 55249.28638795 12.14 208.021720  65.167929  3.418
 87    60.250 55249.28638860 11.29 208.018707  65.171028  2.971
 87    60.028 55249.28638924 11.07 208.015697  65.174138  2.971
 88    60.924 55284.28640508 13.75 208.041575  65.158943  4.654
 88    60.889 55284.28640572 13.40 208.038565  65.162043  4.654
 88    60.769 55284.28640637 13.65 208.035555  65.165153  4.654
 88    60.488 55284.28640701 12.68 208.032545  65.168253  4.654
 88    67.215 55284.28640765 12.00 208.029535  65.171353  4.654
 88    68.056 55284.28640830 11.21 208.026525  65.174458  3.065
 88    69.489 55284.28640894 10.25 208.023515  65.177558  3.065
 89    61.287 55319.28637672 40.35 208.037136  65.158444 30.659
 89    61.184 55319.28637737 43.99 208.034126  65.161554 30.659
 89    61.122 55319.28637801 42.29 208.031116  65.164654 30.659
 89    61.031 55319.28637866 39.58 208.028106  65.167764 30.659
 89    61.229 55319.28637930 40.09 208.025096  65.170861 10.292
 89    60.995 55319.28637994 37.41 208.022086  65.173961 10.292
 90    61.727 55354.28637828 47.31 208.039801  65.158662 29.099
 90    61.561 55354.28637892 49.87 208.036791  65.161762 29.099
 90    61.513 55354.28637957 47.22 208.033781  65.164872 29.099
 90    61.424 55354.28638021 41.24 208.030771  65.167972 29.099
 90    61.647 55354.28638086 45.66 208.027761  65.171072 29.099
 90    61.504 55354.28638150 53.72 208.024753  65.174178 10.168
 91    62.445 55389.28637659 32.68 208.030412  65.155369 28.414
 91    62.370 55389.28637723 27.38 208.027402  65.158469 28.414
 91    62.301 55389.28637788 23.21 208.024392  65.161579 28.414
 91    62.434 55389.28637852 21.48 208.021382  65.164679 28.414
 91    62.487 55389.28637917 30.84 208.018368  65.167780  4.784
 91    62.408 55389.28637981 23.38 208.015358  65.170890  4.784
 91    62.151 55389.28638046 18.44 208.012338  65.173990  4.784
 92    64.371 55424.28639579 21.00 208.038442  65.159278 17.893
 92    64.286 55424.28639644 21.40 208.035432  65.162378 17.893
 92    64.220 55424.28639708 27.52 208.032422  65.165488 17.893
 92    64.952 55424.28639772 31.85 208.029412  65.168588 17.893
 92    64.511 55424.28639837 19.69 208.026402  65.171688 17.893
 92    63.147 55424.28639901 19.18 208.023386  65.174792  3.802
 93    61.556 55459.28636737 33.93 208.039240  65.166287 16.238
 93    61.542 55459.28636801 34.82 208.036230  65.169387 16.238
 93    61.541 55459.28636866 30.20 208.033210  65.172497 16.238
 93    61.423 55459.28636930 26.83 208.030200  65.175597 16.238
 93    61.055 55459.28636995 19.65 208.027190  65.178697 16.238
