-228973.125    -5.328     0.00    0.00
-228594.604    -5.328     0.00    0.00
-228216.157    -5.328     0.00    0.00
-227837.782    -5.328     0.00    0.00
-227459.480    -5.328     0.00    0.00
-227081.251    -5.328     0.00    0.00
-226703.095    -5.328     0.00    0.00
-226325.012    -5.328     0.00    0.00
-225947.002    -5.328     0.00    0.00
-225569.065    -5.328     0.00    0.00
-225191.200    -5.328     0.00    0.00
-224813.408    -5.328     0.00    0.00
-224435.688    -5.328     0.00    0.00
-224058.042    -5.328     0.00    0.00
-223680.467    -5.328     0.00    0.00
-223302.966    -5.328     0.00    0.00
-222925.536    -5.328     0.00    0.00
-222548.179    -5.328     0.00    0.00
-222170.895    -5.328     0.00    0.00
-221793.683    -5.328     0.00    0.00
-221416.543    -5.328     0.00    0.00
-221039.476    -5.328     0.00    0.00
-220662.481    -5.328     0.00    0.00
-220285.557    -5.328     0.00    0.00
-219908.707    -5.328     0.00    0.00
-219531.928    -5.328     0.00    0.00
-219155.221    -5.328     0.00    0.00
-218778.586    -5.328     0.00    0.00
-218402.024    -5.328     0.00    0.00
-218025.533    -5.328     0.00    0.00
-217649.114    -5.328     0.00    0.00
-217272.767    -5.328     0.00    0.00
-216896.492    -5.328     0.00    0.00
-216520.288    -5.328     0.00    0.00
-216144.157    -5.328     0.00    0.00
-215768.097    -5.328     0.00    0.00
-215392.108    -5.328     0.00    0.00
-215016.192    -5.328     0.00    0.00
-214640.346    -5.328     0.00    0.00
-214264.573    -5.328     0.00    0.00
-213888.871    -5.328     0.00    0.00
-213513.240    -5.328     0.00    0.00
-213137.681    -5.328     0.00    0.00
-212762.193    -5.328     0.00    0.00
-212386.776    -5.328     0.00    0.00
-212011.431    -5.328     0.00    0.00
-211636.157    -5.328     0.00    0.00
-211260.954    -5.328     0.00    0.00
-210885.823    -5.328     0.00    0.00
-210510.762    -5.328     0.00    0.00
-210135.773    -5.328     0.00    0.00
-209760.855    -5.328     0.00    0.00
-209386.007    -5.328     0.00    0.00
-209011.231    -5.328     0.00    0.00
-208636.525    -5.328     0.00    0.00
-208261.891    -5.328     0.00    0.00
-207887.327    -5.328     0.00    0.00
-207512.834    -5.328     0.00    0.00
-207138.412    -5.328     0.00    0.00
-206764.061    -5.328     0.00    0.00
-206389.780    -5.328     0.00    0.00
-206015.570    -5.328     0.00    0.00
-205641.430    -5.328     0.00    0.00
-205267.362    -5.328     0.00    0.00
-204893.363    -5.328     0.00    0.00
-204519.435    -5.328     0.00    0.00
-204145.578    -5.328     0.00    0.00
-203771.791    -5.328     0.00    0.00
-203398.074    -5.328     0.00    0.00
-203024.428    -5.328     0.00    0.00
-202650.852    -5.328     0.00    0.00
-202277.346    -5.328     0.00    0.00
-201903.911    -5.328     0.00    0.00
-201530.545    -5.328     0.00    0.00
-201157.250    -5.328     0.00    0.00
-200784.025    -5.328     0.00    0.00
-200410.870    -5.328     0.00    0.00
-200037.785    -5.328     0.00    0.00
-199664.770    -5.328     0.00    0.00
-199291.825    -5.328     0.00    0.00
-198918.949    -5.328     0.00    0.00
-198546.144    -5.328     0.00    0.00
-198173.408    -5.328     0.00    0.00
-197800.742    -5.328     0.00    0.00
-197428.146    -5.328     0.00    0.00
-197055.620    -5.328     0.00    0.00
-196683.163    -5.328     0.00    0.00
-196310.776    -5.328     0.00    0.00
-195938.459    -5.328     0.00    0.00
-195566.211    -5.328     0.00    0.00
-195194.032    -5.328     0.00    0.00
-194821.923    -5.328     0.00    0.00
-194449.884    -5.328     0.00    0.00
-194077.914    -5.328     0.00    0.00
-193706.013    -5.328     0.00    0.00
-193334.182    -5.328     0.00    0.00
-192962.419    -5.328     0.00    0.00
-192590.726    -5.328     0.00    0.00
-192219.103    -5.328     0.00    0.00
-191847.548    -5.328     0.00    0.00
-191476.063    -5.328     0.00    0.00
-191104.646    -5.328     0.00    0.00
-190733.299    -5.328     0.00    0.00
-190362.020    -5.328     0.00    0.00
-189990.811    -5.328     0.00    0.00
-189619.671    -5.328     0.00    0.00
-189248.599    -5.328     0.00    0.00
-188877.596    -5.328     0.00    0.00
-188506.662    -5.328     0.00    0.00
-188135.797    -5.328     0.00    0.00
-187765.001    -5.328     0.00    0.00
-187394.273    -5.328     0.00    0.00
-187023.614    -5.328     0.00    0.00
-186653.024    -5.328     0.00    0.00
-186282.502    -5.292     0.10    0.33
-185912.049    -4.916     1.02    2.26
-185541.664    -4.840     0.21    2.60
-185171.348    -5.328    -1.32    0.00
-184801.100    -5.208     0.33    0.55
-184430.920    -4.465     2.01    2.33
-184060.809    -3.135     3.59    3.81
-183690.767    -0.458     7.24    5.99
-183320.792     4.683    13.90    8.70
-182950.886    10.531    15.81   10.88
-182581.048    17.221    18.09   11.12
-182211.278    19.267     5.54   12.08
-181841.576    17.501    -4.78   12.94
-181471.943    12.522   -13.47   11.12
-181102.377     7.897   -12.52    7.87
-180732.879     4.362    -9.57    5.41
-180363.450     2.009    -6.37    4.07
-179994.088     1.131    -2.38    3.45
-179624.794     0.509    -1.68    3.49
-179255.569    -0.093    -1.63    3.38
-178886.410    -0.784    -1.87    3.01
-178517.320    -1.689    -2.45    2.19
-178148.298    -2.365    -1.83    2.02
-177779.343    -2.995    -1.71    1.85
-177410.456    -3.414    -1.14    1.59
-177041.636    -3.163     0.68    1.72
-176672.885    -2.462     1.90    2.21
-176304.200     2.660    13.90   11.20
-175935.584     9.307    18.04   15.89
-175567.034    13.118    10.34   15.94
-175198.553    12.334    -2.13   14.33
-174830.138     8.648   -10.01   11.74
-174461.791     3.872   -12.97    9.36
-174093.512     1.184    -7.30   10.10
-173725.299    -1.479    -7.23    9.37
-173357.154    -4.650    -8.61    3.22
-172989.077    -5.328    -1.84    0.00
-172621.066    -5.328     0.00    0.00
-172253.123    -5.328     0.00    0.00
-171885.246    -5.328     0.00    0.00
-171517.437    -5.328     0.00    0.00
-171149.695    -5.328     0.00    0.00
-170782.020    -5.328     0.00    0.00
-170414.412    -5.328     0.00    0.00
-170046.871    -5.328     0.00    0.00
-169679.396    -5.328     0.00    0.00
-169311.989    -5.328     0.00    0.00
-168944.648    -5.328     0.00    0.00
-168577.374    -5.328     0.00    0.00
-168210.167    -5.328     0.00    0.00
-167843.027    -5.328     0.00    0.00
-167475.953    -5.328     0.00    0.00
-167108.946    -5.328     0.00    0.00
-166742.006    -5.328     0.00    0.00
-166375.132    -5.328     0.00    0.00
-166008.325    -5.328     0.00    0.00
-165641.584    -5.328     0.00    0.00
-165274.910    -5.328     0.00    0.00
-164908.302    -5.328     0.00    0.00
-164533.711    -5.328     0.00    0.00
-164153.350    -5.328     0.00    0.00
-163773.062    -5.328     0.00    0.00
-163392.846    -5.328     0.00    0.00
-163012.701    -5.328     0.00    0.00
-162632.629    -5.328     0.00    0.00
-162252.630    -5.328     0.00    0.00
-161872.702    -5.328     0.00    0.00
-161492.846    -5.328     0.00    0.00
-161113.062    -5.328     0.00    0.00
-160733.350    -5.328     0.00    0.00
-160353.710    -5.328     0.00    0.00
-159974.141    -5.328     0.00    0.00
-159594.645    -5.328     0.00    0.00
-159215.220    -5.328     0.00    0.00
-158835.867    -5.328     0.00    0.00
-158456.586    -5.328     0.00    0.00
-158077.376    -5.328     0.00    0.00
-157698.238    -5.328     0.00    0.00
-157319.171    -5.328     0.00    0.00
-156940.176    -5.328     0.00    0.00
-156561.253    -5.328     0.00    0.00
-156182.401    -5.328     0.00    0.00
-155803.620    -5.328     0.00    0.00
-155424.911    -5.328     0.00    0.00
-155046.272    -5.328     0.00    0.00
-154667.706    -5.328     0.00    0.00
-154289.210    -5.328     0.00    0.00
-153910.786    -5.328     0.00    0.00
-153532.432    -5.328     0.00    0.00
-153154.150    -5.328     0.00    0.00
-152775.939    -5.328     0.00    0.00
-152397.799    -5.328     0.00    0.00
-152019.730    -5.328     0.00    0.00
-151641.732    -5.328     0.00    0.00
-151263.805    -5.328     0.00    0.00
-150885.949    -5.328     0.00    0.00
-150508.163    -5.328     0.00    0.00
-150130.449    -5.328     0.00    0.00
-149752.805    -5.328     0.00    0.00
-149375.231    -5.328     0.00    0.00
-148997.729    -5.328     0.00    0.00
-148620.297    -5.328     0.00    0.00
-148242.936    -5.328     0.00    0.00
-147865.645    -5.328     0.00    0.00
-147488.425    -5.328     0.00    0.00
-147111.275    -5.328     0.00    0.00
-146734.196    -5.328     0.00    0.00
-146357.187    -5.328     0.00    0.00
-145980.248    -5.328     0.00    0.00
-145603.380    -5.328     0.00    0.00
-145226.582    -5.328     0.00    0.00
-144849.854    -5.328     0.00    0.00
-144473.197    -5.328     0.00    0.00
-144096.609    -5.328     0.00    0.00
-143720.092    -5.328     0.00    0.00
-143343.645    -5.328     0.00    0.00
-142967.268    -5.328     0.00    0.00
-142590.961    -5.328     0.00    0.00
-142214.724    -5.328     0.00    0.00
-141838.557    -5.328     0.00    0.00
-141462.459    -5.328     0.00    0.00
-141086.432    -5.328     0.00    0.00
-140710.474    -5.328     0.00    0.00
-140334.586    -5.328     0.00    0.00
-139958.768    -5.328     0.00    0.00
-139583.020    -5.328     0.00    0.00
-139207.341    -5.328     0.00    0.00
-138831.732    -5.328     0.00    0.00
-138456.192    -5.328     0.00    0.00
-138080.722    -5.328     0.00    0.00
-137705.322    -5.328     0.00    0.00
-137329.991    -5.328     0.00    0.00
-136954.729    -5.328     0.00    0.00
-136579.537    -5.328     0.00    0.00
-136204.414    -5.328     0.00    0.00
-135829.360    -5.328     0.00    0.00
-135454.376    -5.235     0.25    0.42
-135079.461    -4.961     0.73    0.89
-134704.615    -4.196     2.04    1.87
-134329.838    -2.566     4.35    3.95
-133955.131     1.090     9.76    7.59
-133580.492     8.547    19.91   17.38
-133205.923    21.269    33.97   31.65
-132831.422    30.067    23.49   34.77
-132456.991    30.442     1.00   34.23
-132082.628    25.227   -13.93   31.21
-131708.335    14.501   -28.66   22.59
-131334.110     5.622   -23.73   13.09
-130959.954     0.928   -12.55    8.37
-130585.867    -1.938    -7.66    5.14
-130211.848    -3.834    -5.07    2.74
-129837.898    -4.699    -2.31    1.43
-129464.017    -5.046    -0.93    0.89
-129090.205    -5.147    -0.27    0.70
-128716.461    -5.232    -0.23    0.40
-128342.785    -5.078     0.41    0.80
-127969.178    -4.611     1.25    1.69
-127595.640    -3.952     1.76    2.52
-127222.170    -3.352     1.61    3.45
-126848.769    -2.241     2.98    5.02
-126475.435    -1.007     3.31    6.25
-126102.171     0.922     5.17    7.65
-125728.974     3.767     7.62    9.39
-125355.846     8.857    13.64   11.62
-124982.786    13.565    12.62   12.84
-124609.794    17.342    10.13   13.58
-124236.870    20.958     9.69   13.47
-123864.014    25.272    11.57   12.80
-123491.226    27.874     6.98   11.36
-123118.507    29.374     4.02   10.04
-122745.855    31.237     5.00    9.67
-122373.272    34.197     7.95    9.69
-122000.756    36.840     7.10    8.81
-121628.308    38.057     3.27    6.12
-121255.928    39.295     3.32    4.64
-120883.616    40.322     2.76    3.94
-120511.371    41.001     1.82    2.85
-120139.195    40.985    -0.04    3.14
-119767.085    41.660     1.81    3.69
-119395.044    43.919     6.07    5.04
-119023.070    47.099     8.55    5.03
-118651.164    50.257     8.49    4.45
-118279.325    51.742     3.99    4.14
-117907.554    50.499    -3.34    5.33
-117535.851    45.989   -12.13    8.04
-117164.214    41.294   -12.63    8.31
-116792.646    39.811    -3.99    6.76
-116421.144    40.247     1.17    7.25
-116049.710    43.843     9.68    7.24
-115678.343    47.795    10.64    5.52
-115307.044    50.982     8.58    4.10
-114935.811    52.912     5.20    2.42
-114564.646    53.928     2.74    1.66
-114193.548    54.520     1.60    1.28
-113822.517    53.531    -2.67    2.59
-113451.553    51.330    -5.93    4.28
-113080.656    47.981    -9.03    4.77
-112709.826    44.938    -8.21    3.44
-112339.063    42.989    -5.25    2.87
-111968.367    41.056    -5.22    2.88
-111597.738    39.660    -3.77    3.97
-111227.176    37.684    -5.33    5.00
-110856.681    36.495    -3.21    5.23
-110486.252    36.203    -0.79    4.92
-110115.890    35.455    -2.02    3.84
-109745.595    34.001    -3.93    3.83
-109375.366    32.218    -4.82    4.00
-109005.204    30.943    -3.44    4.38
-108635.109    30.282    -1.79    4.74
-108265.080    29.746    -1.45    4.66
-107895.118    29.521    -0.61    3.72
-107525.222    29.240    -0.76    2.38
-107155.393    29.269     0.08    1.46
-106785.630    29.172    -0.26    1.30
-106415.934    28.720    -1.22    1.33
-106046.304    28.330    -1.05    1.35
-105676.740    28.355     0.07    1.87
-105307.242    28.184    -0.46    2.42
-104937.811    27.322    -2.33    4.00
-104568.446    24.997    -6.30    7.02
-104199.147    21.529    -9.39    8.20
-103829.914    18.166    -9.11    8.53
-103460.747    16.550    -4.38    8.10
-103091.647    17.803     3.39    8.03
-102722.612    19.874     5.61    7.15
-102353.644    23.100     8.74    4.74
-101984.741    25.039     5.26    1.20
-101615.904    24.660    -1.03    2.09
-101247.133    23.722    -2.54    3.74
-100878.428    19.898   -10.37    7.95
-100509.789    16.887    -8.17    8.59
-100141.216    14.949    -5.26    8.11
 -99772.708    15.880     2.53    8.12
 -99404.266    20.513    12.58    8.42
 -99035.890    24.672    11.29    6.57
 -98667.579    27.479     7.62    2.70
 -98299.334    28.069     1.60    0.98
 -97931.155    27.965    -0.28    1.08
 -97563.041    27.872    -0.25    1.29
 -97194.992    27.743    -0.35    1.33
 -96827.009    27.391    -0.96    1.34
 -96459.092    26.952    -1.19    0.92
 -96091.239    26.684    -0.73    0.77
 -95723.453    26.550    -0.37    0.57
 -95355.731    26.647     0.27    0.38
 -94988.075    26.720     0.20    0.22
 -94620.484    26.562    -0.43    0.52
 -94252.958    25.928    -1.73    1.09
 -93885.498    25.038    -2.42    1.39
 -93518.102    24.069    -2.64    1.25
 -93150.772    23.838    -0.63    1.11
 -92783.507    24.034     0.53    1.30
 -92416.306    24.367     0.91    1.19
 -92049.171    24.178    -0.51    1.55
 -91682.101    23.295    -2.41    1.97
 -91315.096    22.403    -2.43    2.14
 -90948.155    21.721    -1.86    2.18
 -90581.280    21.277    -1.21    2.53
 -90214.469    21.041    -0.64    2.94
 -89843.399    19.887    -3.11    4.13
 -89463.183    16.916    -7.82    5.34
 -89083.037    14.303    -6.87    4.91
 -88702.961    13.196    -2.91    3.91
 -88322.956    13.749     1.45    3.54
 -87943.021    16.600     7.51    4.08
 -87563.156    19.160     6.74    3.90
 -87183.362    20.782     4.27    3.24
 -86803.637    22.135     3.57    2.21
 -86423.982    22.879     1.96    1.78
 -86044.398    23.574     1.83    1.49
 -85664.883    24.203     1.66    1.18
 -85285.439    24.767     1.49    0.83
 -84906.064    24.292    -1.25    2.10
 -84526.759    21.734    -6.75    5.11
 -84147.524    18.988    -7.24    5.65
 -83768.359    15.563    -9.03    5.08
 -83389.263    13.031    -6.68    3.12
 -83010.237    14.635     4.23    5.02
 -82631.281    17.014     6.28    6.15
 -82252.395    20.086     8.11    5.63
 -81873.578    22.874     7.36    3.26
 -81494.831    22.371    -1.33    3.47
 -81116.153    19.416    -7.80    5.38
 -80737.544    16.045    -8.90    5.69
 -80359.006    12.611    -9.07    3.48
 -79980.536    11.501    -2.93    1.68
 -79602.136    12.550     2.77    2.06
 -79223.805    13.916     3.61    2.03
 -78845.544    15.136     3.23    1.65
 -78467.351    15.431     0.78    1.83
 -78089.228    14.977    -1.20    2.38
 -77711.174    13.826    -3.04    3.11
 -77333.190    12.160    -4.41    3.06
 -76955.274    10.813    -3.56    2.18
 -76577.427    10.404    -1.08    1.03
 -76199.650    10.236    -0.44    0.55
 -75821.941    10.391     0.41    0.50
 -75444.302    10.338    -0.14    0.71
 -75066.731    10.307    -0.08    0.78
 -74689.229    10.447     0.37    0.48
 -74311.796    10.487     0.11    0.42
 -73934.432    10.422    -0.17    0.44
 -73557.136    10.286    -0.36    0.49
 -73179.909    10.264    -0.06    0.61
 -72802.751    10.252    -0.03    0.74
 -72425.662    10.355     0.27    0.84
 -72048.641    10.294    -0.16    0.84
 -71671.689     9.940    -0.94    0.75
 -71294.805     9.659    -0.74    0.68
 -70917.990     9.610    -0.13    0.68
 -70541.243     9.772     0.43    0.87
 -70164.565    10.248     1.26    1.22
 -69787.955    11.067     2.17    1.81
 -69411.413    11.906     2.23    2.38
 -69034.940    12.330     1.13    2.47
 -68658.535    12.077    -0.67    2.48
 -68282.198    11.282    -2.11    2.02
 -67905.930    10.708    -1.53    1.15
 -67529.729    11.082     0.99    1.28
 -67153.597    12.166     2.88    1.60
 -66777.533    13.529     3.63    1.53
 -66401.537    14.733     3.20    1.90
 -66025.608    15.762     2.74    2.20
 -65649.748    16.513     2.00    2.57
 -65273.956    17.026     1.37    2.84
 -64898.232    17.612     1.56    2.93
 -64522.575    18.818     3.21    2.70
 -64146.987    19.993     3.13    2.30
 -63771.466    21.747     4.67    2.07
 -63396.013    23.233     3.96    1.81
 -63020.627    24.462     3.27    1.18
 -62645.310    24.857     1.05    0.87
 -62270.060    23.891    -2.57    2.86
 -61894.877    21.745    -5.72    5.03
 -61519.762    18.391    -8.94    6.54
 -61144.715    15.400    -7.98    6.65
 -60769.735    12.501    -7.73    4.89
 -60394.823    11.330    -3.12    2.66
 -60019.978    11.525     0.52    2.39
 -59645.200    12.598     2.86    2.88
 -59270.490    13.447     2.27    3.10
 -58895.847    15.388     5.18    4.36
 -58521.272    18.419     8.09    5.18
 -58146.763    21.597     8.49    3.97
 -57772.322    23.882     6.10    1.78
 -57397.948    24.484     1.61    0.84
 -57023.642    24.505     0.06    0.99
 -56649.402    24.165    -0.91    1.29
 -56275.229    22.745    -3.80    3.17
 -55901.123    20.685    -5.51    4.99
 -55527.085    19.074    -4.31    5.43
 -55153.113    19.082     0.02    5.38
 -54779.208    20.481     3.74    4.93
 -54405.371    22.505     5.41    3.64
 -54031.599    23.977     3.94    1.82
 -53657.895    24.593     1.65    0.36
 -53284.258    24.660     0.18    0.11
 -52910.687    24.672     0.03    0.00
 -52537.183    24.672     0.00    0.00
 -52163.746    24.672     0.00    0.00
 -51790.375    24.672     0.00    0.00
 -51417.071    24.672     0.00    0.00
 -51043.833    24.672     0.00    0.00
 -50670.662    24.619    -0.14    0.22
 -50297.558    24.221    -1.07    0.97
 -49924.520    23.518    -1.88    1.56
 -49551.548    21.806    -4.59    2.77
 -49178.643    19.428    -6.38    3.85
 -48805.804    16.696    -7.33    4.25
 -48433.031    15.014    -4.51    3.74
 -48060.325    15.077     0.17    4.40
 -47687.685    15.763     1.84    4.97
 -47315.111    17.830     5.55    5.39
 -46942.603    20.217     6.41    4.74
 -46570.162    22.450     5.99    3.17
 -46197.786    23.867     3.81    1.41
 -45825.477    24.269     1.08    1.04
 -45453.233    24.343     0.20    0.91
 -45081.056    24.440     0.26    0.61
 -44708.944    24.347    -0.25    0.94
 -44336.899    23.949    -1.07    1.50
 -43964.919    23.750    -0.54    1.60
 -43593.005    23.647    -0.28    1.48
 -43221.157    23.464    -0.49    1.51
 -42849.375    23.029    -1.17    1.57
 -42477.659    22.386    -1.73    1.59
 -42106.008    21.513    -2.35    1.67
 -41734.423    20.830    -1.84    1.54
 -41362.904    20.513    -0.85    1.63
 -40991.450    20.555     0.11    1.95
 -40620.062    21.388     2.24    2.33
 -40248.739    22.290     2.43    2.30
 -39877.482    22.940     1.75    2.38
 -39506.290    23.317     1.01    2.66
 -39135.164    24.154     2.26    3.45
 -38764.103    25.448     3.49    4.25
 -38393.107    27.612     5.83    5.21
 -38022.177    29.698     5.63    4.94
 -37651.312    30.993     3.49    5.01
 -37280.513    31.749     2.04    6.06
 -36909.778    35.215     9.35   11.61
 -36539.109    42.159    18.73   19.95
 -36168.505    55.952    37.22   32.44
 -35797.966    68.308    33.35   36.75
 -35427.492    80.791    33.69   36.88
 -35057.083    98.422    47.60   39.73
 -34686.740   111.922    36.45   40.65
 -34316.461   126.100    38.29   39.73
 -33946.247   130.094    10.79   39.49
 -33576.098   128.441    -4.46   38.82
 -33206.014   121.074   -19.91   33.66
 -32835.995   117.274   -10.27   27.29
 -32466.041   120.055     7.52   27.52
 -32096.151   126.798    18.23   27.88
 -31726.326   130.202     9.20   26.62
 -31356.566   129.222    -2.65   26.86
 -30986.871   122.472   -18.26   28.34
 -30617.240   123.347     2.37   32.77
 -30247.673   116.612   -18.23   36.36
 -29878.172   110.874   -15.53   33.86
 -29508.735   116.734    15.86   35.45
 -29139.362   115.633    -2.98   35.70
 -28770.054   109.298   -17.15   36.36
 -28400.810    97.857   -30.99   32.95
 -28031.631    85.001   -34.82   22.78
 -27662.516    85.289     0.78   23.14
 -27293.466   101.108    42.86   33.53
 -26924.479   115.659    39.44   31.14
 -26555.557   131.783    43.71   30.60
 -26186.700   145.477    37.13   36.57
 -25817.906   140.034   -14.76   37.66
 -25449.177   131.109   -24.21   40.55
 -25080.511   123.784   -19.87   38.41
 -24711.910   129.334    15.06   39.12
 -24343.373   144.836    42.06   40.65
 -23974.900   161.289    44.65   30.96
 -23606.491   169.197    21.47   30.42
 -23238.146   171.351     5.85   37.95
 -22869.865   174.005     7.21   40.17
 -22501.648   173.443    -1.53   42.85
 -22133.494   162.330   -30.19   50.30
 -21765.405   129.684   -88.69   52.43
 -21397.379    96.778   -89.41   37.35
 -21029.417    76.277   -55.72   23.88
 -20661.519    62.308   -37.97   17.62
 -20293.684    52.708   -26.10   16.07
 -19925.913    48.106   -12.51   14.66
 -19558.206    49.795     4.59   17.32
 -19190.562    47.786    -5.47   19.59
 -18822.982    40.208   -20.62   23.68
 -18455.466    32.597   -20.71   22.60
 -18088.013    21.609   -29.90   13.28
 -17720.623    18.059    -9.66    8.29
 -17353.297    18.326     0.73    7.57
 -16986.034    18.018    -0.84    7.67
 -16618.835    19.257     3.38    7.93
 -16251.699    19.393     0.37    7.65
 -15884.626    18.864    -1.44    7.61
 -15517.616    18.252    -1.67    7.95
 -15149.777    17.709    -1.48    7.49
 -14769.706    17.501    -0.55    7.24
 -14389.704    17.413    -0.23    6.87
 -14009.770    16.355    -2.78    6.93
 -13629.904    16.190    -0.43    7.56
 -13250.107    15.229    -2.53    7.49
 -12870.378    17.202     5.20    9.78
 -12490.717    21.392    11.04   13.27
 -12111.125    28.489    18.70   16.78
 -11731.600    34.699    16.36   16.43
 -11352.144    40.042    14.08   15.08
 -10972.756    42.069     5.34   12.83
 -10593.436    39.215    -7.52   13.15
 -10214.185    33.457   -15.18   14.17
  -9835.001    25.859   -20.04   13.86
  -9455.885    15.977   -26.07   10.48
  -9076.837     9.845   -16.18    7.23
  -8697.857     5.585   -11.24    3.82
  -8318.945     3.509    -5.48    1.76
  -7940.101     5.409     5.02    6.61
  -7561.324     8.709     8.71    9.90
  -7182.616    14.391    15.00   11.69
  -6803.975    22.516    21.46   12.29
  -6425.401    29.697    18.97   14.48
  -6046.896    38.777    23.99   17.28
  -5668.458    52.123    35.27   20.78
  -5290.087    59.928    20.63   16.99
  -4911.784    58.840    -2.88   16.63
  -4533.549    51.963   -18.18   17.75
  -4155.381    40.034   -31.54   17.55
  -3777.280    28.950   -29.32   13.32
  -3399.247    24.659   -11.35   11.97
  -3021.281    24.919     0.69   12.10
  -2643.383    29.759    12.81   13.09
  -2265.552    37.234    19.78   16.57
  -1887.788    44.393    18.95   17.73
  -1510.091    47.227     7.50   20.98
  -1132.462    47.890     1.75   27.96
   -754.900    33.109   -39.15   34.24
   -377.404    15.592   -46.40   30.43
      0.024     3.916   -30.94   18.50
    377.385    -5.058   -23.78    0.69
    754.679    -4.513     1.44    0.99
   1131.906    -3.900     1.63    0.91
   1509.066    -3.499     1.06    0.56
   1886.160    -3.328     0.45    0.00
   2263.186    -3.328     0.00    0.00
   2640.146    -3.328     0.00    0.00
   3017.039    -3.328     0.00    0.00
   3393.865    -3.328     0.00    0.00
   3770.624    -3.328     0.00    0.00
   4147.317    -3.328     0.00    0.00
   4523.943    -3.328     0.00    0.00
   4900.502    -3.328     0.00    0.00
   5276.995    -3.328     0.00    0.00
   5653.421    -3.328     0.00    0.00
   6029.781    -3.328     0.00    0.00
   6406.074    -3.328     0.00    0.00
   6782.301    -3.328     0.00    0.00
   7158.462    -3.291     0.10    0.19
   7534.556    -3.185     0.28    0.35
   7910.584    -3.094     0.24    0.43
   8286.545    -3.012     0.22    0.59
   8662.441    -2.896     0.31    0.82
   9038.270    -2.433     1.23    1.10
   9414.032    -1.316     2.97    1.60
   9789.729    -0.046     3.38    1.50
  10165.360     0.943     2.63    1.01
  10540.924     1.527     1.55    0.35
  10916.423     1.634     0.29    0.19
  11291.855     1.621    -0.03    0.22
  11667.222     1.635     0.04    0.25
  12042.522     1.672     0.10    0.00
  12417.757     1.621    -0.14    0.22
  12792.926     1.454    -0.44    0.45
  13168.028     1.314    -0.37    0.58
  13543.066     1.227    -0.23    0.65
  13918.037     1.301     0.20    0.70
  14292.942     1.409     0.29    0.59
  14667.782     2.492     2.89    2.37
  15042.557     5.047     6.82    4.18
  15417.265     6.928     5.02    4.08
  15791.908     7.940     2.70    3.30
  16166.486     8.368     1.14    2.86
  16540.998     7.018    -3.61    3.52
  16915.444     6.516    -1.34    3.63
  17289.825     7.634     2.99    4.65
  17664.141     8.737     2.95    4.80
  18038.391     9.067     0.88    4.83
  18412.576     7.527    -4.12    5.27
  18786.695     5.536    -5.32    4.70
  19160.749     3.540    -5.34    2.99
  19534.738     2.734    -2.15    1.35
  19908.662     2.474    -0.69    0.82
  20282.521     2.459    -0.04    0.72
  20656.314     2.488     0.08    0.63
  21030.042     2.462    -0.07    0.52
  21403.706     2.392    -0.19    0.67
  21777.304     2.160    -0.62    1.21
  22150.837     2.126    -0.09    1.25
  22524.305     2.314     0.50    0.94
  22897.709     2.531     0.58    0.35
  23271.047     2.622     0.24    0.22
  23644.320     2.646     0.06    0.16
  24017.529     2.561    -0.23    0.42
  24390.673     2.482    -0.21    0.56
  24763.752     2.550     0.18    0.43
  25136.766     2.377    -0.46    0.84
  25509.716     2.047    -0.89    1.13
  25882.601     1.992    -0.15    1.15
  26255.421     2.022     0.08    1.14
  26628.177     2.372     0.94    0.85
  27000.868     2.672     0.80    0.00
  27373.495     2.672     0.00    0.00
  27746.057     2.672     0.00    0.00
  28118.554     2.672     0.00    0.00
  28490.988     2.672     0.00    0.00
  28863.356     2.672     0.00    0.00
  29235.661     2.672     0.00    0.00
  29607.901     2.672     0.00    0.00
  29980.077     2.672     0.00    0.00
  30352.188     2.672     0.00    0.00
  30724.236     2.672     0.00    0.00
  31096.219     2.672     0.00    0.00
  31468.138     2.672     0.00    0.00
  31839.993     2.672     0.00    0.00
  32211.783     2.672     0.00    0.00
  32583.510     2.672     0.00    0.00
  32955.173     2.672     0.00    0.00
  33326.771     2.597    -0.20    0.38
  33698.306     2.400    -0.53    0.69
  34069.777     2.197    -0.55    0.84
  34441.183     2.216     0.05    0.83
  34812.526     2.373     0.42    0.69
  35183.806     2.571     0.53    0.41
  35555.021     2.672     0.27    0.00
  35926.172     2.672     0.00    0.00
  36297.260     2.672     0.00    0.00
  36668.284     2.672     0.00    0.00
  37039.245     2.672     0.00    0.00
  37410.142     2.672     0.00    0.00
  37780.975     2.672     0.00    0.00
  38151.745     2.672     0.00    0.00
  38522.451     2.672     0.00    0.00
  38893.093     2.672     0.00    0.00
  39263.672     2.672     0.00    0.00
  39634.188     2.672     0.00    0.00
  40004.641     2.672     0.00    0.00
  40375.029     2.672     0.00    0.00
  40745.355     2.672     0.00    0.00
  41115.617     2.672     0.00    0.00
  41485.816     2.672     0.00    0.00
  41855.952     2.672     0.00    0.00
  42226.025     2.672     0.00    0.00
  42596.034     2.659    -0.03    0.11
  42965.980     2.462    -0.53    0.56
  43335.864     2.422    -0.11    0.58
  43705.684     2.454     0.09    0.57
  44075.441     2.484     0.08    0.55
  44445.135     2.672     0.51    0.00
  44814.766     2.672     0.00    0.00
  45184.334     2.672     0.00    0.00
  45553.839     2.647    -0.07    0.23
  45923.281     2.464    -0.49    0.69
  46292.661     2.322    -0.38    0.87
  46661.977     2.172    -0.41    1.03
  47031.231     2.009    -0.44    1.19
  47400.422     2.090     0.22    1.15
  47769.551     2.359     0.73    0.88
  48138.616     2.472     0.30    0.52
  48507.619     2.422    -0.14    0.44
  48876.560     2.251    -0.46    0.50
  49245.438     2.222    -0.08    0.50
  49614.253     2.001    -0.60    1.00
  49983.005     1.364    -1.73    1.64
  50351.696     0.658    -1.91    1.87
  50720.323     0.084    -1.56    1.78
  51088.889    -0.208    -0.79    1.60
  51457.392     0.222     1.17    1.65
  51825.832     0.996     2.10    1.65
  52194.210     1.595     1.63    1.38
  52562.526     2.185     1.60    0.72
  52930.780     2.240     0.15    0.72
  53298.971     2.172    -0.18    0.76
  53667.101     2.072    -0.27    0.74
  54035.168     2.027    -0.12    0.65
  54403.173     1.869    -0.43    0.62
  54771.115     1.773    -0.26    0.67
  55138.996     1.759    -0.04    0.73
  55506.815     1.922     0.44    0.79
  55874.571     1.947     0.07    0.89
  56242.266     1.854    -0.25    0.90
  56609.899     1.938     0.23    0.93
  56977.469     1.976     0.10    0.97
  57344.978     2.172     0.53    0.89
  57712.425     2.359     0.51    0.76
  58079.810     2.338    -0.06    0.80
  58447.134     2.269    -0.19    0.82
  58814.395     2.056    -0.58    0.98
  59181.595     1.634    -1.15    1.28
  59548.733     1.172    -1.26    1.47
  59926.387     1.097    -0.20    1.49
  60306.253     1.274     0.47    1.49
  60686.051     1.867     1.56    1.27
  61065.783     2.384     1.36    0.84
  61445.448     2.238    -0.39    1.07
  61825.047     1.509    -1.92    1.72
  62204.580     0.988    -1.37    1.86
  62584.046     0.536    -1.19    1.77
  62963.445     0.496    -0.11    1.66
  63342.779     0.722     0.59    1.59
  63722.045     0.488    -0.62    1.60
  64101.246     0.241    -0.65    1.95
  64480.380     0.355     0.30    2.71
  64859.449     0.980     1.65    3.20
  65238.451     1.934     2.52    3.10
  65617.386     2.750     2.15    2.45
  65996.256     4.534     4.71    2.56
  66375.060     6.282     4.61    3.36
  66753.797     9.034     7.27    4.07
  67132.469    12.178     8.30    3.91
  67511.074    14.035     4.90    3.16
  67889.614    14.699     1.75    2.99
  68268.088    14.487    -0.56    3.14
  68646.495    13.264    -3.23    3.29
  69024.837    11.672    -4.21    3.62
  69403.114    10.282    -3.67    4.77
  69781.324     9.647    -1.68    5.80
  70159.469     8.413    -3.26    6.44
  70537.548     7.622    -2.09    6.33
  70915.561     8.210     1.56    5.87
  71293.509     9.282     2.84    5.82
  71671.391     9.659     1.00    6.05
  72049.207     9.251    -1.08    6.86
  72426.958     6.140    -8.23    6.59
  72804.644     4.198    -5.14    4.77
  73182.264     4.845     1.71    3.77
  73559.818     6.604     4.66    3.37
  73937.307     8.484     4.98    1.92
  74314.731     8.232    -0.67    2.22
  74692.090     6.988    -3.30    3.03
  75069.383     6.569    -1.11    3.88
  75446.611     9.153     6.85    8.04
  75823.774    13.988    12.82   10.67
  76200.871    20.390    16.97   10.13
  76577.904    24.919    12.01    7.16
  76954.871    25.553     1.68    6.02
  77331.773    25.838     0.76    5.65
  77708.610    27.018     3.13    8.17
  78085.382    32.813    15.38   10.72
  78462.089    37.377    12.11    8.96
  78838.732    37.963     1.56    8.09
  79215.309    34.023   -10.46    9.17
  79591.821    25.922   -21.52   11.36
  79968.269    15.969   -26.44   10.73
  80344.651     8.709   -19.29    9.83
  80720.969     4.165   -12.07    5.27
  81097.223     4.773     1.62    4.50
  81473.411     7.085     6.15    4.51
  81849.535    10.797     9.87    4.83
  82225.594    15.492    12.49    6.44
  82601.589    19.254    10.00    7.02
  82977.518    22.890     9.67    5.67
  83353.384    24.097     3.21    3.82
  83729.185    24.084    -0.03    2.52
  84104.921    22.381    -4.53    3.41
  84480.593    19.210    -8.44    4.41
  84856.201    15.893    -8.83    4.32
  85231.744    12.797    -8.24    3.20
  85607.223    10.856    -5.17    1.98
  85982.637     9.849    -2.68    0.45
  86357.987     9.710    -0.37    0.19
  86733.273     9.507    -0.54    0.69
  87108.495     9.077    -1.15    1.32
  87483.653     8.697    -1.01    1.72
  87858.746     8.311    -1.03    1.96
  88233.775     7.759    -1.47    2.20
  88608.741     7.537    -0.59    2.21
  88983.642     7.672     0.36    2.19
  89358.479     8.048     1.00    2.08
  89733.252     8.773     1.93    1.74
  90107.962     9.422     1.73    0.82
  90482.607     8.922    -1.33    1.67
  90857.188     8.659    -0.70    1.94
  91231.706     8.621    -0.10    1.99
  91606.160     8.326    -0.79    2.09
  91980.550     7.022    -3.48    3.01
  92354.876     4.976    -5.47    3.43
  92729.139     3.044    -5.16    2.93
  93103.337     1.295    -4.67    1.44
  93477.473     0.724    -1.53    0.99
  93851.544     0.685    -0.11    0.81
  94225.552     0.828     0.38    0.87
  94599.497     1.229     1.07    0.94
  94973.378     1.533     0.81    0.93
  95347.195     1.710     0.48    0.78
  95720.949     1.777     0.18    0.87
  96094.640     1.621    -0.42    1.10
  96468.267     1.632     0.03    1.12
  96841.831     1.909     0.74    1.13
  97215.331     2.192     0.76    0.91
  97588.768     2.520     0.88    0.43
  97962.142     2.633     0.30    0.19
  98335.453     2.672     0.10    0.00
  98708.700     2.672     0.00    0.00
  99081.885     2.672     0.00    0.00
  99455.006     2.672     0.00    0.00
  99828.064     2.672     0.00    0.00
 100201.059     2.672     0.00    0.00
 100573.991     2.451    -0.59    0.74
 100946.860     1.712    -1.98    1.59
 101319.666     1.287    -1.14    1.71
 101692.409     1.118    -0.45    1.74
 102065.089     1.209     0.25    1.74
 102437.707     1.494     0.76    1.69
 102810.261     2.084     1.59    1.32
 103182.753     2.538     1.22    0.62
 103555.182     2.672     0.36    0.00
 103927.548     2.672     0.00    0.00
 104299.851     2.672     0.00    0.00
 104672.092     2.672     0.00    0.00
 105044.270     2.672     0.00    0.00
 105416.386     2.672     0.00    0.00
 105788.439     2.672     0.00    0.00
 106160.429     2.672     0.00    0.00
 106532.357     2.672     0.00    0.00
 106904.222     2.672     0.00    0.00
 107276.025     2.672     0.00    0.00
 107647.765     2.672     0.00    0.00
 108019.443     2.634    -0.10    0.19
 108391.059     2.593    -0.11    0.27
 108762.613     2.596     0.01    0.27
 109134.104     2.646     0.13    0.16
 109505.532     2.582    -0.17    0.29
 109876.899     1.634    -2.55    1.79
 110248.203     0.760    -2.35    2.04
 110619.445     0.516    -0.66    2.05
 110990.626     0.890     1.01    2.06
 111361.743     1.988     2.96    1.43
 111732.799     2.454     1.26    0.57
 112103.793     2.451    -0.01    0.60
 112474.725     2.415    -0.10    0.65
 112845.595     2.422     0.02    0.61
 113216.403     2.284    -0.37    0.72
 113587.149     2.069    -0.58    0.80
 113957.833     2.048    -0.06    0.80
 114328.455     2.080     0.08    0.79
 114699.015     2.035    -0.12    0.83
 115069.514     1.906    -0.35    0.89
 115439.951     1.454    -1.22    1.05
 115810.326     0.997    -1.23    1.24
 116180.639     0.647    -0.95    1.43
 116550.891     0.014    -1.71    1.55
 116921.081    -0.237    -0.68    1.51
 117291.209    -0.048     0.51    1.70
 117661.276     0.659     1.91    1.87
 118031.281     1.132     1.28    1.87
 118401.225     0.607    -1.42    2.20
 118771.108     0.545    -0.17    2.13
 119140.929     0.722     0.48    2.02
 119510.688     1.072     0.94    1.93
 119880.386     1.249     0.48    1.71
 120250.023     1.035    -0.58    1.93
 120619.598     1.018    -0.05    1.99
 120989.112     1.264     0.67    1.94
 121358.565     1.300     0.10    1.89
 121727.957     1.295    -0.01    1.84
 122097.287     0.906    -1.05    2.03
 122466.556     0.451    -1.23    2.09
 122835.764     0.048    -1.09    2.08
 123204.911    -0.666    -1.93    1.71
 123573.997    -0.543     0.33    1.84
 123943.022     0.243     2.13    2.07
 124311.986     1.115     2.36    2.01
 124680.888     2.172     2.86    1.24
 125049.730     2.672     1.36    0.00
 125418.511     2.672     0.00    0.00
 125787.231     2.672     0.00    0.00
 126155.890     2.230    -1.20    1.08
 126524.489     1.531    -1.90    1.61
 126893.026     0.753    -2.11    1.78
 127261.503    -0.053    -2.19    1.61
 127629.919    -0.608    -1.51    1.25
 127998.274    -0.619    -0.03    1.27
 128366.569    -0.463     0.42    1.45
 128734.803    -0.614    -0.41    1.40
 129102.976    -0.928    -0.85    1.07
 129471.089    -0.381     1.49    1.58
 129839.141     0.726     3.01    1.90
 130207.132     1.122     1.08    1.92
 130575.063     0.936    -0.51    2.14
 130942.934    -0.228    -3.16    2.33
 131310.744    -1.517    -3.50    1.64
 131678.494    -2.149    -1.72    0.73
 132046.183    -2.328    -0.49    0.00
 132413.812    -1.874     1.24    1.28
 132781.381    -0.671     3.27    2.24
 133148.889     0.749     3.86    2.34
 133516.338     1.965     3.31    1.62
 133883.725     2.672     1.92    0.00
 134251.053     2.672     0.00    0.00
 134625.670     2.672     0.00    0.00
 135005.398     2.577    -0.25    0.50
 135385.062     2.251    -0.86    1.37
 135764.661     1.780    -1.24    1.98
 136144.195     1.906     0.33    1.84
 136523.665     1.817    -0.23    1.76
 136903.069     0.582    -3.25    2.80
 137282.409    -1.542    -5.60    3.37
 137661.685    -3.683    -5.65    2.62
 138040.896    -5.037    -3.57    1.03
 138420.042    -5.328    -0.77    0.00
 138799.124    -5.328     0.00    0.00
 139178.141    -5.261     0.18    0.25
 139557.093    -5.004     0.68    0.68
 139935.982    -4.450     1.46    1.18
 140314.806    -4.072     1.00    1.30
 140693.565    -3.688     1.01    1.35
 141072.260    -3.541     0.39    1.32
 141450.891    -3.565    -0.06    1.32
 141829.458    -3.588    -0.06    1.32
 142207.960    -3.687    -0.26    1.36
 142586.398    -3.764    -0.20    1.37
 142964.772    -3.931    -0.44    1.37
 143343.082    -4.068    -0.36    1.38
 143721.327    -4.290    -0.58    1.29
 144099.509    -4.248     0.11    1.60
 144477.626    -3.948     0.79    2.17
 144855.680    -3.634     0.83    2.70
 145233.670    -3.240     1.04    3.03
 145611.595    -3.125     0.30    3.07
 145989.457    -3.174    -0.13    3.15
 146367.255    -3.354    -0.48    3.09
 146744.989    -4.029    -1.79    2.51
 147122.659    -4.559    -1.40    1.82
 147500.265    -4.905    -0.92    1.25
 147877.808    -4.471     1.15    1.92
 148255.287    -3.144     3.52    3.05
 148632.702    -1.216     5.11    3.51
 149010.053     0.510     4.57    3.00
 149387.341     1.903     3.69    1.77
 149764.566     2.644     1.97    0.16
 150141.726     2.632    -0.03    0.20
 150518.824     2.629    -0.01    0.20
 150895.858     2.619    -0.03    0.28
 151272.828     2.307    -0.83    0.75
 151649.735     1.787    -1.38    0.97
 152026.578     1.218    -1.51    0.86
 152403.358     0.377    -2.23    0.94
 152780.075    -0.195    -1.52    1.80
 153156.729     0.204     1.06    3.60
 153533.319     1.633     3.79    5.96
 153909.846     4.967     8.85    9.17
 154286.310     9.851    12.97   11.74
 154662.710    16.477    17.60   14.91
 155039.048    29.018    33.32   22.83
 155415.322    41.496    33.16   26.98
 155791.534    59.284    47.28   31.72
 156167.682    78.227    50.35   28.52
 156543.767    92.887    38.97   28.60
 156919.790   112.768    52.86   24.68
 157295.749   131.569    50.00   25.39
 157671.645   152.293    55.13   20.00
 158047.479   169.540    45.88   19.09
 158423.250   188.132    49.47   17.82
 158798.958   200.448    32.78   16.74
 159174.603   207.422    18.56   13.15
 159550.185   201.711   -15.20   21.41
 159925.705   182.632   -50.80   34.08
 160301.162   155.238   -72.95   36.82
 160676.556   133.198   -58.70   25.37
 161051.888   133.290     0.25   30.62
 161427.157   157.139    63.54   50.70
 161802.363   186.906    79.32   51.04
 162177.507   208.165    56.66   44.06
 162552.589   213.488    14.19   43.39
 162927.608   200.303   -35.15   43.47
 163302.565   189.658   -28.39   41.27
 163677.459   192.115     6.55   43.56
 164052.291   198.241    16.34   43.40
 164427.060   209.267    29.42   36.81
 164801.767   223.233    37.27   31.31
 165176.412   240.555    46.23   25.74
 165550.995   252.902    32.96   18.35
 165925.515   260.832    21.17   12.18
 166299.973   260.285    -1.46   15.78
 166674.370   253.553   -17.98   22.78
 167048.704   241.058   -33.37   32.45
 167422.975   221.815   -51.41   41.39
 167797.185   196.458   -67.75   42.82
 168171.333   173.100   -62.42   40.00
 168545.419   143.672   -78.66   35.94
 168919.443   120.592   -61.70   28.14
 169293.405   102.568   -48.19   20.25
 169667.305    87.360   -40.67   17.26
 170041.143    74.356   -34.78   15.62
 170414.919    69.445   -13.14   14.43
 170788.634    66.646    -7.49   17.22
 171162.286    65.251    -3.73   20.78
 171535.877    61.364   -10.40   21.24
 171909.407    55.131   -16.68   16.18
 172282.874    54.159    -2.60   15.93
 172656.280    56.942     7.45   21.32
 173029.624    60.909    10.62   26.12
 173402.907    62.151     3.33   27.84
 173776.128    56.553   -15.00   24.97
 174149.288    45.783   -28.86   19.42
 174522.386    38.856   -18.56   13.56
 174895.423    33.883   -13.33    7.51
 175268.398    36.119     5.99   11.04
 175641.312    46.001    26.49   20.53
 176014.164    58.542    33.63   28.73
 176386.955    77.537    50.95   36.68
 176759.685   100.397    61.32   49.51
 177132.353   127.253    72.05   58.13
 177504.961   159.364    86.17   60.26
 177877.507   187.912    76.62   55.71
 178249.992   209.256    57.29   45.96
 178622.415   223.632    38.60   37.78
 178994.778   228.699    13.60   30.95
 179367.079   220.119   -23.04   28.81
 179739.319   204.724   -41.35   34.69
 180111.499   179.290   -68.33   41.80
 180483.617   151.035   -75.92   48.47
 180855.674   116.058   -94.00   45.31
 181227.671    87.290   -77.32   35.75
 181599.606    63.605   -63.67   25.69
 181971.481    46.232   -46.71   18.65
 182343.295    31.438   -39.78   16.10
 182715.047    20.480   -29.47   13.86
 183086.739    10.412   -27.08   10.99
 183458.371     3.828   -17.71    6.64
 183829.941    -0.381   -11.32    1.81
 184201.451    -1.536    -3.11    1.25
 184572.900    -2.406    -2.34    1.14
 184944.289    -3.052    -1.74    0.60
 185315.617    -3.251    -0.54    0.31
 185686.884    -3.274    -0.06    0.43
 186058.091    -3.353    -0.21    0.48
 186429.237    -3.448    -0.26    0.43
 186800.323    -3.444     0.01    0.32
 187171.349    -3.342     0.28    0.12
 187542.313    -3.328     0.04    0.00
 187913.218    -3.328     0.00    0.00
 188284.062    -3.368    -0.11    0.20
 188654.846    -3.499    -0.35    0.38
 189025.569    -3.627    -0.34    0.46
 189396.232    -3.815    -0.51    0.50
 189766.835    -4.020    -0.56    0.46
 190137.378    -4.153    -0.36    0.38
 190507.860    -4.266    -0.31    0.46
 190878.283    -4.328    -0.17    0.53
 191248.645    -4.354    -0.07    0.53
 191618.947    -4.382    -0.08    0.55
 191989.189    -4.275     0.29    0.43
 192359.371    -4.191     0.23    0.35
 192729.493    -4.248    -0.15    0.27
 193099.555    -4.273    -0.07    0.23
 193469.557    -4.328    -0.15    0.00
 193839.499    -4.328     0.00    0.00
 194209.381    -4.328     0.00    0.00
 194579.203    -4.328     0.00    0.00
 194948.966    -4.328     0.00    0.00
 195318.668    -4.328     0.00    0.00
 195688.311    -4.328     0.00    0.00
 196057.894    -4.328     0.00    0.00
 196427.417    -4.328     0.00    0.00
 196796.881    -4.328     0.00    0.00
 197166.285    -4.302     0.07    0.16
 197535.630    -4.258     0.12    0.26
 197904.914    -4.249     0.02    0.27
 198274.140    -4.261    -0.03    0.25
 198643.305    -4.315    -0.15    0.11
 199012.411    -4.328    -0.04    0.00
 199381.458    -4.328     0.00    0.00
 199750.445    -4.328     0.00    0.00
 200119.373    -4.328     0.00    0.00
 200488.241    -4.328     0.00    0.00
 200857.050    -4.328     0.00    0.00
 201225.800    -4.328     0.00    0.00
 201594.490    -4.328     0.00    0.00
 201963.121    -4.328     0.00    0.00
 202331.693    -4.328     0.00    0.00
 202700.206    -4.328     0.00    0.00
 203068.659    -4.502    -0.47    0.38
 203437.053    -4.728    -0.62    0.49
 203805.388    -4.991    -0.71    0.48
 204173.664    -5.208    -0.59    0.33
 204541.881    -5.328    -0.33    0.00
 204910.039    -5.328     0.00    0.00
 205278.138    -5.328     0.00    0.00
 205646.178    -5.328     0.00    0.00
 206014.158    -5.328     0.00    0.00
 206382.080    -5.328     0.00    0.00
 206749.943    -5.328     0.00    0.00
 207117.747    -5.328     0.00    0.00
 207485.493    -5.328     0.00    0.00
 207853.179    -5.328     0.00    0.00
 208220.807    -5.328     0.00    0.00
 208588.376    -5.328     0.00    0.00
 208955.886    -5.328     0.00    0.00
 209327.712    -5.328     0.00    0.00
 209707.308    -5.328     0.00    0.00
 210086.841    -5.328     0.00    0.00
 210466.310    -5.328     0.00    0.00
 210845.716    -5.328     0.00    0.00
 211225.060    -5.328     0.00    0.00
 211604.340    -5.328     0.00    0.00
 211983.557    -5.328     0.00    0.00
 212362.712    -5.328     0.00    0.00
 212741.803    -5.328     0.00    0.00
 213120.832    -5.328     0.00    0.00
 213499.798    -5.328     0.00    0.00
 213878.701    -5.328     0.00    0.00
 214257.541    -5.328     0.00    0.00
 214636.318    -5.328     0.00    0.00
 215015.033    -5.328     0.00    0.00
 215393.685    -5.328     0.00    0.00
 215772.275    -5.328     0.00    0.00
 216150.801    -5.328     0.00    0.00
 216529.266    -5.328     0.00    0.00
 216907.667    -5.328     0.00    0.00
 217286.006    -5.328     0.00    0.00
 217664.283    -5.328     0.00    0.00
 218042.497    -5.328     0.00    0.00
 218420.649    -5.328     0.00    0.00
 218798.738    -5.328     0.00    0.00
 219176.765    -5.328     0.00    0.00
 219554.730    -5.328     0.00    0.00
 219932.632    -5.328     0.00    0.00
 220310.472    -5.328     0.00    0.00
 220688.250    -5.328     0.00    0.00
 221065.966    -5.328     0.00    0.00
 221443.619    -5.328     0.00    0.00
 221821.211    -5.328     0.00    0.00
 222198.740    -5.328     0.00    0.00
 222576.207    -5.328     0.00    0.00
 222953.612    -5.328     0.00    0.00
 223330.955    -5.328     0.00    0.00
 223708.236    -5.328     0.00    0.00
 224085.455    -5.328     0.00    0.00
 224462.612    -5.328     0.00    0.00
 224839.708    -5.328     0.00    0.00
 225216.741    -5.328     0.00    0.00
 225593.713    -5.328     0.00    0.00
 225970.622    -5.328     0.00    0.00
 226347.470    -5.328     0.00    0.00
 226724.256    -5.328     0.00    0.00
 227100.981    -5.328     0.00    0.00
 227477.644    -5.328     0.00    0.00
 227854.245    -5.328     0.00    0.00
 228230.784    -5.328     0.00    0.00
 228607.262    -5.328     0.00    0.00
 228983.679    -5.328     0.00    0.00
 229360.034    -5.328     0.00    0.00
 229736.327    -5.328     0.00    0.00
 230112.559    -5.328     0.00    0.00
 230488.729    -5.328     0.00    0.00
 230864.838    -5.328     0.00    0.00
 231240.886    -5.328     0.00    0.00
 231616.872    -5.328     0.00    0.00
 231992.797    -5.328     0.00    0.00
 232368.661    -5.328     0.00    0.00
 232744.463    -5.328     0.00    0.00
 233120.205    -5.328     0.00    0.00
 233495.885    -5.328     0.00    0.00
 233871.504    -5.328     0.00    0.00
 234247.061    -5.328     0.00    0.00
 234622.558    -5.328     0.00    0.00
 234997.994    -5.328     0.00    0.00
 235373.368    -5.328     0.00    0.00
 235748.682    -5.328     0.00    0.00
 236123.934    -5.328     0.00    0.00
 236499.126    -5.328     0.00    0.00
 236874.256    -5.328     0.00    0.00
 237249.326    -5.328     0.00    0.00
 237624.335    -5.328     0.00    0.00
 237999.283    -5.328     0.00    0.00
 238374.170    -5.328     0.00    0.00
 238748.997    -5.328     0.00    0.00
 239123.763    -5.328     0.00    0.00
 239498.468    -5.328     0.00    0.00
 239873.112    -5.328     0.00    0.00
 240247.696    -5.328     0.00    0.00
 240622.219    -5.328     0.00    0.00
 240996.681    -5.328     0.00    0.00
 241371.083    -5.328     0.00    0.00
 241745.425    -5.328     0.00    0.00
 242119.705    -5.328     0.00    0.00
 242493.926    -5.328     0.00    0.00
 242868.086    -5.328     0.00    0.00
 243242.185    -5.328     0.00    0.00
 243616.225    -5.328     0.00    0.00
 243990.203    -5.328     0.00    0.00
 244364.122    -5.328     0.00    0.00
 244737.980    -5.328     0.00    0.00
 245111.778    -5.328     0.00    0.00
 245485.516    -5.328     0.00    0.00
 245859.193    -5.328     0.00    0.00
