-225586.805  1115.447     0.00  108.85
-225211.562  1040.360  -200.07   73.68
-224836.246   990.240  -133.52   57.14
-224460.859   947.770  -113.12   44.55
-224085.401   912.207   -94.70   44.40
-223709.870   881.728   -81.15   38.94
-223334.268   861.338   -54.28   32.94
-222958.594   850.195   -29.65   31.44
-222582.847   847.188    -8.00   35.57
-222207.029   848.140     2.53   45.26
-221831.139   852.188    10.77   58.82
-221455.177   864.473    32.67   75.90
-221079.142   877.917    35.75   88.52
-220703.036   902.774    66.08   97.65
-220326.857   935.487    86.95   97.39
-219950.606   968.301    87.20   87.02
-219574.283   997.694    78.09   63.06
-219197.888  1012.242    38.64   40.67
-218821.420  1015.453     8.53   30.44
-218444.880   998.473   -45.09   34.81
-218068.267   979.673   -49.91   40.86
-217691.582   955.138   -65.12   47.79
-217314.825   929.283   -68.61   51.10
-216937.995   902.418   -71.28   57.17
-216561.092   886.775   -41.50   60.57
-216184.117   876.676   -26.78   56.65
-215807.069   869.920   -17.92   49.76
-215429.948   853.181   -44.38   47.12
-215052.755   827.400   -68.34   56.30
-214675.488   775.924  -136.42   70.84
-214298.149   727.208  -129.08   67.51
-213920.737   686.062  -109.00   44.35
-213543.252   677.487   -22.71   45.07
-213165.694   683.821    16.77   61.61
-212788.064   699.461    41.41   68.70
-212410.360   706.452    18.50   62.67
-212032.583   705.313    -3.01   48.74
-211654.732   694.453   -28.74   32.44
-211276.809   676.582   -47.28   17.55
-210898.813   672.954    -9.60   20.92
-210520.743   674.508     4.11   30.14
-210142.600   681.005    17.18   44.77
-209764.383   679.740    -3.34   58.56
-209386.093   667.798   -31.56   69.63
-209007.730   654.319   -35.62   78.42
-208629.293   628.568   -68.03   77.61
-208250.783   604.950   -62.39   76.09
-207872.199   584.684   -53.52   74.59
-207493.542   559.268   -67.11   69.29
-207114.811   541.068   -48.05   66.42
-206736.006   525.452   -41.22   59.79
-206357.127   506.450   -50.15   51.37
-205978.175   487.257   -50.64   50.70
-205599.149   465.832   -56.52   48.59
-205220.049   445.473   -53.69   47.34
-204840.875   421.694   -62.70   44.15
-204461.627   391.874   -78.62   36.58
-204082.306   365.942   -68.35   25.73
-203702.910   345.952   -52.68   19.35
-203323.440   330.759   -40.03   14.25
-202943.896   318.625   -31.96   12.09
-202564.278   308.174   -27.53    9.28
-202184.585   298.965   -24.25   10.08
-201804.819   290.313   -22.78    8.79
-201424.978   281.977   -21.94    8.69
-201045.063   274.362   -20.04    7.52
-200665.073   266.568   -20.51    8.22
-200285.009   258.723   -20.64    7.84
-199904.870   251.624   -18.67    8.16
-199524.657   243.961   -20.15    7.46
-199144.370   237.074   -18.11    7.62
-198764.008   230.140   -18.23    7.17
-198391.237   224.545   -15.01    6.43
-198025.055   218.696   -15.97    5.73
-197658.806   214.418   -11.68    5.36
-197292.488   210.497   -10.70    4.56
-196926.102   207.954    -6.94    4.18
-196559.647   205.813    -5.84    3.56
-196193.124   203.568    -6.13    4.21
-195826.532   200.918    -7.23    5.03
-195459.872   197.283    -9.91    6.02
-195093.142   193.580   -10.10    5.50
-194726.345   189.347   -11.54    4.28
-194359.478   186.257    -8.42    3.69
-193992.543   182.840    -9.31    3.88
-193625.539   179.662    -8.66    4.10
-193258.466   175.859   -10.36    4.16
-192891.324   172.363    -9.52    4.14
-192524.114   168.783    -9.75    3.96
-192156.834   165.476    -9.00    4.05
-191789.485   161.853    -9.86    3.63
-191422.068   158.427    -9.32    3.77
-191054.581   155.106    -9.04    3.38
-190687.025   151.867    -8.81    3.74
-190319.400   148.630    -8.80    3.55
-189951.706   145.522    -8.45    3.56
-189583.943   142.497    -8.22    3.31
-189216.110   139.266    -8.78    3.39
-188848.208   136.463    -7.62    3.21
-188480.237   133.686    -7.55    2.80
-188112.196   131.452    -6.07    2.45
-187744.086   129.347    -5.72    2.17
-187375.907   127.556    -4.86    2.21
-187007.658   125.417    -5.81    2.03
-186639.339   123.660    -4.77    2.21
-186270.951   121.664    -5.42    2.17
-185902.493   119.954    -4.64    2.01
-185533.966   118.350    -4.35    1.60
-185165.369   116.878    -3.99    1.44
-184796.702   115.681    -3.25    1.23
-184427.965   114.556    -3.05    1.23
-184059.159   113.473    -2.94    1.20
-183690.282   112.454    -2.76    1.22
-183321.336   111.426    -2.79    1.18
-182952.320   110.397    -2.79    1.26
-182583.234   109.407    -2.68    1.15
-182214.078   108.298    -3.00    1.27
-181844.852   107.303    -2.69    1.24
-181475.556   106.231    -2.90    1.28
-181106.190   105.251    -2.65    1.15
-180736.753   104.091    -3.14    1.25
-180367.246   103.016    -2.91    1.44
-179997.669   101.625    -3.76    1.42
-179628.022   100.522    -2.98    1.37
-179258.305    99.345    -3.18    1.31
-178888.517    98.166    -3.19    1.38
-178518.658    97.051    -3.01    1.34
-178148.729    95.867    -3.20    1.43
-177778.730    94.631    -3.34    1.23
-177408.660    93.363    -3.43    1.51
-177038.520    92.106    -3.40    1.48
-176668.309    90.837    -3.43    1.51
-176298.027    89.569    -3.42    1.28
-175927.675    88.510    -2.86    1.19
-175557.252    87.569    -2.54    1.19
-175186.758    86.545    -2.76    1.17
-174816.194    85.777    -2.07    1.05
-174445.558    84.836    -2.54    1.06
-174074.852    84.103    -1.98    1.07
-173704.074    83.095    -2.72    1.27
-173333.226    82.126    -2.61    1.38
-172962.307    81.050    -2.90    1.44
-172591.316    79.931    -3.02    1.41
-172220.255    78.747    -3.19    1.40
-171849.122    77.781    -2.60    1.40
-171477.919    76.477    -3.51    1.44
-171106.644    75.349    -3.04    1.58
-170735.298    73.952    -3.76    1.53
-170363.880    72.772    -3.18    1.40
-169992.391    71.626    -3.08    1.05
-169620.831    70.736    -2.40    1.09
-169249.199    69.839    -2.41    1.06
-168877.496    69.033    -2.17    0.98
-168505.722    68.157    -2.36    1.00
-168133.875    67.215    -2.53    1.19
-167761.958    66.277    -2.52    1.16
-167389.968    65.154    -3.02    1.41
-167017.907    63.935    -3.28    1.46
-166645.775    62.590    -3.61    1.72
-166273.570    61.130    -3.92    1.56
-165901.294    59.800    -3.57    1.50
-165528.946    58.617    -3.18    1.07
-165156.526    57.625    -2.66    1.00
-164784.034    56.764    -2.31    0.89
-164411.470    55.965    -2.14    0.94
-164038.834    55.063    -2.42    0.95
-163666.126    54.204    -2.30    1.02
-163293.346    53.331    -2.34    1.13
-162920.494    52.354    -2.62    1.29
-162547.570    51.498    -2.29    1.31
-162174.573    50.693    -2.16    1.14
-161801.505    50.133    -1.50    0.82
-161428.364    49.761    -1.00    0.49
-161055.150    49.533    -0.61    0.32
-160681.865    49.181    -0.94    0.76
-160308.506    48.569    -1.64    1.18
-159935.076    47.834    -1.97    1.23
-159561.573    47.115    -1.93    0.94
-159187.997    46.602    -1.37    0.23
-158814.349    46.545    -0.15    0.00
-158440.628    46.522    -0.06    0.15
-158066.835    46.487    -0.09    0.23
-157692.968    46.238    -0.67    0.63
-157319.030    45.715    -1.40    1.09
-156945.018    45.039    -1.81    1.34
-156570.933    44.384    -1.75    1.40
-156196.776    43.657    -1.94    1.23
-155822.545    43.374    -0.76    1.07
-155448.242    43.254    -0.32    1.03
-155073.866    43.091    -0.43    0.98
-154699.416    42.789    -0.81    1.03
-154324.894    42.318    -1.26    0.92
-153950.298    41.241    -2.87    2.18
-153575.629    39.462    -4.75    3.48
-153200.888    36.938    -6.74    3.86
-152826.072    34.783    -5.75    2.68
-152451.184    33.280    -4.01    0.62
-152076.222    32.874    -1.08    0.91
-151701.187    32.429    -1.19    0.98
-151326.078    32.045    -1.02    0.84
-150950.896    31.725    -0.85    0.58
-150575.640    31.556    -0.45    0.11
-150200.311    31.545    -0.03    0.00
-149824.908    31.545     0.00    0.00
-149449.431    31.623     0.21    0.41
-149073.881    31.215    -1.09    1.13
-148698.257    32.940     4.59    7.71
-148322.559    39.382    17.14   18.35
-147946.788    58.120    49.86   30.53
-147570.943    81.704    62.74   37.52
-147195.023   114.477    87.17   45.38
-146819.030   144.234    79.13   45.58
-146442.963   164.062    52.72   32.46
-146066.822   166.545     6.60   28.13
-145690.606   151.045   -41.20   32.44
-145314.317   129.671   -56.79   24.07
-144937.953   110.174   -51.80   18.65
-144561.515    99.257   -29.00   13.74
-144185.003    96.444    -7.47   10.45
-143808.417   100.798    11.56   12.90
-143431.756   113.363    33.36   15.78
-143055.021   127.719    38.10   19.93
-142678.212   141.715    37.14   27.73
-142301.328   157.254    41.23   33.58
-141924.369   184.624    72.60   44.97
-141547.336   221.735    98.42   57.18
-141170.228   247.118    67.30   56.79
-140793.046   252.438    14.10   56.34
-140415.789   219.011   -88.60   70.85
-140038.457   163.098  -148.16   53.45
-139661.051   129.149   -89.94   33.32
-139283.570   110.364   -49.76   23.30
-138906.014    94.823   -41.16   16.65
-138528.382    86.701   -21.50   11.03
-138150.676    98.261    30.60   29.90
-137772.895   131.167    87.09   55.32
-137395.039   180.568   130.73   62.49
-137017.108   207.033    70.02   47.28
-136639.102   192.522   -38.38   55.41
-136261.020   157.581   -92.41   54.04
-135882.864   117.193  -106.79   38.87
-135504.632    86.664   -80.71   24.58
-135126.324    67.300   -51.18   16.95
-134747.942    54.154   -34.74   11.58
-134369.484    46.829   -19.35    7.23
-133990.950    42.952   -10.24    2.20
-133612.341    44.657     4.50    4.95
-133233.657    51.154    17.15   10.51
-132854.897    61.365    26.96   17.16
-132476.061    77.579    42.79   24.25
-132097.150    89.725    32.05   28.40
-131718.163   101.280    30.49   28.21
-131339.100   115.882    38.52   33.53
-130959.961   142.511    70.23   51.62
-130580.747   190.238   125.85   72.33
-130201.457   231.725   109.37   65.32
-129822.090   247.118    40.57   52.44
-129442.648   236.478   -28.04   57.80
-129063.130   214.487   -57.94   59.97
-128683.536   184.800   -78.20   60.74
-128303.865   164.274   -54.06   64.26
-127924.118   169.814    14.59   60.31
-127544.296   181.752    31.43   59.84
-127164.396   191.647    26.04   61.49
-126784.421   186.460   -13.65   65.50
-126404.369   148.834   -98.99   71.88
-126024.241   108.235  -106.79   61.03
-125644.037    86.317   -57.64   45.90
-125263.756    67.510   -49.45   36.16
-124883.398    52.149   -40.38   30.95
-124502.964    41.254   -28.64   24.15
-124122.453    30.738   -27.63    9.76
-123745.020    26.556   -11.08    3.48
-123379.056    25.039    -4.15    1.33
-123013.022    24.569    -1.28    0.22
-122646.919    24.533    -0.10    0.11
-122280.745    24.069    -1.27    1.02
-121914.501    23.248    -2.24    1.43
-121548.187    22.033    -3.32    2.12
-121181.802    19.792    -6.12    3.26
-120815.348    18.068    -4.71    3.34
-120448.823    16.050    -5.50    2.68
-120082.227    15.118    -2.54    1.24
-119715.562    16.545     3.89    2.88
-119348.826    17.811     3.45    3.10
-118982.019    18.131     0.87    3.10
-118615.142    17.314    -2.23    3.12
-118248.194    15.592    -4.69    2.29
-117881.176    14.681    -2.48    0.57
-117514.087    15.111     1.17    1.71
-117146.927    16.320     3.29    2.84
-116779.697    17.959     4.46    3.33
-116412.395    19.668     4.65    2.96
-116045.024    20.931     3.44    1.79
-115677.581    21.545     1.67    0.00
-115310.067    21.545     0.00    0.00
-114942.482    21.149    -1.08    1.14
-114574.827    20.668    -1.31    1.90
-114207.100    20.110    -1.52    2.36
-113839.303    19.635    -1.29    2.55
-113471.434    19.116    -1.41    2.64
-113103.494    18.088    -2.79    2.85
-112735.483    17.056    -2.80    2.47
-112367.401    17.105     0.13    2.52
-111999.247    17.407     0.82    2.83
-111631.023    18.500     2.97    3.08
-111262.726    19.292     2.15    2.66
-110894.359    19.140    -0.41    2.42
-110525.920    18.656    -1.31    2.36
-110157.410    17.859    -2.16    2.18
-109788.828    17.178    -1.85    1.99
-109420.174    16.775    -1.09    1.88
-109051.449    16.456    -0.86    1.95
-108682.653    16.592     0.37    2.22
-108313.784    16.758     0.45    2.45
-107944.844    16.902     0.39    2.62
-107575.833    16.725    -0.48    2.39
-107206.749    16.569    -0.42    2.20
-106837.594    17.136     1.54    2.60
-106468.367    18.315     3.19    2.64
-106099.067    18.666     0.95    2.16
-105729.696    17.965    -1.90    2.39
-105360.253    16.645    -3.57    2.35
-104990.738    15.489    -3.13    1.53
-104621.151    14.859    -1.70    0.65
-104251.491    14.806    -0.14    0.62
-103881.760    14.965     0.43    0.69
-103511.956    15.078     0.31    0.69
-103142.080    15.140     0.17    0.65
-102772.132    15.084    -0.15    0.50
-102402.111    15.131     0.13    0.60
-102032.018    14.978    -0.41    0.78
-101661.852    14.783    -0.53    0.90
-101291.614    14.590    -0.52    0.92
-100921.304    14.400    -0.51    0.94
-100550.921    14.275    -0.34    0.89
-100180.466    14.195    -0.22    0.82
 -99809.937    13.758    -1.18    0.89
 -99439.336    13.440    -0.86    0.85
 -99068.663    13.300    -0.38    0.83
 -98697.917    13.246    -0.15    0.86
 -98327.097    13.400     0.42    0.87
 -97956.205    13.306    -0.26    0.86
 -97585.240    13.323     0.05    0.87
 -97214.203    13.189    -0.36    0.83
 -96843.092    13.208     0.05    1.31
 -96471.908    19.567    17.13   15.71
 -96100.651    40.715    56.96   33.92
 -95729.321    55.389    39.51   32.85
 -95357.918    59.800    11.88   30.56
 -94986.442    50.323   -25.51   33.40
 -94614.892    31.488   -50.69   24.32
 -94243.269    19.929   -31.10    6.71
 -93871.573    19.809    -0.32    4.91
 -93499.804    27.896    21.75   13.69
 -93127.961    37.854    26.78   17.20
 -92756.045    54.078    43.62   23.47
 -92384.055    69.211    40.68   23.96
 -92011.991    70.365     3.10   26.61
 -91639.854    60.906   -25.42   32.99
 -91267.644    42.466   -49.54   29.61
 -90895.360    26.295   -43.44   13.72
 -90523.002    21.127   -13.88    2.56
 -90150.570    21.039    -0.24    2.26
 -89778.065    19.699    -3.60    3.09
 -89405.485    17.647    -5.51    3.65
 -89032.832    16.356    -3.46    3.26
 -88660.105    16.129    -0.61    3.04
 -88287.304    16.456     0.88    2.83
 -87914.429    16.763     0.82    1.95
 -87541.480    16.623    -0.38    1.40
 -87168.456    16.283    -0.91    1.27
 -86795.359    16.300     0.05    1.25
 -86422.187    16.456     0.42    1.20
 -86048.942    15.834    -1.67    1.22
 -85675.622    15.234    -1.61    1.29
 -85302.227    15.411     0.48    1.56
 -84928.758    15.911     1.34    1.74
 -84555.215    16.874     2.58    1.28
 -84181.598    17.489     1.64    0.23
 -83807.906    17.545     0.15    0.00
 -83434.139    17.545     0.00    0.00
 -83060.298    17.809     0.71    1.86
 -82686.382    18.635     2.21    3.69
 -82312.391    23.545    13.13   13.82
 -81938.326    30.167    17.70   24.66
 -81564.186    37.115    18.57   32.95
 -81189.971    37.678     1.51   31.09
 -80815.682    33.318   -11.65   17.23
 -80441.317    32.116    -3.21    7.42
 -80066.878    36.725    12.31    7.61
 -79692.363    43.402    17.83    9.67
 -79317.774    53.999    28.29   14.19
 -78943.109    71.306    46.19   27.21
 -78568.369    98.384    72.25   41.09
 -78193.554   130.776    86.42   49.60
 -77818.664   161.366    81.59   44.29
 -77443.699   185.006    63.04   34.20
 -77068.658   193.815    23.49   26.12
 -76693.542   182.678   -29.69   31.31
 -76318.351   166.711   -42.55   31.95
 -75943.084   153.174   -36.07   22.43
 -75567.742   149.164   -10.68   13.25
 -75192.324   159.713    28.10   15.76
 -74816.831   173.569    36.90   17.13
 -74441.262   190.889    46.12   21.18
 -74065.617   210.557    52.35   22.78
 -73689.897   230.034    51.84   25.42
 -73314.101   249.390    51.50   24.04
 -72938.229   274.127    65.81   33.09
 -72562.282   301.208    72.03   40.35
 -72186.258   340.414   104.26   56.24
 -71810.158   379.812   104.75   50.27
 -71433.983   412.719    87.47   40.23
 -71057.732   430.522    47.31   30.21
 -70681.404   438.914    22.30   38.04
 -70305.000   441.759     7.56   43.42
 -69928.520   447.995    16.56   35.50
 -69551.964   456.473    22.51   29.80
 -69175.332   455.534    -2.49   28.52
 -68798.624   452.615    -7.75   28.55
 -68421.839   448.380   -11.24   25.30
 -68044.977   439.698   -23.04   22.33
 -67668.040   421.814   -47.44   26.70
 -67291.025   399.890   -58.15   26.91
 -66913.935   377.803   -58.57   28.42
 -66536.767   361.902   -42.16   20.27
 -66159.523   351.756   -26.89   17.73
 -65782.203   348.980    -7.36   18.05
 -65404.805   351.480     6.62   18.47
 -65027.331   356.091    12.22   17.90
 -64649.780   356.360     0.71   20.95
 -64272.153   333.170   -61.41   46.08
 -63894.448   300.110   -87.52   59.03
 -63516.667   263.646   -96.52   47.95
 -63138.808   241.248   -59.27   23.24
 -62760.872   234.376   -18.18    8.58
 -62382.860   236.501     5.62   10.29
 -62004.770   242.000    14.54   16.49
 -61626.603   244.501     6.61   16.23
 -61248.359   247.343     7.51   13.47
 -60870.037   252.413    13.40   12.10
 -60491.638   264.331    31.50   17.16
 -60113.162   282.347    47.60   24.25
 -59734.609   309.292    71.18   33.13
 -59355.978   338.756    77.81   39.24
 -58977.269   377.893   103.34   42.33
 -58598.483   409.978    84.70   39.99
 -58219.620   436.455    69.88   27.92
 -57840.678   447.303    28.63   24.82
 -57461.659   455.789    22.39   30.04
 -57082.563   455.610    -0.47   32.71
 -56703.388   460.823    13.75   29.96
 -56324.136   469.072    21.75   27.46
 -55944.805   484.655    41.08   30.26
 -55565.397   508.248    62.18   35.39
 -55185.911   537.940    78.24   33.64
 -54806.347   561.432    61.89   31.05
 -54426.705   580.490    50.20   26.41
 -54046.984   591.131    28.02   19.77
 -53667.186   583.947   -18.91   26.99
 -53287.309   568.894   -39.63   32.71
 -52907.354   553.989   -39.23   29.43
 -52527.321   550.378    -9.50   25.77
 -52147.209   554.167     9.97   28.30
 -51767.019   544.015   -26.70   43.94
 -51386.750   508.028   -94.63   64.28
 -51006.403   457.027  -134.09   62.72
 -50625.978   410.358  -122.67   49.76
 -50245.474   384.366   -68.31   41.54
 -49864.891   370.677   -35.97   46.60
 -49484.229   357.890   -33.59   45.50
 -49103.489   350.588   -19.18   42.64
 -48736.016   348.336    -6.13   40.87
 -48370.205   348.893     1.52   40.21
 -48004.323   348.121    -2.11   38.09
 -47638.368   336.067   -32.94   36.15
 -47272.342   322.028   -38.35   32.26
 -46906.244   302.578   -53.13   35.50
 -46540.074   286.545   -43.78   33.25
 -46173.831   279.309   -19.76   24.59
 -45807.517   279.171    -0.38   17.93
 -45441.131   285.931    18.45   15.70
 -45074.673   293.445    20.50   12.73
 -44708.142   296.886     9.39   12.39
 -44341.540   297.479     1.62   11.48
 -43974.865   297.138    -0.93   10.58
 -43608.118   292.945   -11.43   14.10
 -43241.298   284.727   -22.40   19.55
 -42874.406   277.567   -19.51   21.81
 -42507.442   265.489   -32.91   23.70
 -42140.405   241.171   -66.25   36.30
 -41773.296   220.874   -55.29   39.87
 -41406.115   197.713   -63.08   27.06
 -41038.860   196.697    -2.77   27.93
 -40671.533   227.987    85.18   58.10
 -40304.134   278.050   136.26   73.23
 -39936.662   330.886   143.78   56.00
 -39569.117   363.795    89.53   31.04
 -39201.499   374.852    30.08   19.71
 -38833.808   369.577   -14.34   25.35
 -38466.045   356.623   -35.22   32.65
 -38098.208   332.798   -64.77   37.19
 -37730.299   310.457   -60.72   39.24
 -37362.317   299.325   -30.25   39.79
 -36994.261   302.633     8.99   43.48
 -36626.133   314.005    30.89   42.86
 -36257.931   319.958    16.17   31.06
 -35889.657   321.091     3.08   26.84
 -35521.309   306.773   -38.87   31.26
 -35152.887   282.257   -66.54   38.42
 -34784.393   249.364   -89.26   54.58
 -34415.825   215.424   -92.08   52.59
 -34047.183   187.934   -74.57   38.72
 -33678.469   172.631   -41.50   24.41
 -33309.681   167.389   -14.21   22.56
 -32940.819   163.240   -11.25   24.36
 -32571.883   147.954   -41.43   28.23
 -32202.875   135.951   -32.53   25.73
 -31833.792   128.166   -21.09   23.95
 -31464.636   135.132    18.87   34.79
 -31095.406   142.429    19.76   45.29
 -30726.102   148.347    16.03   48.07
 -30356.724   143.062   -14.31   46.63
 -29987.273   134.980   -21.88   40.16
 -29617.747   132.477    -6.77   36.67
 -29248.148   138.045    15.07   38.85
 -28878.475   143.397    14.48   41.15
 -28508.727   143.523     0.34   43.30
 -28138.906   128.490   -40.65   41.08
 -27769.010   117.699   -29.17   38.36
 -27399.040   107.740   -26.92   38.37
 -27028.996    96.189   -31.22   39.50
 -26658.878    83.327   -34.75   38.86
 -26288.685    67.084   -43.88   31.90
 -25918.418    54.039   -35.23   18.55
 -25548.077    47.103   -18.73   12.98
 -25177.661    41.835   -14.22    9.83
 -24807.170    40.792    -2.82   12.21
 -24436.606    46.093    14.31   17.75
 -24065.966    46.556     1.25   16.80
 -23695.252    42.795   -10.15   14.61
 -23324.463    37.511   -14.25   14.00
 -22953.600    28.925   -23.15   10.95
 -22582.662    22.945   -16.12    5.17
 -22211.648    20.012    -7.90    1.71
 -21840.561    20.230     0.59    2.32
 -21469.398    23.644     9.20    6.48
 -21098.160    31.284    20.58   13.33
 -20726.847    47.501    43.67   24.47
 -20355.460    71.093    63.52   32.52
 -19983.997   101.034    80.60   34.35
 -19612.459   132.034    83.44   34.09
 -19240.846   164.977    88.65   36.41
 -18869.157   194.093    78.33   41.85
 -18497.394   221.929    74.87   36.15
 -18125.555   252.341    81.79   43.13
 -17753.641   271.417    51.29   54.76
 -17381.651   292.534    56.77   70.05
 -17009.586   316.102    63.34   73.51
 -16637.445   346.115    80.65   75.88
 -16265.229   383.300    99.90   72.62
 -15892.938   411.795    76.54   58.44
 -15520.570   422.292    28.19   50.12
 -15148.127   391.458   -82.79   68.31
 -14775.609   351.233  -107.98   71.19
 -14403.014   327.067   -64.86   64.79
 -14030.344   325.226    -4.94   61.90
 -13657.598   331.149    15.89   61.24
 -13284.776   331.186     0.10   53.81
 -12911.878   300.211   -83.06   79.85
 -12538.904   236.317  -171.31  102.25
 -12165.855   175.962  -161.78   81.69
 -11792.729   159.860   -43.15   60.39
 -11419.526   193.522    90.20   84.46
 -11046.248   260.012   178.12   91.89
 -10672.894   331.118   190.45   73.25
 -10299.463   373.588   113.73   68.63
  -9925.956   399.051    68.17   46.29
  -9552.372   387.864   -29.94   46.11
  -9178.713   355.717   -86.03   56.32
  -8804.976   308.523  -126.28   53.45
  -8431.163   268.257  -107.72   37.77
  -8057.274   242.179   -69.75   24.64
  -7683.308   228.430   -36.77   10.12
  -7309.266   230.258     4.89   10.43
  -6935.146   239.045    23.49   14.70
  -6560.951   250.460    30.50   17.04
  -6186.678   262.309    31.66   15.66
  -5812.328   273.986    31.19   14.99
  -5437.902   286.345    33.01   16.16
  -5063.399   298.577    32.66   15.63
  -4688.818   303.402    12.88   18.05
  -4314.161   293.371   -26.77   30.83
  -3939.427   264.860   -76.08   47.04
  -3564.615   214.918  -133.24   64.85
  -3189.727   155.566  -158.32   82.42
  -2814.761    94.303  -163.38   75.87
  -2439.718    47.394  -125.08   51.29
  -2064.597    24.911   -59.93   27.99
  -1689.400    28.943    10.74   37.54
  -1314.125    32.634     9.84   46.47
   -938.772    30.792    -4.91   50.00
   -563.342    21.145   -25.70   43.51
   -187.835     7.730   -35.73   21.89
    187.751     0.511   -19.22    2.69
    563.413    -0.229    -1.97    0.47
    939.154    -0.163     0.18    0.55
   1314.972    -0.030     0.35    0.70
   1690.868     0.267     0.79    1.18
   2066.841     1.289     2.72    2.90
   2442.893     4.820     9.39    7.47
   2819.022     8.425     9.59    9.28
   3195.230    13.845    14.41    9.74
   3571.515    17.975    10.98    8.63
   3947.879    22.088    10.93    7.51
   4324.320    25.663     9.50    7.19
   4700.840    33.973    22.07   13.04
   5077.438    45.480    30.56   17.46
   5454.114    58.686    35.06   16.10
   5830.868    68.265    25.43   10.64
   6207.701    75.871    20.18    6.33
   6584.612    81.143    13.99    8.54
   6961.602    88.675    19.98   11.18
   7338.670    97.088    22.31   12.53
   7715.817   106.292    24.40   11.93
   8093.042   114.523    21.82   11.20
   8470.346   122.512    21.17   11.62
   8847.729   131.447    23.68   14.20
   9225.190   141.863    27.60   15.10
   9602.730   152.007    26.87   16.06
   9980.349   163.045    29.23   15.91
  10358.047   172.104    23.99   16.33
  10735.823   184.751    33.48   18.23
  11113.679   201.093    43.25   27.84
  11491.614   224.171    61.06   31.63
  11869.627   247.427    61.52   31.60
  12247.720   270.632    61.37   27.22
  12625.892   284.373    36.34   22.13
  13004.144   292.204    20.70   23.72
  13382.474   301.619    24.89   29.30
  13760.884   315.034    35.45   35.56
  14139.373   328.832    36.46   40.44
  14517.942   347.193    48.50   40.55
  14896.590   361.179    36.94   42.97
  15275.318   386.908    67.94   54.56
  15654.125   421.039    90.10   80.81
  16033.012   486.073   171.65  104.40
  16411.978   524.024   100.14   90.00
  16791.024   524.336     0.82   73.90
  17170.150   492.949   -82.79   74.10
  17549.356   435.208  -152.27   64.30
  17928.642   391.771  -114.53   47.82
  18308.007   359.194   -85.87   31.92
  18687.453   338.273   -55.14   26.06
  19066.978   315.226   -60.73   25.33
  19446.584   296.237   -50.02   23.14
  19826.270   279.045   -45.28   20.77
  20206.036   260.803   -48.03   25.03
  20585.882   236.970   -62.74   35.68
  20965.808   221.545   -40.60   34.81
  21345.815   215.375   -16.24   39.64
  21725.902   215.174    -0.53   46.69
  22106.069   234.747    51.49   49.28
  22486.317   255.765    55.27   42.99
  22866.645   276.491    54.50   38.89
  23247.054   298.989    59.14   39.67
  23627.544   332.459    87.97   54.36
  24008.114   361.477    76.25   58.69
  24388.765   384.130    59.51   55.04
  24769.497   391.637    19.72   48.58
  25150.309   385.857   -15.18   42.69
  25531.203   376.010   -25.85   36.58
  25903.728   362.416   -36.49   30.35
  26269.313   347.138   -41.79   36.64
  26634.972   314.470   -89.34   52.75
  27000.704   276.362  -104.20   53.80
  27366.510   235.197  -112.53   45.50
  27732.389   203.050   -87.86   41.62
  28098.342   176.914   -71.42   30.73
  28464.369   167.758   -25.02   27.01
  28830.470   158.970   -24.00   20.09
  29196.644   152.502   -17.66   20.67
  29562.892   145.062   -20.31   19.86
  29929.214   137.715   -20.06   15.08
  30295.610   134.039   -10.03   10.74
  30662.080   132.072    -5.37   12.43
  31028.624   130.092    -5.40   17.94
  31395.242   122.743   -20.05   19.10
  31761.934   115.513   -19.72   13.95
  32128.700   113.601    -5.21    8.51
  32495.541   119.018    14.77    8.08
  32862.455   124.499    14.94    4.86
  33229.444   126.992     6.79    3.86
  33596.508   127.643     1.77    4.80
  33963.645   128.871     3.35    5.75
  34330.857   130.996     5.79    6.67
  34698.144   133.163     5.90    7.44
  35065.505   136.109     8.02    7.86
  35432.941   139.423     9.02    7.37
  35800.451   143.861    12.08    8.88
  36168.036   148.852    13.58    9.54
  36535.695   154.077    14.21    9.78
  36903.429   159.770    15.48    8.58
  37271.238   166.545    18.42   10.32
  37639.122   173.190    18.06   12.13
  38007.081   181.697    23.12   12.08
  38375.115   187.938    16.96   11.23
  38743.223   193.389    14.81    9.05
  39111.407   195.811     6.58    9.84
  39479.666   199.089     8.90   10.91
  39847.999   202.258     8.60   11.07
  40216.408   204.658     6.52   10.47
  40584.892   205.449     2.15    9.43
  40953.452   205.826     1.02    8.74
  41322.086   206.987     3.15    8.58
  41690.796   210.298     8.98    9.65
  42059.581   218.230    21.51   11.85
  42428.442   230.061    32.08   18.94
  42797.378   250.459    55.29   29.65
  43166.390   271.481    56.97   35.92
  43535.477   299.061    74.73   35.79
  43904.640   328.726    80.36   39.06
  44273.878   362.326    91.00   42.96
  44643.193   401.910   107.19   48.06
  45012.582   445.347   117.59   45.72
  45382.048   487.332   113.64   49.88
  45751.590   527.710   109.27   54.33
  46121.207   581.384   145.22   65.86
  46490.900   628.832   128.35   69.66
  46860.670   669.534   110.08   54.44
  47230.515   680.034    28.39   37.19
  47600.436   661.319   -50.59   48.20
  47970.434   618.768  -115.01   55.01
  48340.507   566.885  -140.20   54.60
  48710.657   520.407  -125.57   56.40
  49080.883   475.211  -122.08   44.37
  49451.185   447.211   -75.62   34.49
  49821.564   426.118   -56.95   29.00
  50192.019   407.396   -50.54   27.10
  50562.551   389.127   -49.31   26.42
  50933.159   375.134   -37.76   19.10
  51303.843   375.434     0.81   20.75
  51674.604   394.853    52.38   36.97
  52045.442   425.087    81.53   43.00
  52416.357   462.480   100.82   40.37
  52787.348   484.829    60.24   32.10
  53158.416   497.001    32.80   20.44
  53529.560   492.229   -12.86   19.64
  53900.782   482.034   -27.46   19.55
  54272.080   471.292   -28.93   15.30
  54643.456   465.411   -15.84   12.58
  55014.908   465.389    -0.06   12.55
  55386.438   469.624    11.40   15.54
  55758.044   475.641    16.19   18.79
  56129.728   482.907    19.55   22.65
  56501.489   490.003    19.09   26.13
  56873.327   497.990    21.48   29.34
  57245.242   503.846    15.74   34.09
  57617.235   505.970     5.71   41.74
  57989.305   498.768   -19.36   52.55
  58361.453   483.300   -41.57   61.02
  58733.678   459.119   -64.97   67.69
  59105.980   433.853   -67.87   65.50
  59478.360   403.056   -82.71   56.83
  59850.818   382.800   -54.39   47.67
  60223.354   363.501   -51.81   30.20
  60595.967   357.882   -15.08   19.95
  60968.658   356.893    -2.65   13.35
  61341.426   369.153    32.89   20.49
  61714.273   384.189    40.33   22.82
  62087.197   395.720    30.92   16.39
  62460.200   397.189     3.94   14.75
  62833.280   380.713   -44.16   27.39
  63206.439   361.633   -51.13   26.00
  63579.675   350.289   -30.39   16.27
  63952.990   357.871    20.31   27.15
  64326.383   383.651    69.05   38.59
  64699.854   399.555    42.59   33.22
  65073.404   404.599    13.50   26.03
  65447.032   407.330     7.31   26.97
  65820.738   423.233    42.56   39.83
  66194.523   446.093    61.16   37.84
  66568.386   462.917    45.00   22.39
  66942.327   462.758    -0.43   25.35
  67316.348   455.491   -19.43   31.05
  67690.447   451.682   -10.18   34.98
  68064.624   449.918    -4.71   36.21
  68438.881   438.755   -29.83   36.81
  68813.216   420.827   -47.90   40.36
  69187.630   397.018   -63.59   32.84
  69562.123   391.489   -14.77   26.42
  69936.695   405.930    38.56   35.45
  70311.345   430.545    65.70   39.10
  70686.075   454.642    64.31   35.72
  71060.884   465.361    28.60   34.80
  71435.772   459.204   -16.42   34.61
  71810.739   443.028   -43.14   34.18
  72185.786   419.077   -63.86   34.94
  72560.912   398.067   -56.01   28.68
  72936.117   390.471   -20.25   19.26
  73311.401   401.427    29.19   28.64
  73686.765   429.218    74.04   43.56
  74062.208   469.447   107.15   53.83
  74437.731   517.208   127.19   59.25
  74813.334   569.480   139.18   64.52
  75189.016   623.013   142.50   64.42
  75564.778   663.928   108.89   51.15
  75940.619   693.566    78.86   30.80
  76316.541   706.183    33.56   25.68
  76692.542   714.609    22.41   30.33
  77068.623   725.268    28.35   32.11
  77444.784   736.098    28.79   29.05
  77821.025   737.045     2.52   23.91
  78197.345   725.151   -31.61   31.26
  78573.746   702.885   -59.16   39.34
  78950.228   687.896   -39.82   38.31
  79326.789   686.018    -4.99   41.32
  79703.431   701.958    42.32   43.64
  80080.152   708.945    18.55   36.46
  80456.955   687.211   -57.68   59.46
  80833.837   632.303  -145.70   86.28
  81210.800   569.889  -165.58   71.63
  81587.844   545.722   -64.10   43.73
  81964.968   547.622     5.04   37.00
  82342.172   556.409    23.30   31.73
  82719.458   548.327   -21.42   37.02
  83096.824   513.805   -91.49   45.83
  83474.270   470.765  -114.04   46.08
  83851.798   426.292  -117.81   50.17
  84229.406   381.524  -118.57   49.12
  84607.095   339.829  -110.40   44.07
  84984.866   313.138   -70.66   29.16
  85362.717   330.355    45.57   55.54
  85740.649   391.083   160.69   94.41
  86118.662   471.149   211.82  104.15
  86496.757   548.230   203.88   68.07
  86874.933   567.934    52.11   42.89
  87253.189   551.632   -43.10   58.25
  87631.528   505.913  -120.85   61.11
  88009.947   466.534  -104.07   42.45
  88388.448   445.847   -54.66   30.65
  88767.031   437.512   -22.02   25.59
  89145.695   435.787    -4.56   23.34
  89524.440   438.434     6.99   29.97
  89903.268   446.409    21.05   36.23
  90282.176   459.182    33.71   35.03
  90661.167   469.050    26.04   24.79
  91040.239   465.034   -10.60   25.85
  91419.394   442.766   -58.73   39.11
  91798.630   410.013   -86.37   44.65
  92177.948   373.097   -97.33   41.14
  92557.348   337.292   -94.38   35.24
  92936.830   309.277   -73.83   31.24
  93316.394   281.567   -73.01   26.89
  93696.040   258.597   -60.51   26.74
  94075.768   233.545   -65.98   25.28
  94455.579   217.313   -42.74   19.55
  94835.472   212.620   -12.35   19.26
  95215.447   224.250    30.61   36.38
  95595.505   255.018    80.96   61.10
  95975.645   282.628    72.64   67.15
  96355.868   289.867    19.04   62.81
  96736.173   274.816   -39.58   57.79
  97116.561   242.440   -85.12   43.98
  97497.032   218.566   -62.75   30.70
  97877.585   206.460   -31.81   20.81
  98258.221   205.608    -2.24   18.69
  98638.940   220.258    38.48   29.64
  99019.742   234.411    37.17   32.12
  99400.626   239.208    12.60   29.27
  99781.594   240.407     3.15   26.30
 100162.645   235.013   -14.16   20.54
 100540.639   228.970   -15.99   18.41
 100905.991   219.821   -25.04   21.35
 101271.418   211.650   -22.36   17.93
 101636.920   208.700    -8.07   12.65
 102002.498   216.218    20.57   16.21
 102368.151   229.300    35.78   19.50
 102733.879   248.576    52.71   27.37
 103099.683   271.215    61.89   35.46
 103465.563   302.776    86.27   43.98
 103831.518   332.429    81.03   47.57
 104197.548   372.109   108.41   50.64
 104563.654   406.389    93.64   47.88
 104929.836   432.230    70.58   30.00
 105296.094   436.222    10.90   25.21
 105662.427   429.240   -19.06   30.38
 106028.836   413.566   -42.78   35.60
 106395.321   401.766   -32.20   44.79
 106761.882   384.450   -47.24   52.73
 107128.519   361.389   -62.90   52.16
 107495.232   334.534   -73.24   49.10
 107862.021   315.545   -51.77   46.79
 108228.886   292.588   -62.58   36.36
 108595.827   277.450   -41.26   30.21
 108962.844   266.524   -29.77   24.57
 109329.938   257.672   -24.11   19.45
 109697.108   250.534   -19.44   17.00
 110064.354   242.353   -22.28   12.43
 110431.677   235.776   -17.91   18.97
 110799.076   224.045   -31.93   26.64
 111166.552   208.098   -43.40   27.95
 111534.104   193.340   -40.15   16.47
 111901.733   189.442   -10.61    6.83
 112269.438   199.470    27.27   25.05
 112637.220   250.774   139.51   75.51
 113005.079   295.341   121.16   78.66
 113373.014   334.172   105.55   56.24
 113741.026   344.732    28.70   34.20
 114109.116   334.061   -28.99   28.61
 114477.282   329.696   -11.86   21.89
 114845.525   329.393    -0.82   17.55
 115213.845   323.826   -15.11   15.42
 115582.242   316.697   -19.35   14.14
 115950.716   308.885   -21.20   10.92
 116319.267   306.098    -7.56    9.21
 116687.896   307.776     4.55   11.21
 117056.602   312.024    11.52   13.47
 117425.385   319.018    18.97   12.91
 117794.245   324.132    13.87   10.46
 118163.183   326.634     6.78    8.18
 118532.198   327.040     1.10    8.15
 118901.291   325.317    -4.67    8.46
 119270.461   323.370    -5.27    8.18
 119639.709   321.910    -3.95    7.04
 120009.034   323.566     4.48    7.70
 120378.438   327.187     9.80    8.39
 120747.919   327.734     1.48   10.41
 121117.477   322.050   -15.38   17.45
 121487.114   310.154   -32.19   23.51
 121856.828   296.174   -37.82   23.81
 122226.620   286.323   -26.64   20.22
 122596.491   288.906     6.98   22.92
 122966.439   297.023    21.94   26.54
 123336.465   312.055    40.63   34.77
 123706.570   326.738    39.68   44.95
 124076.752   346.462    53.29   61.05
 124447.013   351.566    13.78   71.87
 124817.352   336.029   -41.96   74.90
 125187.770   305.628   -82.08   58.87
 125558.265   271.955   -90.89   38.89
 125928.840   245.833   -70.50   36.26
 126299.492   217.986   -75.14   40.53
 126670.224   192.112   -69.80   33.10
 127041.033   172.154   -53.83   11.90
 127411.922   168.833    -8.95    4.32
 127782.889   173.889    13.63   10.13
 128153.934   185.813    32.14   17.27
 128525.059   200.661    40.01   21.38
 128896.262   226.691    70.13   30.33
 129267.544   261.451    93.63   51.37
 129638.905   329.029   181.99   94.12
 130010.345   432.597   278.85  147.26
 130381.864   533.233   270.90  131.74
 130753.462   584.086   136.86   88.51
 131125.140   582.332    -4.72   78.88
 131496.896   525.555  -152.74   80.50
 131868.731   477.689  -128.74   52.82
 132240.646   457.438   -54.46   25.42
 132612.640   460.889     9.28   34.63
 132984.714   471.790    29.30   44.75
 133356.867   470.107    -4.52   47.63
 133729.099   458.222   -31.93   46.56
 134101.411   432.471   -69.17   33.80
 134473.802   409.576   -61.49   32.41
 134846.273   387.941   -58.09   34.29
 135218.824   362.639   -67.92   31.93
 135591.454   345.167   -46.89   26.73
 135964.165   327.244   -48.09   20.90
 136336.955   316.533   -28.73   18.87
 136709.824   308.771   -20.82   18.89
