-164824.199   341.109     0.00   71.59
-164446.979   383.948   113.55   65.37
-164069.688   408.656    65.48   50.58
-163692.327   421.486    33.99   55.86
-163314.894   409.407   -32.00   65.91
-162937.390   406.678    -7.23   63.57
-162559.815   418.646    31.69   59.21
-162182.169   419.514     2.30   60.95
-161804.452   436.472    44.89   58.81
-161426.664   457.051    54.47   68.95
-161048.804   479.759    60.09   67.98
-160670.873   489.388    25.48   56.53
-160292.871   471.470   -47.40   58.68
-159914.797   445.749   -68.02   53.43
-159536.652   430.972   -39.07   43.52
-159158.435   407.051   -63.24   52.19
-158780.147   374.979   -84.77   43.39
-158401.787   365.792   -24.28   37.81
-158023.356   380.300    38.33   56.44
-157644.853   422.056   110.30   77.77
-157266.278   472.927   134.36   77.83
-156887.632   518.750   121.00   64.08
-156508.914   550.657    84.24   48.40
-156130.124   557.043    16.86   58.35
-155751.262   540.725   -43.06   73.20
-155372.328   519.609   -55.72   89.04
-154993.323   506.939   -33.43   90.18
-154614.245   521.597    38.67  114.58
-154235.096   571.397   131.33  123.44
-153855.874   607.041    93.98   97.77
-153476.581   575.609   -82.86   98.46
-153097.215   531.955  -115.06   69.10
-152717.777   513.468   -48.72   64.09
-152338.267   500.922   -33.06   72.51
-151958.685   484.085   -44.35   72.88
-151579.030   435.905  -126.89   64.64
-151199.303   408.109   -73.19   50.17
-150819.504   424.923    44.27   77.49
-150439.632   473.527   127.93  124.67
-150059.688   567.693   247.81  170.00
-149679.671   675.550   283.79  189.13
-149299.582   793.241   309.61  160.81
-148919.420   859.681   174.75  104.71
-148539.186   846.868   -33.69  112.84
-148167.761   779.156  -182.28  138.53
-147801.348   654.597  -339.90  136.00
-147434.869   555.392  -270.67  116.47
-147068.324   509.891  -124.12   88.24
-146701.711   513.068     8.66   99.57
-146335.031   512.770    -0.81  104.18
-145968.285   503.327   -25.74  101.54
-145601.472   468.718   -94.34   97.50
-145234.591   432.167   -99.61   80.40
-144867.644   397.359   -94.85   65.97
-144500.630   390.561   -18.52   81.98
-144133.548   397.984    20.22   97.14
-143766.400   381.621   -44.56   95.20
-143399.184   385.163     9.65   90.50
-143031.901   387.551     6.50   93.80
-142664.551   385.313    -6.09   97.10
-142297.134   393.327    21.81  106.39
-141929.649   403.656    28.11  125.29
-141562.097   406.440     7.57  146.60
-141194.478   405.942    -1.35  150.12
-140826.791   380.609   -68.89  135.20
-140459.037   340.127  -110.07  101.11
-140091.216   300.175  -108.60   65.88
-139723.327   276.276   -64.96   47.30
-139355.370   256.048   -54.97   31.85
-138987.346   251.011   -13.68   26.26
-138619.254   249.868    -3.10   24.89
-138251.094   248.586    -3.48   25.22
-137882.867   250.153     4.26   26.92
-137514.572   252.280     5.77   27.20
-137146.209   252.449     0.46   25.16
-136777.779   249.318    -8.50   20.08
-136409.280   250.720     3.80   22.01
-136040.714   259.561    23.99   32.84
-135672.080   272.158    34.17   41.10
-135303.377   301.139    78.59   49.80
-134934.607   339.097   102.92   52.66
-134565.769   375.528    98.76   62.60
-134196.863   399.730    65.60   66.54
-133827.888   420.284    55.70   73.97
-133458.846   428.383    21.94   77.46
-133089.735   435.043    18.04   77.38
-132720.556   422.739   -33.33   76.86
-132351.309   387.144   -96.39   86.98
-131981.993   332.144  -148.91   88.59
-131612.609   296.158   -97.41   65.74
-131243.157   306.776    28.74   70.17
-130873.636   351.350   120.61   84.09
-130504.047   401.644   136.07   59.43
-130134.390   426.159    66.31   31.96
-129764.664   415.353   -29.22   40.65
-129394.869   396.697   -50.45   41.38
-129025.006   381.272   -41.70   39.65
-128655.074   364.172   -46.22   44.81
-128285.073   338.830   -68.48   51.93
-127915.004   302.856   -97.20   52.76
-127544.866   267.435   -95.69   44.28
-127174.659   239.743   -74.79   30.53
-126804.383   218.121   -58.39   19.32
-126434.038   204.550   -36.64   13.84
-126063.625   192.287   -33.10   12.55
-125693.142   182.826   -25.54   10.75
-125322.591   174.586   -22.24    8.25
-124951.970   169.645   -13.33    5.08
-124581.281   166.997    -7.14    1.85
-124210.522   167.760     2.06    3.99
-123839.694   174.383    17.86   12.19
-123468.797   184.931    28.44   19.32
-123097.831   204.427    52.55   27.50
-122726.796   222.291    48.14   28.21
-122355.691   241.392    51.47   28.92
-121984.517   250.000    23.19   31.14
-121613.274   259.068    24.42   32.32
-121241.961   272.157    35.25   33.82
-120870.578   295.993    64.18   41.85
-120499.127   325.063    78.25   56.98
-120127.605   376.424   138.23   66.48
-119756.014   427.214   136.67   60.99
-119384.354   458.156    83.25   48.77
-119012.624   468.552    27.96   45.72
-118640.824   473.477    13.24   45.74
-118268.954   483.181    26.09   44.51
-117897.015   497.368    38.14   42.69
-117525.006   502.307    13.27   48.10
-117152.927   490.478   -31.79   68.26
-116780.778   463.828   -71.61   80.04
-116408.559   425.097  -104.04   84.68
-116036.271   381.162  -118.00   77.95
-115663.912   348.934   -86.54   70.12
-115291.483   316.574   -86.88   60.86
-114918.984   287.934   -76.88   56.80
-114546.415   263.632   -65.22   46.98
-114173.776   241.134   -60.37   38.39
-113801.067   219.981   -56.75   32.74
-113428.287   199.984   -53.64   27.78
-113055.437   185.342   -39.27   27.23
-112682.517   169.222   -43.22   27.20
-112309.527   156.336   -34.54   23.53
-111936.466   147.634   -23.32   17.57
-111563.335   142.039   -14.99   13.74
-111190.133   141.585    -1.22   14.32
-110816.861   137.044   -12.16   14.37
-110443.518   129.893   -19.15   14.58
-110070.104   123.530   -17.04   13.92
-109696.620   119.362   -11.16   10.94
-109323.065   119.621     0.69   10.49
-108949.440   123.024     9.11   11.02
-108575.744   127.386    11.67    9.57
-108201.977   130.473     8.26    8.23
-107828.139   131.689     3.25    5.39
-107454.230   130.365    -3.54    4.14
-107080.251   127.064    -8.83    5.39
-106706.200   124.128    -7.85    5.73
-106332.078   120.739    -9.06    6.02
-105957.886   117.036    -9.89    5.66
-105583.622   114.862    -5.81    5.97
-105209.287   112.682    -5.82    7.46
-104834.881   111.336    -3.59    8.40
-104460.404   109.486    -4.94    8.69
-104085.856   106.503    -7.96    5.63
-103711.236   108.463     5.23    8.04
-103336.545   116.745    22.10   13.40
-102961.783   126.902    27.10   14.24
-102586.949   135.518    22.99   10.69
-102212.044   141.658    16.38    8.87
-101837.068   139.950    -4.55   13.28
-101462.019   134.109   -15.57   17.29
-101086.900   121.437   -33.78   21.15
-100711.708   106.414   -40.04   20.68
-100336.445    91.859   -38.78   18.00
 -99961.111    79.807   -32.11    9.40
 -99585.704    73.156   -17.72    4.94
 -99210.226    69.177   -10.60    3.44
 -98834.676    66.264    -7.76    3.71
 -98459.055    63.881    -6.35    2.74
 -98083.361    62.458    -3.79    2.28
 -97707.595    62.440    -0.05    2.69
 -97331.758    63.264     2.19    2.71
 -96955.848    64.718     3.87    2.87
 -96579.867    69.725    13.32    7.98
 -96203.813    79.850    26.92   14.46
 -95827.687    91.760    31.66   16.67
 -95451.489   106.315    38.69   14.86
 -95075.219   117.931    30.87   13.40
 -94698.876   130.121    32.39   14.74
 -94322.461   141.028    28.97   17.56
 -93945.974   148.782    20.59   16.23
 -93569.415   150.460     4.46   14.10
 -93192.783   147.435    -8.03   13.75
 -92816.078   140.774   -17.68   17.68
 -92439.301   129.551   -29.78   19.59
 -92062.452   126.345    -8.51   20.47
 -91685.530   138.007    30.94   32.32
 -91308.535   158.230    53.64   38.30
 -90931.468   189.656    83.34   36.57
 -90554.328   214.730    66.48   32.29
 -90177.115   245.120    80.56   37.41
 -89799.829   272.981    73.84   44.43
 -89422.471   298.539    67.72   52.92
 -89045.039   330.121    83.67   67.67
 -88667.535   365.528    93.79   69.09
 -88289.958   378.705    34.90   60.30
 -87912.308   369.345   -24.79   61.59
 -87534.584   347.728   -57.22   61.56
 -87156.788   305.973  -110.52   48.42
 -86778.918   288.645   -45.85   31.85
 -86400.976   299.678    29.19   32.51
 -86022.960   321.247    57.05   48.95
 -85644.871   351.643    80.39   46.73
 -85266.708   364.059    32.83   38.93
 -84888.472   354.768   -24.56   45.16
 -84510.163   328.189   -70.25   40.52
 -84131.780   302.368   -68.24   39.96
 -83753.324   288.971   -35.40   38.33
 -83374.795   270.908   -47.71   35.98
 -82996.191   247.240   -62.51   37.82
 -82617.514   231.322   -42.03   32.64
 -82238.764   226.237   -13.42   26.94
 -81859.940   241.034    39.06   35.77
 -81481.042   267.644    70.22   30.20
 -81102.070   281.416    36.34   17.30
 -80723.025   283.320     5.02   13.73
 -80343.905   271.437   -31.34   23.18
 -79964.712   250.747   -54.56   33.35
 -79585.445   223.959   -70.63   40.72
 -79206.104   185.745  -100.73   37.55
 -78826.689   158.207   -72.58   27.72
 -78447.199   141.848   -43.11   17.06
 -78067.636   143.490     4.33   21.56
 -77687.999   161.770    48.15   31.59
 -77308.287   187.029    66.52   31.42
 -76928.501   208.950    57.72   22.00
 -76548.641   221.134    32.07   17.95
 -76168.706   221.667     1.40   23.37
 -75788.697   211.300   -27.28   25.29
 -75408.614   195.677   -41.10   26.49
 -75028.456   179.537   -42.45   22.46
 -74648.223   165.310   -37.41   18.52
 -74267.916   156.886   -22.15   12.03
 -73887.535   155.018    -4.91   11.75
 -73511.907   154.191    -2.20   11.42
 -73145.705   153.632    -1.52   10.87
 -72779.435   149.073   -12.45   11.69
 -72413.097   143.230   -15.95   10.50
 -72046.690   138.694   -12.38    8.23
 -71680.215   138.031    -1.81    9.45
 -71313.671   139.646     4.40   10.34
 -70947.059   142.655     8.21    9.38
 -70580.378   145.883     8.80   10.25
 -70213.628   150.234    11.86   11.30
 -69846.810   150.772     1.47   13.05
 -69479.923   145.768   -13.64   17.42
 -69112.968   135.073   -29.14   21.96
 -68745.943   118.825   -44.27   24.21
 -68378.850   104.984   -37.70   23.85
 -68011.687    91.489   -36.75   19.88
 -67644.456    84.184   -19.89   12.39
 -67277.156    83.946    -0.65   10.38
 -66909.787    90.080    16.70   12.25
 -66542.349    97.584    20.42    9.28
 -66174.842   102.359    12.99    4.70
 -65807.266   104.365     5.46    1.08
 -65439.620   104.598     0.63    0.11
 -65071.906   104.350    -0.67    0.80
 -64704.122   103.318    -2.81    2.24
 -64336.269   101.156    -5.88    4.41
 -63968.346    97.574    -9.73    7.24
 -63600.354    95.518    -5.59    8.60
 -63232.293    93.200    -6.30    8.97
 -62864.163    91.280    -5.22    9.16
 -62495.963    87.935    -9.08    9.50
 -62127.693    83.586   -11.81   10.26
 -61759.354    76.044   -20.47   11.18
 -61390.946    68.287   -21.06   12.57
 -61022.467    60.669   -20.67   13.27
 -60653.920    51.759   -24.18   12.03
 -60285.302    44.219   -20.45    7.80
 -59916.615    39.805   -11.97    3.51
 -59547.858    37.853    -5.29    0.85
 -59179.031    37.609    -0.66    0.00
 -58810.134    37.621     0.03    0.11
 -58441.167    38.177     1.51    1.70
 -58072.131    39.345     3.16    3.34
 -57703.024    41.552     5.98    4.70
 -57333.848    45.632    11.05    7.56
 -56964.601    52.786    19.37   11.09
 -56595.285    62.493    26.28   15.80
 -56225.898    76.225    37.18   20.49
 -55856.441    91.264    40.70   23.58
 -55486.914   104.046    34.59   20.70
 -55117.316   106.620     6.97   17.22
 -54747.648   101.323   -14.33   17.82
 -54377.910    89.711   -31.40   17.23
 -54008.102    79.133   -28.60   11.19
 -53638.223    74.782   -11.76    5.61
 -53268.274    77.085     6.23    8.17
 -52898.254    84.149    19.09   11.98
 -52528.164    92.097    21.47   12.16
 -52158.003    98.452    17.17   10.29
 -51787.771   103.121    12.61    6.99
 -51417.469   103.471     0.94    5.70
 -51047.097    98.276   -14.03   10.88
 -50676.653    89.268   -24.31   12.81
 -50306.139    84.842   -11.95    9.54
 -49935.554    87.620     7.50   11.32
 -49564.898    94.690    19.07   11.81
 -49194.171    98.901    11.36    8.60
 -48823.373    97.538    -3.68    9.56
 -48452.504    88.250   -25.04   14.46
 -48081.564    75.984   -33.06   18.51
 -47710.554    63.915   -32.53   18.64
 -47339.472    56.250   -20.66   13.27
 -46968.319    54.218    -5.47    9.34
 -46597.094    59.214    13.46   10.69
 -46225.799    67.342    21.89    8.48
 -45854.432    72.620    14.21    5.41
 -45482.994    76.322     9.96    3.30
 -45111.485    77.791     3.95    2.81
 -44739.904    78.609     2.20    2.66
 -44368.252    78.014    -1.60    3.49
 -43996.528    73.103   -13.21    9.92
 -43624.733    63.506   -25.81   15.33
 -43252.866    53.170   -27.79   14.05
 -42880.928    46.280   -18.53    8.62
 -42508.918    42.658    -9.74    1.13
 -42136.837    43.780     3.01    2.29
 -41764.684    45.621     4.95    2.84
 -41392.459    47.520     5.10    3.52
 -41020.162    48.946     3.83    4.17
 -40647.793    50.161     3.26    5.16
 -40275.353    51.280     3.00    5.40
 -39902.840    53.007     4.64    5.32
 -39530.256    55.121     5.67    4.70
 -39157.600    58.057     7.88    4.23
 -38784.871    60.974     7.82    3.82
 -38412.071    64.643     9.84    4.76
 -38039.198    68.237     9.64    4.98
 -37666.253    71.268     8.13    4.26
 -37293.236    73.144     5.03    3.04
 -36920.147    74.348     3.23    1.48
 -36546.986    74.946     1.60    1.09
 -36173.752    75.494     1.47    1.17
 -35800.445    75.241    -0.68    1.91
 -35427.067    72.025    -8.61    6.58
 -35053.616    66.004   -16.12   10.44
 -34680.092    57.791   -21.99   11.32
 -34306.496    50.586   -19.28   10.20
 -33932.827    41.942   -23.13   10.43
 -33559.086    35.493   -17.26    9.34
 -33185.272    30.299   -13.89    4.44
 -32811.385    30.280    -0.05    4.12
 -32437.426    34.137    10.32    6.51
 -32063.394    38.715    12.24    6.85
 -31689.288    45.553    18.28    6.64
 -31315.110    51.041    14.67    7.07
 -30940.860    58.086    18.82    8.63
 -30566.536    64.439    16.97    8.85
 -30192.139    69.074    12.38    6.31
 -29817.669    69.405     0.88    7.21
 -29443.126    64.823   -12.23   11.03
 -29068.510    59.268   -14.83   11.59
 -28693.821    49.778   -25.33   14.46
 -28319.058    42.063   -20.59   15.56
 -27944.222    35.870   -16.52   14.68
 -27569.313    30.924   -13.19   10.72
 -27194.331    28.039    -7.69    5.96
 -26819.275    28.126     0.23    5.00
 -26444.146    28.564     1.17    3.85
 -26068.943    28.416    -0.39    2.39
 -25693.667    29.272     2.28    2.78
 -25318.317    31.109     4.89    4.67
 -24942.894    34.137     8.07    6.55
 -24567.397    37.382     8.64    6.98
 -24191.826    40.225     7.57    7.52
 -23816.181    40.984     2.02    9.36
 -23440.463    40.272    -1.90   10.30
 -23064.671    39.257    -2.70   10.14
 -22688.805    39.508     0.67    9.84
 -22312.865    37.597    -5.08    9.28
 -21936.852    37.688     0.24    8.65
 -21560.764    37.931     0.65    7.98
 -21184.602    39.416     3.95   10.23
 -20808.366    40.007     1.57   11.62
 -20432.056    39.793    -0.57   10.89
 -20055.672    38.853    -2.50    8.97
 -19679.214    39.677     2.19    8.16
 -19302.681    40.816     3.02    7.87
 -18926.074    42.416     4.25    6.52
 -18549.393    43.166     1.99    5.62
 -18172.637    44.486     3.50    5.19
 -17795.807    47.713     8.56    6.36
 -17418.903    52.298    12.17    7.12
 -17041.924    56.046     9.94    7.46
 -16664.870    59.115     8.14    6.41
 -16287.742    58.539    -1.53    8.08
 -15910.539    56.939    -4.24    8.41
 -15533.262    55.109    -4.85    7.46
 -15155.909    53.665    -3.83    7.17
 -14778.482    52.204    -3.87    7.13
 -14400.980    50.774    -3.79    7.14
 -14023.404    50.050    -1.92    7.31
 -13645.752    49.402    -1.71    6.94
 -13268.025    49.754     0.93    6.15
 -12890.224    50.620     2.29    6.07
 -12512.347    52.036     3.75    7.13
 -12134.395    53.473     3.80    6.54
 -11756.369    52.371    -2.91    7.24
 -11378.267    48.521   -10.18   10.65
 -11000.089    44.841    -9.73   12.53
 -10621.837    40.389   -11.77   14.09
 -10243.509    35.240   -13.61   13.80
  -9865.106    30.359   -12.90   10.99
  -9486.627    24.954   -14.28    6.37
  -9108.073    21.306    -9.64    5.57
  -8729.444    17.244   -10.73    5.07
  -8350.739    14.025    -8.50    3.00
  -7971.958    11.965    -5.44    1.16
  -7593.102    10.780    -3.13    1.56
  -7214.170     8.998    -4.70    2.40
  -6835.162     6.991    -5.30    3.06
  -6456.079     4.950    -5.38    3.06
  -6076.920     3.052    -5.01    2.95
  -5697.685     1.474    -4.16    2.38
  -5318.374     0.325    -3.03    1.53
  -4938.987    -0.313    -1.68    1.09
  -4559.524    -0.573    -0.68    0.80
  -4179.986    -0.627    -0.14    0.72
  -3800.371    -0.598     0.08    0.78
  -3420.680    -0.482     0.31    1.01
  -3040.912    -0.391     0.24    1.09
  -2661.069    -0.959    -1.50    1.49
  -2281.149    -1.779    -2.16    1.48
  -1901.153    -2.312    -1.40    1.31
  -1521.081    -2.808    -1.30    1.08
  -1140.932    -3.076    -0.71    1.19
   -760.707    -3.558    -1.27    1.13
   -380.406    -2.962     1.57    3.83
     -0.027     1.716    12.30    9.38
    380.427    10.200    22.30   13.25
    760.959    22.950    33.51   15.95
   1141.140    39.497    43.52   22.14
   1507.123    62.216    62.08   30.50
   1873.176    92.299    82.18   40.87
   2239.299   137.002   122.10   57.46
   2605.493   190.829   146.99   69.88
   2971.756   229.562   105.75   54.24
   3338.090   248.916    52.83   39.61
   3704.493   251.859     8.03   39.23
   4070.968   245.092   -18.46   47.15
   4437.512   248.234     8.57   45.66
   4804.127   261.961    37.44   48.86
   5170.812   287.254    68.98   58.29
   5537.568   313.393    71.27   52.39
   5904.394   316.509     8.49   47.86
   6271.290   307.026   -25.85   54.71
   6638.258   283.575   -63.90   58.17
   7005.295   258.332   -68.78   55.96
   7372.404   233.036   -68.91   54.68
   7739.583   217.311   -42.83   46.85
   8106.833   217.238    -0.20   43.95
   8474.153   206.655   -28.81   48.81
   8841.545   197.148   -25.88   51.59
   9209.007   183.325   -37.62   49.48
   9576.540   173.713   -26.15   47.58
   9944.144   167.373   -17.25   55.55
  10311.819   159.342   -21.84   62.24
  10679.565   130.755   -77.73   59.18
  11047.382   108.859   -59.53   52.64
  11415.270   100.983   -21.41   55.01
  11783.230    96.209   -12.97   52.57
  12151.260    91.433   -12.98   44.14
  12519.362    85.458   -16.23   33.75
  12887.535    81.120   -11.78   23.94
  13255.779    90.506    25.49   36.63
  13624.095   127.148    99.49   70.03
  13992.482   164.484   101.35   75.69
  14360.940   189.791    68.68   54.18
  14729.470   195.942    16.69   35.25
  15098.071   183.621   -33.43   24.39
  15466.744   180.342    -8.89   18.37
  15835.489   195.307    40.58   30.25
  16204.305   221.868    72.02   36.59
  16573.193   252.597    83.30   35.42
  16942.152   265.486    34.93   42.50
  17311.183   278.146    34.31   50.96
  17680.286   288.171    27.16   54.96
  18049.461   301.550    36.24   57.07
  18418.708   334.510    89.26   67.08
  18788.026   369.427    94.55   63.64
  19157.417   400.865    85.11   56.02
  19526.880   426.031    68.12   50.29
  19896.414   446.362    55.02   56.44
  20266.021   465.416    51.55   75.68
  20635.700   502.370    99.97   78.81
  21005.451   516.842    39.14   67.59
  21375.274   522.664    15.74   48.55
  21745.170   518.776   -10.51   36.21
  22115.137   486.268   -87.87   56.57
  22485.178   433.488  -142.64   79.95
  22855.290   378.139  -149.55   72.70
  23225.475   340.710  -101.11   64.38
  23595.732   320.236   -55.30   53.86
  23966.062   317.856    -6.42   49.04
  24336.465   327.874    27.05   44.49
  24706.940   372.766   121.18   69.86
  25077.488   423.121   135.89   79.95
  25448.108   465.854   115.30   61.23
  25818.801   486.253    55.03   37.58
  26189.567   471.103   -40.86   45.40
  26560.405   440.038   -83.77   41.22
  26931.317   409.254   -83.00   38.89
  27302.301   383.242   -70.12   40.04
  27673.359   368.924   -38.59   31.70
  28044.489   372.609     9.93   37.50
  28415.692   395.143    60.71   42.99
  28786.968   405.765    28.61   30.61
  29158.318   401.065   -12.66   31.26
  29529.741   382.142   -50.95   38.02
  29901.236   358.609   -63.35   34.03
  30272.805   343.510   -40.64   27.51
  30644.448   345.400     5.08   41.01
  31016.163   381.521    97.18   74.37
  31387.952   410.240    77.25   74.83
  31759.815   418.969    23.47   67.67
  32131.750   421.252     6.14   67.93
  32503.760   400.834   -54.89   63.84
  32875.843   380.031   -55.91   73.52
  33247.999   354.384   -68.91   79.50
  33620.229   319.868   -92.73   71.57
  33992.533   297.994   -58.76   67.23
  34364.910   289.667   -22.36   66.52
  34737.361   277.389   -32.96   60.01
  35109.886   260.245   -46.02   54.76
  35482.485   241.042   -51.54   49.36
  35855.158   215.398   -68.81   36.33
  36227.904   201.854   -36.34   26.73
  36600.725   192.780   -24.34   21.86
  36973.619   187.220   -14.91   21.23
  37346.588   180.586   -17.79   22.07
  37719.631   172.798   -20.88   21.74
  38092.748   165.787   -18.79   18.73
  38465.939   157.009   -23.52   14.95
  38839.204   149.765   -19.41   12.86
  39212.544   141.214   -22.91   10.05
  39585.958   129.998   -30.04   13.47
  39959.446   119.450   -28.24   15.25
  40333.008   111.351   -21.68   13.10
  40706.646   116.368    13.43   29.47
  41080.357   149.192    87.83   64.83
  41454.143   190.896   111.58   72.09
  41828.004   224.879    90.90   59.69
  42201.939   253.621    76.87   33.77
  42575.949   266.542    34.55   25.24
  42950.034   261.632   -13.13   26.31
  43324.194   247.054   -38.97   33.49
  43698.428   226.859   -53.96   36.52
  44072.737   213.697   -35.16   24.72
  44447.121   220.517    18.22   29.17
  44821.580   241.950    57.24   39.52
  45196.114   266.690    66.06   34.94
  45570.723   268.761     5.53   32.57
  45945.407   259.853   -23.78   39.51
  46320.166   238.411   -57.22   35.62
  46695.001   219.335   -50.89   32.20
  47069.910   202.060   -46.08   32.90
  47444.895   186.103   -42.55   31.14
  47819.955   167.268   -50.22   25.00
  48195.091   152.002   -40.70   21.03
  48570.301   137.142   -39.60   17.65
  48945.588   125.133   -32.00   14.45
  49320.949   119.276   -15.60   13.53
  49696.387   120.692     3.77   16.98
  50071.900   133.115    33.08   22.70
  50447.488   152.192    50.80   23.90
  50823.152   169.965    47.31   23.88
  51198.892   176.133    16.42   27.17
  51574.707   171.761   -11.63   31.08
  51950.599   159.377   -32.95   31.24
  52326.566   144.566   -39.40   20.66
  52702.609   136.795   -20.66   12.63
  53078.728   134.794    -5.32    7.26
  53454.923   139.260    11.87   10.23
  53831.194   144.577    14.13   12.13
  54207.541   146.609     5.40   11.81
  54583.964   141.719   -12.99   14.83
  54960.464   131.550   -27.01   15.27
  55337.039   124.774   -17.99   11.23
  55713.691   123.371    -3.72   11.60
  56090.419   134.653    29.95   21.22
  56467.223   153.276    49.42   24.83
  56844.104   169.331    42.60   26.33
  57221.062   175.645    16.75   23.94
  57598.095   179.098     9.16   20.95
  57975.206   176.691    -6.38   16.63
  58352.392   174.071    -6.95   14.61
  58729.656   176.374     6.11   15.49
  59106.996   181.049    12.39   20.86
  59484.413   190.315    24.55   25.44
  59861.906   200.356    26.60   27.57
  60239.477   196.986    -8.93   29.36
  60617.124   178.098   -50.02   32.11
  60994.848   151.299   -70.95   33.25
  61372.649   124.598   -70.68   29.32
  61750.527   102.782   -57.74   19.93
  62128.482    89.272   -35.74   13.52
  62506.514    76.811   -32.96   12.01
  62884.624    68.400   -22.25   12.21
  63262.810    61.238   -18.94   10.26
  63641.074    56.203   -13.31    7.12
  64019.415    53.030    -8.39    2.57
  64397.833    52.772    -0.68    2.34
  64776.329    52.931     0.42    2.41
  65154.902    52.961     0.08    2.34
  65533.552    55.552     6.84    7.57
  65912.280    68.016    32.91   24.00
  66291.086    85.802    46.96   31.80
  66669.969    99.491    36.13   31.82
  67048.930   110.166    28.17   26.79
  67427.969   110.554     1.02   25.22
  67807.085   113.776     8.50   21.84
  68186.279   128.433    38.66   27.41
  68565.551   140.487    31.78   26.18
  68944.900   147.931    19.63   25.86
  69324.328   156.005    21.28   26.97
  69703.834   154.484    -4.01   26.38
  70083.417   163.231    23.05   29.21
  70463.079   178.034    38.99   39.31
  70842.819   197.444    51.12   42.82
  71222.637   208.828    29.97   33.92
  71602.533   207.400    -3.76   37.69
  71982.508   186.423   -55.21   41.68
  72362.561   160.220   -68.95   43.77
  72742.692   136.439   -62.56   37.30
  73122.902   114.126   -58.69   29.52
  73503.190    96.680   -45.88   16.30
  73883.556    88.851   -20.58   12.26
  74264.001    82.074   -17.81    9.70
  74644.525    79.892    -5.74    8.39
  75025.127    80.256     0.96    7.05
  75405.808    85.109    12.75   10.47
  75786.568    91.793    17.56   11.26
  76156.652    97.297    14.87   10.42
  76522.483    99.859     7.00    8.93
  76888.386    97.510    -6.42    8.74
  77254.361    94.137    -9.22    8.54
  77620.408    89.165   -13.59   10.78
  77986.527    84.147   -13.71   12.82
  78352.717    75.798   -22.80   16.09
  78718.980    67.446   -22.80   16.11
  79085.315    57.234   -27.88   12.57
  79451.721    50.831   -17.48   10.60
  79818.200    44.900   -16.19    7.88
  80184.751    40.054   -13.22    9.00
  80551.374    35.433   -12.60    8.31
  80918.069    32.487    -8.03    6.40
  81284.837    32.621     0.36    6.04
  81651.677    36.060     9.38    8.99
  82018.589    41.070    13.66   10.30
  82385.574    44.851    10.30    7.77
  82752.631    44.642    -0.57    6.83
  83119.761    41.687    -8.05    6.38
  83486.963    40.892    -2.17    5.32
  83854.238    42.724     4.99    7.24
  84221.585    47.500    13.00    8.05
  84589.005    50.291     7.60    7.52
  84956.498    45.316   -13.54   11.93
  85324.063    35.689   -26.19   17.52
  85691.701    24.120   -31.47   18.15
  86059.412    14.950   -24.94   12.48
  86427.196     8.718   -16.95    3.28
  86795.053     7.709    -2.74    1.19
  87162.983     7.824     0.31    1.15
  87530.986     7.961     0.37    1.24
  87899.062     7.920    -0.11    1.37
  88267.211     7.750    -0.46    1.40
  88635.433     7.609    -0.38    1.44
  89003.728     7.044    -1.53    0.93
  89372.097     6.760    -0.77    0.47
  89740.538     6.729    -0.09    0.49
  90109.053     6.664    -0.18    0.27
  90477.642     6.840     0.48    0.63
  90846.304     7.125     0.77    0.85
  91215.039     7.387     0.71    0.88
  91583.848     7.437     0.14    0.88
  91952.730     7.166    -0.74    0.83
  92321.686     6.796    -1.00    0.76
  92690.715     6.280    -1.40    0.80
  93059.818     5.903    -1.02    1.09
  93428.995     5.362    -1.46    1.50
  93798.245     4.774    -1.59    1.79
  94167.570     4.044    -1.98    2.08
  94536.968     3.120    -2.50    2.23
  94906.440     2.310    -2.19    2.17
  95275.986     1.511    -2.16    1.74
  95645.606     0.890    -1.68    1.04
  96015.300     0.685    -0.55    0.47
  96385.067     0.840     0.42    0.70
  96754.910     1.170     0.89    0.93
  97124.826     1.359     0.51    1.07
  97494.816     1.564     0.55    1.21
  97864.881     1.403    -0.44    1.47
  98235.019     1.059    -0.93    1.56
  98605.233     0.522    -1.45    1.46
  98975.520     0.256    -0.72    1.49
  99345.882     0.805     1.48    2.51
  99716.318     1.784     2.64    2.89
 100086.829     3.394     4.35    2.73
 100457.415     4.896     4.05    2.14
 100828.075     4.729    -0.45    2.83
 101198.809     3.418    -3.54    3.79
 101569.619     1.837    -4.26    4.08
 101940.503     0.223    -4.35    3.26
 102311.461    -1.281    -4.05    0.66
 102682.495    -1.380    -0.27    0.11
 103053.604    -1.391    -0.03    0.00
 103424.787    -0.973     1.13    1.27
 103796.045     0.996     5.31    3.37
 104167.378     3.555     6.89    4.18
 104538.787     5.587     5.47    3.18
 104910.270     5.261    -0.88    2.99
 105281.829     3.609    -4.45    3.46
 105653.462     1.523    -5.61    2.63
 106025.171     0.051    -3.96    0.83
 106396.955    -0.316    -0.99    0.27
 106768.815    -0.391    -0.20    0.00
 107140.749    -0.434    -0.12    0.20
 107512.760    -0.482    -0.13    0.29
 107884.845    -0.604    -0.33    0.41
 108257.006    -0.624    -0.06    0.48
 108629.243    -0.445     0.48    0.67
 109001.555     0.224     1.80    1.24
 109373.943     1.946     4.62    2.52
 109746.406     4.222     6.11    3.54
 110118.946     7.435     8.63    3.76
 110491.560    10.163     7.32    2.99
 110864.251    12.323     5.80    2.31
 111237.018    13.136     2.18    1.74
 111609.860    13.298     0.43    1.69
 111982.779    12.587    -1.91    2.15
 112355.773    11.038    -4.16    2.22
 112728.844    10.663    -1.00    2.05
 113101.990    10.744     0.22    1.92
 113475.213    11.174     1.15    1.79
 113848.512    12.268     2.93    1.04
 114221.887    12.717     1.20    0.96
 114595.338    13.074     0.96    0.90
 114968.866    13.007    -0.18    1.60
 115342.470    12.402    -1.62    2.31
 115716.150    11.846    -1.49    2.56
 116089.907    12.034     0.50    2.34
 116463.740    12.437     1.08    1.97
 116837.650    13.034     1.60    1.37
 117211.637    13.364     0.88    1.01
 117585.700    13.677     0.84    1.01
 117959.840    13.932     0.68    1.15
 118334.056    14.254     0.86    1.66
 118708.349    13.892    -0.97    3.64
 119082.720    13.287    -1.62    5.03
 119457.167    13.125    -0.43    5.52
 119831.690    13.367     0.65    5.21
 120206.291    13.327    -0.11    4.69
 120580.969    13.512     0.50    3.40
 120955.724    13.500    -0.03    1.66
 121330.556    12.985    -1.37    1.45
 121705.465    12.411    -1.53    1.38
 122080.452    12.383    -0.07    1.71
 122455.515    12.642     0.69    2.07
 122830.656    11.201    -3.84    4.26
 123205.875     9.109    -5.57    5.59
 123581.170     7.566    -4.11    5.51
 123956.543     4.942    -6.99    5.37
 124331.994     3.367    -4.20    4.94
 124707.522     1.946    -3.78    3.92
 125083.128     1.319    -1.67    2.81
 125458.811     0.984    -0.89    1.87
 125834.572     1.426     1.18    1.69
 126210.411     1.461     0.09    1.56
 126586.327     1.492     0.08    1.69
 126962.321     1.587     0.25    2.04
 127338.394     2.222     1.69    2.24
 127714.544     3.774     4.13    1.11
 128090.772     4.218     1.18    0.94
 128467.078     4.554     0.89    1.06
 128843.462     4.837     0.75    1.01
 129219.924     5.011     0.46    1.00
 129596.464     5.283     0.72    1.03
 129973.083     5.433     0.40    1.50
 130349.779     5.500     0.18    1.82
 130726.555     5.554     0.14    2.02
 131103.408     5.953     1.06    1.91
 131480.340     6.654     1.86    1.68
 131857.350     7.247     1.58    1.49
 132234.439     7.543     0.78    1.20
 132611.606     7.405    -0.37    0.85
 132988.852     7.082    -0.86    0.60
 133366.176     7.045    -0.10    0.50
 133743.580     7.170     0.33    0.60
 134121.061     6.992    -0.47    0.95
 134498.622     6.862    -0.34    1.16
 134876.262     7.067     0.54    1.31
 135253.980     7.818     1.99    1.53
 135631.777     9.003     3.14    1.78
 136009.654    10.187     3.13    1.93
 136387.609    12.696     6.64    4.86
 136765.643    17.309    12.20    9.43
 137143.757    22.272    13.13   10.82
 137521.950    27.359    13.45   10.68
 137900.222    30.935     9.45    9.38
 138278.573    33.027     5.53    8.58
 138657.003    35.276     5.94    7.84
 139035.513    35.587     0.82    7.07
 139414.102    36.843     3.32    6.80
 139792.771    38.304     3.86    6.57
