# NaN NaN NaN ;Mean Elev.(m), Avg Gradient(m/km), RMS Gradient(m/km) - SRTM1     
#   55.245 -12.079  38.868 ;Mean Elev.(m), Avg Gradient(m/km), RMS Gradient(m/km) - ASTER GDEM
#   60.000 -11.046  37.792 ;Mean Elev.(m), Avg Gradient(m/km), RMS Gradient(m/km) - GMTED2010 
  8    58.390 52495.89245467 51.15 207.539728  65.114933 20.219
  8    59.004 52495.89245532 48.22 207.536728  65.111823 20.219
  9    58.747 52530.89244074 51.74 207.550320  65.110255 29.076
  9    58.569 52530.89244138 49.67 207.547320  65.107155 29.076
 11    55.866 52600.89247806 25.36 207.532077  65.118930  6.157
 11    56.157 52600.89247871 23.43 207.529077  65.115830  6.157
 11    56.070 52600.89247935 21.72 207.526077  65.112730  6.157
 12    56.827 52635.89244016 21.11 207.544783  65.112012  4.925
 12    56.679 52635.89244080 19.91 207.541783  65.108912  4.925
 13    57.013 52670.89244689 15.71 207.536196  65.114787  3.201
 13    56.381 52670.89244753 15.07 207.533196  65.111687  3.201
 14    58.294 52705.89244118 12.86 207.548065  65.111856  5.580
 14    58.958 52705.89244183 12.01 207.545065  65.108756  5.580
 15    58.889 52740.89247485 10.58 207.533671  65.115641  4.986
 15    59.142 52740.89247549 10.45 207.530671  65.112541  4.986
 19    72.883 52880.89258897 28.14 207.539044  65.114724 22.066
 19    65.664 52880.89258961 38.51 207.536044  65.111614 22.066
 21    55.294 52950.89250680 40.20 207.557071  65.110856 15.733
 21    55.058 52950.89250745 50.03 207.554071  65.107756 15.733
 22    56.473 52985.89252754 20.12 207.547380  65.113024  5.866
 22    56.388 52985.89252818 18.58 207.544380  65.109924  5.866
 23    56.543 53020.89251736 14.86 207.537198  65.115788  4.346
 23    56.640 53020.89251800 13.36 207.534198  65.112688  4.346
 25    56.487 53090.89254339 11.36 207.524782  65.118714  2.884
 25    57.854 53090.89254403  9.96 207.521782  65.115614  2.884
 30    55.953 53265.89252799 46.99 207.524767  65.117721 18.864
 30    55.984 53265.89252863 51.68 207.521767  65.114621 18.864
 35    55.703 53440.89250720 21.55 207.529209  65.117010  4.930
 35    56.091 53440.89250785 17.90 207.526209  65.113910  4.930
 36    61.647 53475.89257342  1.43 207.539787  65.113201  5.428
 36    62.909 53475.89257406  0.63 207.536787  65.110101  5.428
 38    59.222 53545.89260443 42.72 207.533665  65.116891 19.197
 38    59.468 53545.89260508 38.06 207.530665  65.113791 19.197
 39    58.245 53580.89257932 49.36 207.533280  65.114839 26.796
 39    58.365 53580.89257996 51.53 207.530280  65.111739 26.796
 41    58.062 53650.89254701 45.03 207.545129  65.112320 18.476
 41    58.674 53650.89254766 47.32 207.542129  65.109210 18.476
 42    56.069 53685.89255450 25.10 207.535591  65.116586  7.327
 42    55.795 53685.89255514 26.28 207.532593  65.113484  6.110
 43    57.339 53720.89248075 20.30 207.531490  65.116192  4.778
 43    57.019 53720.89248139 19.15 207.528490  65.113082  4.778
 44    56.724 53755.89240865 16.02 207.553623  65.109823  4.172
 44    56.488 53755.89240929 15.59 207.550623  65.106723  4.172
 45    57.132 53790.89243626 14.46 207.539701  65.113327  3.529
 45    56.474 53790.89243690 14.73 207.536691  65.110217  3.529
 46    59.499 53825.89239568  9.37 207.555454  65.108803  2.818
 46    59.032 53825.89239633  9.09 207.552454  65.105703  2.818
 49    59.972 53930.89255747 26.84 207.531946  65.117898 18.815
 49    59.030 53930.89255812 23.75 207.528946  65.114788 18.815
 50    58.144 53965.89253451 35.78 207.531107  65.118013 19.986
 50    58.373 53965.89253516 37.71 207.528097  65.114903 19.986
 53    56.775 54070.89253070 25.33 207.538910  65.113331  6.779
 53    56.783 54070.89253134 21.96 207.535910  65.110221  6.779
 54    56.494 54105.89248280 17.85 207.527229  65.118254  4.768
 54    56.209 54105.89248345 20.01 207.524229  65.115154  4.768
 55    55.806 54140.89246340 17.66 207.543894  65.111911  4.747
 55    55.538 54140.89246405 16.09 207.540894  65.108801  4.747
 56    56.886 54175.89246360 12.17 207.533373  65.117125  4.035
 56    56.240 54175.89246424 12.65 207.530373  65.114025  4.035
 58    57.731 54245.89249982 48.77 207.541256  65.114051 18.384
 58    58.439 54245.89250046 51.30 207.538256  65.110941 18.384
 62    56.579 54385.89244869 48.41 207.543664  65.113271 18.186
 62    56.891 54385.89244934 42.19 207.540664  65.110161 18.186
 63    57.263 54420.89242670 22.49 207.534825  65.118008  6.686
 63    57.178 54420.89242735 22.90 207.531825  65.114908  6.686
 63    56.863 54420.89242799 24.23 207.528825  65.111798  6.686
 67    56.341 54560.89243658 13.24 207.532957  65.116407  9.054
 67    55.270 54560.89243723 12.92 207.529957  65.113297  9.054
 71    59.897 54700.89241855 25.68 207.534191  65.117846 21.476
 71    59.950 54700.89241920 22.23 207.531191  65.114736 21.476
 72    58.868 54735.89240947 29.59 207.547194  65.112620 16.913
 72    57.546 54735.89241011 28.09 207.544194  65.109520 16.913
 73    58.319 54770.89239980 25.07 207.536580  65.114805  9.415
 73    58.580 54770.89240044 23.47 207.533580  65.111705  9.415
 76    59.669 54875.89240451 11.53 207.541166  65.112787  4.963
 76    61.043 54875.89240515 11.69 207.538166  65.109677  4.963
 77    58.521 54910.89240010 10.64 207.531817  65.118717  4.763
 77    61.027 54910.89240075 10.18 207.528817  65.115607  4.763
 77    61.229 54910.89240139  8.50 207.525817  65.112507  4.763
 78    61.680 54945.89239693  4.76 207.542674  65.112704  6.696
 78    63.559 54945.89239758  4.55 207.539674  65.109604  6.696
 80    58.953 55015.89242511 31.70 207.538207  65.113312 18.754
 80    59.295 55015.89242575 29.43 207.535207  65.110212 18.754
 83    56.634 55120.89235323 49.38 207.546238  65.111974 12.093
 83    56.900 55120.89235388 43.80 207.543228  65.108874 12.093
 84    55.899 55155.89234507 26.55 207.533079  65.115144 11.285
 84    55.729 55155.89234571 25.11 207.530080  65.112039  6.627
 85    57.426 55190.89234228 19.32 207.546860  65.113220  5.530
 85    57.300 55190.89234293 19.02 207.543860  65.110120  5.530
 86    56.930 55225.89234531 14.63 207.534922  65.115548  6.118
 86    57.129 55225.89234596 14.26 207.531919  65.112445  2.844
 88    57.549 55295.89233041  8.53 207.532424  65.116658  5.097
 88    61.497 55295.89233106  7.18 207.529424  65.113548  5.097
 89    57.426 55330.89231886 48.06 207.536885  65.114116 14.145
 89    57.266 55330.89231951 50.86 207.533883  65.111011 17.670
 90    57.923 55365.89231237 23.78 207.534893  65.114265 15.564
 90    58.393 55365.89231301 31.38 207.531895  65.111161 14.873
 92    59.114 55435.89232917 51.63 207.538382  65.114352 29.163
 92    59.309 55435.89232982 51.25 207.535382  65.111252 29.163
 93    56.835 55470.89228166 29.45 207.528236  65.116126 12.476
 93    56.764 55470.89228231 27.18 207.525246  65.113026 12.476
