# NaN NaN NaN ;Mean Elev.(m), Avg Gradient(m/km), RMS Gradient(m/km) - SRTM1     
#   88.302  -9.615  87.585 ;Mean Elev.(m), Avg Gradient(m/km), RMS Gradient(m/km) - ASTER GDEM
#   79.455 -10.240  85.963 ;Mean Elev.(m), Avg Gradient(m/km), RMS Gradient(m/km) - GMTED2010 
  9 210.214501  65.877006    80.087    80.193  4 52513.27865689 50.052
 11 210.203391  65.871377    80.099    80.131  4 52583.27869791 42.683
 12 210.208369  65.872625    80.975    81.008  4 52618.27867271 39.264
 13 210.205375  65.870298    81.906    80.301  4 52653.27864758 34.588
 14 210.211647  65.874020    83.131    83.106  4 52688.27864816 25.114
 15 210.200149  65.871019    83.987    83.987  2 52723.27869397 15.462
 19 210.199797  65.871516    93.301    92.684  3 52863.27878087 19.523
 20 210.204667  65.871239    82.625    82.674  5 52898.27881018 44.489
 21 210.210333  65.873570    80.020    79.987  5 52933.27875575 49.589
 24 210.208576  65.873533    95.514    95.622  4 53038.27873629 13.634
 25 210.201833  65.870883    93.121    93.527  3 53073.27876345 13.177
 26 210.211323  65.874306    81.134    81.199  4 53108.27873674 19.315
 28 210.200145  65.873988   171.462   171.462  2 53178.27879410  4.481
 29 210.200043  65.871288    81.916    81.916  2 53213.27881437 45.081
 30 210.210169  65.872651    81.125    81.130  5 53248.27878351 49.621
 32 210.200692  65.871806    78.141    78.216  3 53318.27877298 20.600
 33 210.212237  65.874845    80.389    80.365  4 53353.27873944 18.930
 35 210.209315  65.872294    87.144    86.004  4 53423.27873618 10.570
 38 210.206966  65.871901    89.863    89.598  5 53528.27880484 38.067
 39 210.202114  65.870048    84.793    83.113  3 53563.27883433 21.693
 40 210.212314  65.873264    82.231    82.300  5 53598.27877512 46.744
 43 210.211021  65.872943    80.143    80.147  5 53703.27873568 29.661
 44 210.220345  65.878879    81.930    80.918  4 53738.27864596 17.989
 45 210.202624  65.871385    90.246    87.260  3 53773.27865915 13.120
 46 210.213468  65.876226    97.034    96.994  4 53808.27864631 10.598
 48 210.200968  65.869459    87.765    87.765  2 53878.27871506 42.102
 53 210.207028  65.872758    80.916    78.898  4 54053.27874629 25.074
 54 210.208740  65.872667    96.329    96.503  4 54088.27873796 15.124
 56 210.200672  65.871874    95.487    95.436  3 54158.27870155 10.187
 59 210.201492  65.869970    85.302    85.327  3 54263.27873201 45.605
 60 210.202358  65.870525    83.444    83.463  3 54298.27873692 41.770
 61 210.209168  65.872239    83.597    83.615  4 54333.27872671 44.627
 63 210.205909  65.871071    79.929    79.969  4 54403.27866987 44.244
 65 210.200925  65.869397    87.426    87.426  2 54473.27865549 12.158
 67 210.203557  65.872227    92.301    92.552  4 54543.27867042 10.772
 69 210.204901  65.870975    85.295    84.572  4 54613.27866078 27.150
 71 210.207697  65.871368    84.423    84.379  5 54683.27866794 34.927
 77 210.204791  65.871245    91.071    91.218  5 54893.27863779 12.194
 82 210.209399  65.872823    81.869    81.936  5 55068.27863575 50.885
 84 210.201080  65.871417    80.168    80.258  3 55138.27858247 38.333
 88 210.206555  65.871481    94.017    94.097  5 55278.27857082  8.171
 90 210.206810  65.871263    82.838    82.832  5 55348.27854130 46.438
 92 210.198903  65.871168    83.297    83.297  2 55418.27856048 46.108
 93 210.209695  65.874277    82.172    82.206  5 55453.27854097 52.047
 94 210.215814  65.876729    79.343    79.342  3 55488.27846226 44.391
