# NaN NaN NaN ;Mean Elev.(m), Avg Gradient(m/km), RMS Gradient(m/km) - SRTM1     
#  118.306  -0.921   3.758 ;Mean Elev.(m), Avg Gradient(m/km), RMS Gradient(m/km) - ASTER GDEM
#  101.487  -0.761   0.986 ;Mean Elev.(m), Avg Gradient(m/km), RMS Gradient(m/km) - GMTED2010 
  7 212.303598  66.279187   100.884   100.884  2 52470.88225897 34.872
  8 212.301908  66.278754    95.783    95.783  2 52505.88223991 16.417
  9 212.328686  66.279403   100.637   100.637  2 52540.88222147 48.778
 10 212.305639  66.278432    99.302    99.302  2 52575.88226944 45.166
 11 212.300604  66.278268    99.571    99.628  3 52610.88223133 22.139
 12 212.313980  66.278609    99.296    99.289  3 52645.88221889 18.092
 13 212.307670  66.278251    99.405    99.405  2 52680.88219269 16.713
 16 212.327021  66.280945   101.027   101.070  3 52785.88221329 51.214
 17 212.323062  66.280728   100.894   100.844  3 52820.88228774 26.951
 18 212.320636  66.280833   100.925   100.913  3 52855.88233560 31.393
 19 212.306687  66.279300   101.297   101.320  3 52890.88236898 46.321
 20 212.292823  66.279109    99.517    99.517  2 52925.88232233 52.403
 21 212.328774  66.279740    97.722    97.728  3 52960.88228895 43.009
 22 212.310021  66.278516    99.476    99.476  2 52995.88232743 20.666
 23 212.293493  66.278358    99.274    99.247  3 53030.88229076 14.548
 24 212.317350  66.279618   101.502   101.502  2 53065.88229686 13.181
 25 212.291121  66.279695    99.002    99.002  2 53100.88229948 12.590
 26 212.322166  66.280953   102.038   102.003  3 53135.88229748 48.186
 28 212.307236  66.279734   100.429   100.429  2 53205.88236461 50.508
 29 212.304694  66.278925   100.034   100.034  2 53240.88233270 53.117
 30 212.327364  66.277546    99.064    99.064  2 53275.88230087 26.589
 31 212.308246  66.278739    97.839    97.839  2 53310.88234502 41.500
 32 212.304715  66.279149    99.408    99.408  2 53345.88231106 36.917
 33 212.328212  66.278744    98.536    98.536  2 53380.88226587 14.040
 34 212.313426  66.278751    98.214    98.214  2 53415.88228858 12.775
 36 212.304714  66.278232    98.582    98.538  3 53485.88237013 22.179
 37 212.309404  66.279051   102.727   102.703  3 53520.88236380 45.161
 38 212.299793  66.278724   100.867   100.867  2 53555.88238804 49.828
 39 212.305339  66.278401   102.002   100.607  3 53590.88232870 21.909
 40 212.322044  66.280663   100.399   100.418  3 53625.88231229 46.844
 41 212.312403  66.278723    99.474    99.474  2 53660.88233901 30.226
 42 212.299865  66.277973    99.093    99.120  3 53695.88231055 19.289
 43 212.297386  66.279071    99.533    99.562  3 53730.88223319 18.347
 44 212.324491  66.280266    99.154    99.070  4 53765.88220181 16.434
 46 212.327289  66.280828    98.977    99.012  4 53835.88220985 13.059
 47 212.312399  66.278483   102.701   102.678  3 53870.88226831 45.004
 48 212.308809  66.278736   102.071   102.071  2 53905.88230486 48.169
 49 212.298136  66.277661   100.636   100.670  3 53940.88233633 21.911
 50 212.292903  66.277058   101.883   101.916  3 53975.88229328 50.026
 51 212.327478  66.278923   100.402   100.445  3 54010.88229182 46.719
 52 212.320777  66.280210    98.139    98.183  4 54045.88230733 44.895
 53 212.301062  66.278610    99.413    99.442  3 54080.88230132 21.541
 54 212.291577  66.278882    99.041    99.041  2 54115.88223518 17.289
 55 212.309375  66.278634    98.405    98.444  3 54150.88225041 18.074
 56 212.294018  66.278836    97.564    97.765  3 54185.88222702 15.690
 57 212.315297  66.279629    99.439    99.439  2 54220.88225944 36.372
 58 212.308489  66.278903   102.522   102.569  3 54255.88228302 42.031
 59 212.310279  66.278858   101.731   101.731  2 54290.88228501 48.192
 60 212.308489  66.279467   103.304   103.304  2 54325.88228258 23.033
 61 212.292915  66.279025   100.639   100.440  3 54360.88223529 50.275
 62 212.312811  66.278447    99.948   100.018  3 54395.88222264 47.072
 63 212.299180  66.277908    99.711    99.711  2 54430.88218545 20.039
 64 212.318671  66.279656    99.384    99.384  2 54465.88220266 19.346
 65 212.302264  66.277946    98.433    98.433  2 54500.88219814 16.958
 66 212.310228  66.279099    98.187    98.187  2 54535.88221793 17.037
 67 212.296900  66.278432    98.711    98.346  3 54570.88220058  7.847
 68 212.310537  66.278673   102.837   102.837  2 54605.88221183 36.133
 69 212.304551  66.278335   101.160   101.160  2 54640.88222175 47.924
 70 212.306912  66.278740   102.887   102.112  3 54675.88222375 35.077
 71 212.297489  66.277782   101.912   101.926  3 54710.88217996 43.974
 72 212.312401  66.279476   100.488   100.488  2 54745.88219118 47.491
 73 212.306499  66.279360    98.464    98.464  2 54780.88216444 39.503
 74 212.314313  66.278758   100.036   100.034  3 54815.88218430 18.800
 75 212.302594  66.278813    99.647    99.626  3 54850.88216274 13.801
 76 212.310620  66.279259    98.895    98.895  2 54885.88218840 13.663
 77 212.291594  66.280416    99.631    99.631  2 54920.88216406  8.546
 78 212.313188  66.278734    99.809    99.809  2 54955.88218374 35.207
 79 212.307770  66.279381   102.448   102.479  3 54990.88220729 41.645
 80 212.305190  66.278913   100.920   100.920  2 55025.88219858 50.208
 81 212.308043  66.279131   100.212   100.212  2 55060.88219197 45.691
 82 212.293251  66.280155   100.449   100.449  2 55095.88214282 19.280
 83 212.311382  66.279012    99.610    99.610  2 55130.88213454 45.548
 84 212.304039  66.278497    99.464    99.456  3 55165.88210488 21.684
 85 212.312104  66.279084    99.435    99.488  3 55200.88212632 17.968
 86 212.297427  66.278212    99.143    99.196  3 55235.88211132 16.330
 87 212.308446  66.278960    99.393    99.393  2 55270.88212093 15.371
 88 212.294953  66.278897    99.847    99.946  3 55305.88209237 29.114
 89 212.309469  66.278730   100.868   100.868  2 55340.88209170 46.558
 90 212.304252  66.278737   101.144   101.144  2 55375.88208472 52.334
 91 212.314095  66.278933   102.618   101.924  3 55410.88210684 21.257
 92 212.306498  66.278609   100.914   100.914  2 55445.88210034 41.476
 93 212.292779  66.280223    99.253    99.253  2 55480.88203401 47.333
