-166291.861    -0.214     0.00    0.00
-165913.946    -0.214     0.00    0.00
-165536.105    -0.214     0.00    0.00
-165158.336    -0.214     0.00    0.00
-164780.640    -0.214     0.00    0.00
-164403.017    -0.214     0.00    0.00
-164025.466    -0.214     0.00    0.00
-163647.988    -0.214     0.00    0.00
-163270.582    -0.214     0.00    0.00
-162893.249    -0.214     0.00    0.00
-162515.988    -0.214     0.00    0.00
-162138.800    -0.214     0.00    0.00
-161761.684    -0.214     0.00    0.00
-161384.641    -0.214     0.00    0.00
-161007.670    -0.214     0.00    0.00
-160630.771    -0.214     0.00    0.00
-160253.944    -0.214     0.00    0.00
-159877.190    -0.214     0.00    0.00
-159500.507    -0.214     0.00    0.00
-159123.897    -0.214     0.00    0.00
-158747.359    -0.214     0.00    0.00
-158370.892    -0.214     0.00    0.00
-157994.498    -0.214     0.00    0.00
-157618.176    -0.214     0.00    0.00
-157241.925    -0.214     0.00    0.00
-156865.747    -0.214     0.00    0.00
-156489.640    -0.214     0.00    0.00
-156113.605    -0.214     0.00    0.00
-155737.642    -0.214     0.00    0.00
-155361.750    -0.214     0.00    0.00
-154985.930    -0.214     0.00    0.00
-154610.182    -0.214     0.00    0.00
-154234.505    -0.214     0.00    0.00
-153858.900    -0.214     0.00    0.00
-153483.366    -0.214     0.00    0.00
-153107.904    -0.214     0.00    0.00
-152732.513    -0.214     0.00    0.00
-152357.193    -0.214     0.00    0.00
-151981.945    -0.214     0.00    0.00
-151606.768    -0.214     0.00    0.00
-151231.662    -0.214     0.00    0.00
-150856.627    -0.214     0.00    0.00
-150481.664    -0.214     0.00    0.00
-150106.772    -0.214     0.00    0.00
-149731.951    -0.214     0.00    0.00
-149357.200    -0.214     0.00    0.00
-148982.521    -0.214     0.00    0.00
-148607.913    -0.214     0.00    0.00
-148233.376    -0.214     0.00    0.00
-147858.909    -0.214     0.00    0.00
-147484.514    -0.214     0.00    0.00
-147110.189    -0.214     0.00    0.00
-146735.935    -0.214     0.00    0.00
-146361.751    -0.214     0.00    0.00
-145987.639    -0.214     0.00    0.00
-145613.597    -0.214     0.00    0.00
-145239.625    -0.214     0.00    0.00
-144865.725    -0.214     0.00    0.00
-144491.894    -0.214     0.00    0.00
-144118.134    -0.214     0.00    0.00
-143744.445    -0.214     0.00    0.00
-143370.826    -0.214     0.00    0.00
-142997.277    -0.214     0.00    0.00
-142623.799    -0.214     0.00    0.00
-142250.391    -0.214     0.00    0.00
-141877.053    -0.214     0.00    0.00
-141503.785    -0.214     0.00    0.00
-141130.588    -0.214     0.00    0.00
-140757.460    -0.214     0.00    0.00
-140384.403    -0.214     0.00    0.00
-140011.416    -0.214     0.00    0.00
-139638.499    -0.214     0.00    0.00
-139265.651    -0.214     0.00    0.00
-138892.874    -0.214     0.00    0.00
-138520.166    -0.214     0.00    0.00
-138147.529    -0.214     0.00    0.00
-137774.961    -0.214     0.00    0.00
-137402.463    -0.214     0.00    0.00
-137030.035    -0.214     0.00    0.00
-136657.676    -0.214     0.00    0.00
-136285.387    -0.214     0.00    0.00
-135913.168    -0.214     0.00    0.00
-135541.018    -0.214     0.00    0.00
-135168.938    -0.214     0.00    0.00
-134796.927    -0.214     0.00    0.00
-134424.986    -0.214     0.00    0.00
-134053.114    -0.214     0.00    0.00
-133681.311    -0.214     0.00    0.00
-133309.578    -0.214     0.00    0.00
-132937.914    -0.214     0.00    0.00
-132566.320    -0.214     0.00    0.00
-132194.794    -0.214     0.00    0.00
-131823.338    -0.214     0.00    0.00
-131451.951    -0.214     0.00    0.00
-131080.633    -0.214     0.00    0.00
-130709.384    -0.214     0.00    0.00
-130338.204    -0.214     0.00    0.00
-129967.093    -0.214     0.00    0.00
-129596.051    -0.214     0.00    0.00
-129225.078    -0.214     0.00    0.00
-128854.174    -0.214     0.00    0.00
-128483.339    -0.214     0.00    0.00
-128112.573    -0.214     0.00    0.00
-127741.875    -0.214     0.00    0.00
-127371.246    -0.214     0.00    0.00
-127000.686    -0.214     0.00    0.00
-126630.194    -0.214     0.00    0.00
-126259.771    -0.214     0.00    0.00
-125889.417    -0.214     0.00    0.00
-125519.131    -0.214     0.00    0.00
-125148.913    -0.214     0.00    0.00
-124778.764    -0.214     0.00    0.00
-124408.684    -0.214     0.00    0.00
-124038.671    -0.214     0.00    0.00
-123668.728    -0.214     0.00    0.00
-123298.852    -0.214     0.00    0.00
-122929.045    -0.214     0.00    0.00
-122559.306    -0.214     0.00    0.00
-122189.635    -0.214     0.00    0.00
-121820.032    -0.214     0.00    0.00
-121450.498    -0.214     0.00    0.00
-121081.031    -0.214     0.00    0.00
-120711.633    -0.214     0.00    0.00
-120342.303    -0.214     0.00    0.00
-119973.040    -0.214     0.00    0.00
-119603.846    -0.214     0.00    0.00
-119234.719    -0.214     0.00    0.00
-118865.660    -0.214     0.00    0.00
-118496.669    -0.214     0.00    0.00
-118127.746    -0.214     0.00    0.00
-117758.891    -0.214     0.00    0.00
-117390.103    -0.214     0.00    0.00
-117021.383    -0.214     0.00    0.00
-116652.731    -0.214     0.00    0.00
-116284.146    -0.214     0.00    0.00
-115915.628    -0.214     0.00    0.00
-115547.179    -0.214     0.00    0.00
-115178.796    -0.214     0.00    0.00
-114810.482    -0.214     0.00    0.00
-114442.234    -0.214     0.00    0.00
-114074.054    -0.214     0.00    0.00
-113705.942    -0.214     0.00    0.00
-113337.896    -0.214     0.00    0.00
-112969.918    -0.214     0.00    0.00
-112602.007    -0.214     0.00    0.00
-112234.163    -0.214     0.00    0.00
-111866.387    -0.214     0.00    0.00
-111498.677    -0.214     0.00    0.00
-111131.035    -0.214     0.00    0.00
-110763.460    -0.214     0.00    0.00
-110395.951    -0.214     0.00    0.00
-110028.510    -0.214     0.00    0.00
-109661.136    -0.214     0.00    0.00
-109293.828    -0.214     0.00    0.00
-108926.587    -0.214     0.00    0.00
-108559.413    -0.214     0.00    0.00
-108192.306    -0.214     0.00    0.00
-107825.266    -0.214     0.00    0.00
-107458.292    -0.214     0.00    0.00
-107091.386    -0.214     0.00    0.00
-106724.545    -0.214     0.00    0.00
-106357.772    -0.214     0.00    0.00
-105991.064    -0.214     0.00    0.00
-105624.424    -0.214     0.00    0.00
-105257.850    -0.214     0.00    0.00
-104882.091    -0.214     0.00    0.00
-104501.752    -0.214     0.00    0.00
-104121.485    -0.214     0.00    0.00
-103741.290    -0.214     0.00    0.00
-103361.168    -0.214     0.00    0.00
-102981.117    -0.214     0.00    0.00
-102601.139    -0.214     0.00    0.00
-102221.233    -0.214     0.00    0.00
-101841.399    -0.214     0.00    0.00
-101461.637    -0.214     0.00    0.00
-101081.947    -0.214     0.00    0.00
-100702.329    -0.214     0.00    0.00
-100322.782    -0.214     0.00    0.00
 -99943.308    -0.214     0.00    0.00
 -99563.906    -0.214     0.00    0.00
 -99184.575    -0.214     0.00    0.00
 -98805.316    -0.214     0.00    0.00
 -98426.129    -0.214     0.00    0.00
 -98047.013    -0.214     0.00    0.00
 -97667.969    -0.214     0.00    0.00
 -97288.997    -0.214     0.00    0.00
 -96910.096    -0.214     0.00    0.00
 -96531.266    -0.214     0.00    0.00
 -96152.509    -0.214     0.00    0.00
 -95773.822    -0.214     0.00    0.00
 -95395.207    -0.214     0.00    0.00
 -95016.663    -0.214     0.00    0.00
 -94638.191    -0.214     0.00    0.00
 -94259.790    -0.214     0.00    0.00
 -93881.460    -0.214     0.00    0.00
 -93503.201    -0.214     0.00    0.00
 -93125.013    -0.214     0.00    0.00
 -92746.897    -0.214     0.00    0.00
 -92368.851    -0.214     0.00    0.00
 -91990.877    -0.214     0.00    0.00
 -91612.973    -0.214     0.00    0.00
 -91235.141    -0.214     0.00    0.00
 -90857.379    -0.214     0.00    0.00
 -90479.689    -0.214     0.00    0.00
 -90102.069    -0.214     0.00    0.00
 -89724.520    -0.214     0.00    0.00
 -89347.041    -0.214     0.00    0.00
 -88969.633    -0.214     0.00    0.00
 -88592.296    -0.214     0.00    0.00
 -88215.030    -0.214     0.00    0.00
 -87837.834    -0.214     0.00    0.00
 -87460.709    -0.214     0.00    0.00
 -87083.654    -0.214     0.00    0.00
 -86706.670    -0.214     0.00    0.00
 -86329.756    -0.214     0.00    0.00
 -85952.912    -0.214     0.00    0.00
 -85576.139    -0.214     0.00    0.00
 -85199.436    -0.214     0.00    0.00
 -84822.804    -0.214     0.00    0.00
 -84446.242    -0.214     0.00    0.00
 -84069.749    -0.214     0.00    0.00
 -83693.327    -0.214     0.00    0.00
 -83316.975    -0.214     0.00    0.00
 -82940.694    -0.214     0.00    0.00
 -82564.482    -0.214     0.00    0.00
 -82188.340    -0.214     0.00    0.00
 -81812.268    -0.214     0.00    0.00
 -81436.266    -0.214     0.00    0.00
 -81060.334    -0.214     0.00    0.00
 -80684.472    -0.214     0.00    0.00
 -80308.680    -0.214     0.00    0.00
 -79932.957    -0.214     0.00    0.00
 -79557.304    -0.214     0.00    0.00
 -79181.721    -0.214     0.00    0.00
 -78806.208    -0.214     0.00    0.00
 -78430.764    -0.214     0.00    0.00
 -78055.389    -0.214     0.00    0.00
 -77680.084    -0.214     0.00    0.00
 -77304.849    -0.214     0.00    0.00
 -76929.683    -0.214     0.00    0.00
 -76554.587    -0.214     0.00    0.00
 -76179.560    -0.214     0.00    0.00
 -75804.602    -0.214     0.00    0.00
 -75429.713    -0.214     0.00    0.00
 -75054.894    -0.214     0.00    0.00
 -74680.144    -0.214     0.00    0.00
 -74305.463    -0.214     0.00    0.00
 -73930.852    -0.214     0.00    0.00
 -73556.309    -0.214     0.00    0.00
 -73181.836    -0.214     0.00    0.00
 -72807.431    -0.214     0.00    0.00
 -72433.096    -0.214     0.00    0.00
 -72058.829    -0.214     0.00    0.00
 -71684.632    -0.214     0.00    0.00
 -71310.503    -0.214     0.00    0.00
 -70936.443    -0.214     0.00    0.00
 -70562.452    -0.214     0.00    0.00
 -70188.530    -0.214     0.00    0.00
 -69814.676    -0.214     0.00    0.00
 -69440.891    -0.214     0.00    0.00
 -69067.175    -0.214     0.00    0.00
 -68693.528    -0.214     0.00    0.00
 -68319.949    -0.214     0.00    0.00
 -67946.438    -0.214     0.00    0.00
 -67572.996    -0.214     0.00    0.00
 -67199.623    -0.214     0.00    0.00
 -66826.318    -0.214     0.00    0.00
 -66453.081    -0.214     0.00    0.00
 -66079.913    -0.214     0.00    0.00
 -65706.813    -0.214     0.00    0.00
 -65333.781    -0.214     0.00    0.00
 -64960.817    -0.104     0.29    0.31
 -64587.922    -0.012     0.25    0.40
 -64215.095     0.104     0.31    0.47
 -63842.336     0.203     0.27    0.50
 -63469.645     0.244     0.11    0.50
 -63097.022     0.215    -0.08    0.50
 -62724.467     0.274     0.16    0.50
 -62351.980     0.322     0.13    0.50
 -61979.561     0.366     0.12    0.50
 -61607.210     0.310    -0.15    0.50
 -61234.927     0.351     0.11    0.50
 -60862.712     0.393     0.11    0.49
 -60490.564     0.511     0.32    0.45
 -60118.484     0.629     0.32    0.37
 -59746.472     0.678     0.13    0.31
 -59374.528     0.692     0.04    0.29
 -59002.651     0.711     0.05    0.27
 -58630.842     0.689    -0.06    0.30
 -58259.101     0.666    -0.06    0.33
 -57887.427     0.728     0.17    0.35
 -57515.820     0.774     0.12    0.46
 -57144.281     0.762    -0.03    0.54
 -56772.809     0.762     0.00    0.52
 -56401.405     0.693    -0.18    0.48
 -56030.068     0.712     0.05    0.26
 -55658.798     0.749     0.10    0.19
 -55287.596     0.774     0.07    0.11
 -54916.461     0.763    -0.03    0.22
 -54545.393     0.748    -0.04    0.25
 -54174.392     0.749     0.00    0.25
 -53803.459     0.773     0.06    0.20
 -53432.592     0.715    -0.16    0.26
 -53061.793     0.609    -0.29    0.38
 -52691.060     0.548    -0.16    0.43
 -52320.395     0.432    -0.31    0.48
 -51949.797     0.374    -0.15    0.50
 -51579.265     0.389     0.04    0.49
 -51208.800     0.500     0.30    0.45
 -50838.402     0.622     0.33    0.41
 -50468.071     0.868     0.67    0.35
 -50097.807     0.938     0.19    0.36
 -49727.610     0.931    -0.02    0.35
 -49357.479     0.887    -0.12    0.30
 -48987.414     0.809    -0.21    0.15
 -48617.417     0.786    -0.06    0.00
 -48247.486     0.798     0.03    0.11
 -47877.621     0.947     0.40    0.37
 -47507.824     1.186     0.65    0.49
 -47138.092     1.432     0.67    0.48
 -46768.427     1.689     0.69    0.30
 -46398.829     1.786     0.26    0.00
 -46029.296     1.726    -0.16    0.24
 -45659.830     1.514    -0.57    0.45
 -45290.431     1.250    -0.71    0.50
 -44921.098     1.018    -0.63    0.42
 -44551.830     0.810    -0.56    0.15
 -44182.630     0.786    -0.07    0.00
 -43813.495     0.786     0.00    0.00
 -43444.426     0.786     0.00    0.00
 -43075.424     0.786     0.00    0.00
 -42706.487     0.786     0.00    0.00
 -42337.617     0.846     0.16    0.24
 -41968.812     0.919     0.20    0.34
 -41600.074     0.989     0.19    0.40
 -41231.401     1.048     0.16    0.44
 -40862.794     1.103     0.15    0.47
 -40494.253     1.298     0.53    0.72
 -40125.778     1.542     0.66    0.94
 -39757.369     1.871     0.89    1.15
 -39389.025     2.049     0.48    1.18
 -39020.747     2.063     0.04    1.19
 -38652.535     1.812    -0.68    1.08
 -38284.388     1.607    -0.55    0.89
 -37916.307     1.444    -0.44    0.68
 -37548.292     1.388    -0.15    0.49
 -37180.342     1.457     0.19    0.47
 -36812.457     1.596     0.38    0.40
 -36444.638     1.690     0.26    0.30
 -36076.885     1.857     0.46    0.26
 -35709.196     1.871     0.04    0.45
 -35341.574     1.847    -0.07    0.55
 -34974.016     1.629    -0.59    0.59
 -34606.524     1.305    -0.88    0.50
 -34239.097     1.220    -0.23    0.50
 -33871.735     1.243     0.06    0.50
 -33504.438     1.416     0.47    0.49
 -33137.207     1.676     0.71    0.35
 -32770.040     1.939     0.72    0.36
 -32402.939     2.153     0.58    0.49
 -32035.902     2.420     0.73    0.48
 -31668.931     2.735     0.86    0.22
 -31302.025     2.786     0.14    0.00
 -30935.183     2.786     0.00    0.00
 -30568.407     2.762    -0.07    0.16
 -30195.969     2.634    -0.34    0.36
 -29815.778     2.465    -0.45    0.47
 -29435.656     2.299    -0.44    0.50
 -29055.605     2.103    -0.52    0.47
 -28675.625     1.976    -0.33    0.39
 -28295.714     1.977     0.00    0.40
 -27915.874     2.027     0.13    0.49
 -27536.104     2.072     0.12    0.59
 -27156.404     2.191     0.31    0.62
 -26776.775     2.298     0.28    0.61
 -26397.215     2.388     0.24    0.58
 -26017.725     2.477     0.23    0.46
 -25638.306     2.477     0.00    0.46
 -25258.956     2.453    -0.07    0.47
 -24879.677     2.504     0.13    0.45
 -24500.467     2.520     0.04    0.55
 -24121.327     2.530     0.03    0.80
 -23742.257     2.427    -0.27    0.84
 -23363.256     2.536     0.29    0.85
 -22984.326     2.695     0.42    0.86
 -22605.465     2.969     0.72    0.76
 -22226.674     3.027     0.15    0.62
 -21847.952     2.905    -0.32    0.39
 -21469.300     2.837    -0.18    0.50
 -21090.718     2.846     0.02    0.75
 -20712.205     2.445    -1.06    0.79
 -20333.761     2.030    -1.10    0.78
 -19955.387     1.605    -1.12    0.67
 -19577.083     1.329    -0.73    0.53
 -19198.847     1.342     0.03    0.50
 -18820.681     1.465     0.33    0.47
 -18442.585     1.612     0.39    0.38
 -18064.557     1.724     0.30    0.24
 -17686.599     1.737     0.04    0.22
 -17308.710     1.901     0.43    0.36
 -16930.890     2.196     0.78    0.49
 -16553.139     2.478     0.75    0.46
 -16175.457     2.701     0.59    0.28
 -15797.844     2.786     0.23    0.00
 -15420.300     2.762    -0.06    0.15
 -15042.825     2.520    -0.64    0.50
 -14665.419     2.111    -1.08    0.95
 -14288.082     1.725    -1.02    1.05
 -13910.814     1.506    -0.58    1.08
 -13533.614     1.298    -0.55    1.14
 -13156.484     1.140    -0.42    1.17
 -12779.422     0.981    -0.42    1.18
 -12402.428     1.103     0.32    1.21
 -12025.503     1.554     1.20    1.22
 -11648.647     2.030     1.26    1.04
 -11271.860     2.493     1.23    0.60
 -10895.140     2.700     0.55    0.32
 -10518.490     3.160     1.22    1.08
 -10141.908     3.900     1.97    1.86
  -9765.394     5.024     2.99    2.32
  -9388.949     6.065     2.76    2.24
  -9012.572     7.091     2.73    1.54
  -8636.263     7.708     1.64    0.27
  -8260.022     7.762     0.14    0.15
  -7883.850     7.786     0.06    0.00
  -7507.746     7.786     0.00    0.00
  -7131.710     7.734    -0.14    0.22
  -6755.742     7.645    -0.24    0.35
  -6379.843     7.546    -0.26    0.43
  -6004.011     7.465    -0.21    0.47
  -5628.247     7.349    -0.31    0.50
  -5252.552     7.245    -0.28    0.50
  -4876.924     7.149    -0.26    0.48
  -4501.364     7.008    -0.37    0.50
  -4125.872     6.922    -0.23    0.44
  -3750.448     6.870    -0.14    0.28
  -3375.091     6.811    -0.16    0.16
  -2999.803     6.667    -0.38    0.57
  -2624.582     5.564    -2.94    2.18
  -2249.429     3.726    -4.90    3.05
  -1874.343     1.762    -5.24    2.66
  -1499.325     0.408    -3.61    1.45
  -1124.374    -0.043    -1.20    0.64
   -749.491     0.033     0.20    0.77
   -374.676     0.067     0.09    0.82
      0.072     0.107     0.11    0.77
    374.753     0.560     1.21    1.22
    749.366     1.058     1.33    1.40
   1123.912     1.859     2.14    1.58
   1498.390     3.103     3.32    1.99
   1872.802     4.280     3.14    2.09
   2247.146     5.299     2.72    1.83
   2621.422     6.243     2.52    1.24
   2995.632     6.737     1.32    0.27
   3369.775     6.786     0.13    0.00
   3743.850     6.786     0.00    0.00
   4117.859     6.786     0.00    0.00
   4491.800     6.773    -0.03    0.11
   4865.675     6.524    -0.67    0.78
   5239.482     6.350    -0.47    0.92
   5613.223     6.274    -0.20    0.95
   5986.896     6.154    -0.32    1.04
   6360.503     6.213     0.16    1.02
   6734.043     6.209    -0.01    1.03
   7107.516     6.231     0.06    0.96
   7480.923     6.339     0.29    0.87
   7854.263     6.310    -0.08    0.80
   8227.536     6.137    -0.47    0.90
   8600.743     6.092    -0.12    0.91
   8973.883     5.931    -0.43    0.99
   9346.956     5.591    -0.91    1.12
   9719.963     5.414    -0.47    1.23
  10092.904     5.572     0.42    1.45
  10465.778     6.059     1.31    1.40
  10838.585     6.615     1.49    1.17
  11211.326     7.036     1.13    0.75
  11584.001     7.305     0.72    0.63
  11956.610     7.581     0.74    0.47
  12329.152     7.774     0.52    0.11
  12701.628     7.786     0.03    0.00
  13074.038     7.798     0.03    0.11
  13446.382     7.825     0.07    0.19
  13818.660     7.810    -0.04    0.38
  14190.871     7.734    -0.20    0.46
  14563.017     7.848     0.31    0.68
  14935.096     8.319     1.27    1.03
  15307.110     8.750     1.16    1.19
  15679.057     9.137     1.04    1.19
  16050.939     9.408     0.73    1.19
  16422.754     9.628     0.59    1.24
  16794.504     9.786     0.42    1.31
  17166.188     9.991     0.55    1.43
  17537.807     9.910    -0.22    1.59
  17909.359     9.602    -0.83    1.87
  18280.846     9.335    -0.72    1.86
  18652.267     9.536     0.54    2.14
  19023.623    10.163     1.69    2.68
  19394.913    11.207     2.81    2.88
  19766.137    12.244     2.79    2.86
  20137.296    13.098     2.30    2.59
  20508.389    14.033     2.52    1.64
  20879.417    14.542     1.37    0.61
  21250.380    14.724     0.49    0.24
  21621.277    14.773     0.13    0.11
  21992.109    14.786     0.04    0.00
  22362.875    14.773    -0.04    0.11
  22733.576    14.666    -0.29    0.33
  23104.212    14.578    -0.24    0.41
  23474.783    14.576    -0.01    0.41
  23845.288    14.630     0.15    0.37
  24215.729    14.726     0.26    0.24
  24586.104    14.786     0.16    0.00
  24956.414    14.786     0.00    0.00
  25326.659    14.786     0.00    0.00
  25696.839    14.725    -0.16    0.40
  26066.954    14.619    -0.29    0.80
  26437.005    14.596    -0.06    0.80
  26806.990    14.735     0.38    0.27
  27176.910    14.786     0.14    0.00
  27546.766    14.786     0.00    0.00
  27916.557    14.786     0.00    0.00
  28286.283    14.811     0.07    0.16
  28655.944    14.774    -0.10    0.25
  29025.541    14.711    -0.17    0.27
  29395.072    14.713     0.00    0.26
  29764.540    14.774     0.16    0.11
  30133.942    14.786     0.03    0.00
  30503.281    14.786     0.00    0.00
  30872.554    14.786     0.00    0.00
  31241.763    14.786     0.00    0.00
  31610.908    14.786     0.00    0.00
  31979.988    14.786     0.00    0.00
  32349.004    14.786     0.00    0.00
  32717.955    14.786     0.00    0.00
  33086.842    14.786     0.00    0.00
  33455.665    14.786     0.00    0.00
  33824.424    14.786     0.00    0.00
  34193.118    14.786     0.00    0.00
  34561.748    14.899     0.31    0.39
  34930.314    15.201     0.82    0.77
  35298.816    15.381     0.49    0.82
  35667.254    15.530     0.40    0.72
  36035.627    15.656     0.34    0.55
  36403.937    15.798     0.39    0.37
  36772.183    15.878     0.22    0.33
  37140.365    15.858    -0.05    0.34
  37508.482    15.720    -0.38    0.41
  37876.536    15.461    -0.71    0.52
  38244.526    15.168    -0.80    0.49
  38612.453    14.971    -0.53    0.39
  38980.315    14.852    -0.32    0.25
  39348.114    15.091     0.65    0.56
  39715.849    15.617     1.43    1.12
  40083.520    16.636     2.77    1.65
  40451.128    17.996     3.70    2.17
  40818.672    20.015     5.49    3.19
  41186.152    22.424     6.55    3.71
  41553.569    25.255     7.71    3.48
  41920.922    26.976     4.68    2.79
  42288.212    27.885     2.47    2.79
  42655.438    28.231     0.94    2.57
  43022.601    28.762     1.45    2.14
  43389.701    29.342     1.58    1.76
  43756.737    29.735     1.07    1.87
  44123.710    30.156     1.15    2.23
  44493.101    30.887     1.98    2.96
  44873.147    32.640     4.61    4.52
  45253.125    35.848     8.44    5.50
  45633.034    38.406     6.73    5.68
  46012.875    40.737     6.13    5.01
  46392.647    41.191     1.20    5.16
  46772.351    40.521    -1.76    6.52
  47151.987    39.017    -3.96    7.74
  47531.555    37.686    -3.51    7.90
  47911.054    37.906     0.58    6.42
  48290.485    37.514    -1.03    5.10
  48669.847    36.851    -1.75    4.27
  49049.142    35.286    -4.13    3.60
  49428.368    33.542    -4.60    3.07
  49807.527    31.924    -4.27    1.90
  50186.617    30.700    -3.23    1.35
  50565.639    29.860    -2.21    1.69
  50944.594    28.847    -2.67    2.33
  51323.480    27.242    -4.24    3.26
  51702.299    25.399    -4.87    3.77
  52081.049    23.511    -4.98    4.03
  52459.732    21.401    -5.57    3.79
  52838.347    19.094    -6.09    2.74
  53216.894    16.493    -6.87    2.83
  53595.374    14.089    -6.35    3.75
  53973.786    11.249    -7.50    4.00
  54352.130     8.513    -7.23    2.61
  54730.407     6.835    -4.44    1.26
  55108.616     5.938    -2.37    0.96
  55486.757     5.399    -1.43    0.89
  55864.831     4.849    -1.45    0.37
  56242.838     4.724    -0.33    0.24
  56620.777     4.724     0.00    0.24
  56998.649     4.774     0.13    0.11
  57376.453     4.786     0.03    0.00
  57754.190     4.786     0.00    0.00
  58131.860     4.786     0.00    0.00
  58509.462     4.786     0.00    0.00
  58886.998     4.786     0.00    0.00
  59264.466     4.786     0.00    0.00
  59641.867     4.786     0.00    0.00
  60019.201     4.786     0.00    0.00
  60396.468     4.379    -1.08    0.92
  60773.667     3.552    -2.19    1.39
  61150.800     2.762    -2.10    1.32
  61527.866     1.968    -2.11    0.77
  61904.865     1.974     0.02    0.81
  62281.797     2.760     2.09    1.52
  62658.662     3.934     3.11    1.78
  63035.461     5.149     3.22    1.69
  63412.192     6.216     2.83    1.27
  63788.857     7.081     2.30    0.82
  64165.455     7.428     0.92    0.62
  64541.987     7.457     0.08    0.67
  64918.451     7.144    -0.83    0.90
  65294.850     6.835    -0.82    0.95
  65671.181     6.849     0.04    0.97
  66047.446     7.324     1.26    1.21
  66423.645     8.486     3.09    2.05
  66799.777    10.103     4.30    3.29
  67175.843    13.927    10.17    7.58
  67551.842    23.432    25.28   14.83
  67927.775    40.470    45.32   27.36
  68303.642    70.922    81.01   50.20
  68679.442   119.997   130.58   80.73
  69055.176   178.959   156.92  103.79
  69430.844   227.918   130.32  103.76
  69806.446   263.461    94.63   88.96
  70181.982   259.085   -11.65   89.42
  70557.451   226.675   -86.31   80.17
  70932.855   217.685   -23.95   70.60
  71308.192   254.761    98.78   85.89
  71683.463   273.861    50.89   79.05
  72058.669   282.624    23.35   68.74
  72433.808   263.811   -50.14   73.27
  72808.882   245.329   -49.27   67.40
  73183.889   223.959   -56.98   57.77
  73558.831   204.391   -52.19   52.65
  73933.707   176.697   -73.87   54.44
  74308.518   146.273   -81.17   44.34
  74683.262   122.558   -63.28   33.81
  75057.941   109.236   -35.55   21.76
  75432.554   101.650   -20.25   24.52
  75807.102    94.710   -18.53   24.58
  76181.584    86.736   -21.29   25.29
  76556.001    75.491   -30.03   23.07
  76930.352    63.329   -32.49   19.86
  77304.637    52.596   -28.67   18.15
  77678.857    40.249   -32.99   19.21
  78053.012    27.681   -33.59   12.82
  78427.101    18.824   -23.68    8.77
  78801.125    12.613   -16.60    4.68
  79175.083     9.527    -8.25    3.18
  79548.977     7.562    -5.25    1.64
  79922.805     6.490    -2.87    1.28
  80296.568     5.908    -1.56    1.39
  80670.265     5.725    -0.49    1.46
  81043.898     5.610    -0.31    1.50
  81417.465     5.700     0.24    1.53
  81790.968     5.799     0.27    1.52
  82164.405     6.033     0.63    1.49
  82537.777     6.475     1.18    1.32
  82911.085     7.124     1.74    0.69
  83284.327     7.333     0.56    0.50
  83657.505     7.428     0.26    0.48
  84030.617     7.578     0.40    0.41
  84403.665     7.502    -0.20    0.66
  84776.648     7.059    -1.19    1.19
  85149.566     6.349    -1.90    1.41
  85522.420     5.448    -2.41    1.14
  85895.209     4.836    -1.64    0.27
  86267.933     4.976     0.38    0.70
  86640.593     5.586     1.64    1.27
  87013.188     6.363     2.09    1.46
  87385.718     7.111     2.01    1.23
  87758.184     7.697     1.57    0.51
  88130.585     7.786     0.24    0.00
  88502.922     7.786     0.00    0.00
  88875.195     7.786     0.00    0.00
  89247.403     7.786     0.00    0.00
  89619.547     7.786     0.00    0.00
  89991.626     7.786     0.00    0.00
  90363.641     7.786     0.00    0.00
  90735.592     7.786     0.00    0.00
  91107.479     7.685    -0.27    0.30
  91479.301     7.594    -0.24    0.40
  91851.059     7.574    -0.05    0.41
  92222.754     7.444    -0.35    0.48
  92594.384     7.474     0.08    0.47
  92965.950     7.589     0.31    0.40
  93337.452     7.589     0.00    0.40
  93708.890     7.632     0.12    0.36
  94080.264     7.636     0.01    0.36
  94451.574     7.634    -0.01    0.36
  94822.820     7.736     0.27    0.22
  95194.002     7.786     0.13    0.00
  95565.121     7.786     0.00    0.00
  95936.176     7.786     0.00    0.00
  96307.167     7.786     0.00    0.00
  96678.094     7.622    -0.44    0.52
  97048.958     7.311    -0.84    0.83
  97419.758     7.107    -0.55    0.88
  97790.494     6.700    -1.10    0.88
  98161.167     6.337    -0.98    0.77
  98531.776     6.161    -0.48    0.66
  98902.321     6.128    -0.09    0.70
  99272.803     6.536     1.10    0.93
  99643.222     7.090     1.49    0.92
 100013.577     7.474     1.04    0.70
 100383.869     7.027    -1.21    1.60
 100754.098     6.574    -1.22    1.80
 101124.263     6.363    -0.57    1.79
 101494.365     6.386     0.06    1.70
 101864.403     6.444     0.16    1.56
 102234.379     6.636     0.52    1.35
 102604.291     6.929     0.79    0.97
 102974.140     6.936     0.02    0.93
 103343.926     6.929    -0.02    0.96
 103713.648     7.186     0.70    0.85
 104083.308     7.356     0.46    0.50
 104452.905     7.206    -0.41    0.50
 104822.438     7.202    -0.01    0.50
 105191.909     7.349     0.40    0.50
 105561.317     7.523     0.47    0.44
 105930.662     7.674     0.41    0.32
 106299.944     7.747     0.20    0.19
 106669.163     7.735    -0.03    0.22
 107038.319     7.733    -0.01    0.22
 107407.413     7.724    -0.02    0.24
 107776.443     7.678    -0.13    0.31
 108145.411     7.539    -0.38    0.43
 108514.317     7.475    -0.17    0.47
 108883.159     7.461    -0.04    0.47
 109251.940     7.576     0.31    0.41
 109620.657     7.686     0.30    0.30
 109989.312     7.759     0.20    0.16
 110357.905     7.737    -0.06    0.22
 110726.435     7.746     0.02    0.20
 111094.902     7.749     0.01    0.19
 111463.307     7.682    -0.18    0.31
 111831.650     7.502    -0.49    0.45
 112199.930     7.365    -0.37    0.50
 112568.148     7.324    -0.11    0.50
 112936.304     7.418     0.26    0.49
 113304.397     7.586     0.46    0.40
 113672.429     7.761     0.47    0.16
 114040.398     7.786     0.07    0.00
 114408.305     7.504    -0.77    0.82
 114776.149     6.124    -3.75    2.33
 115143.932     5.345    -2.12    2.40
 115511.652     5.055    -0.79    2.32
 115879.311     5.136     0.22    2.40
 116246.907     6.193     2.88    2.13
 116614.442     6.974     2.12    1.62
 116981.915     7.183     0.57    1.48
 117349.325     7.061    -0.33    1.46
 117716.674     7.068     0.02    1.44
 118083.961     7.419     0.96    1.61
 118451.186     8.254     2.27    2.23
 118818.349     9.001     2.03    2.42
 119185.451     9.536     1.46    2.26
 119564.859     9.724     0.49    2.29
 119944.698    10.293     1.50    2.48
 120324.470    11.280     2.60    3.42
 120704.176    13.999     7.16    5.21
 121083.814    16.520     6.64    5.30
 121463.387    19.824     8.70    4.12
 121842.893    22.694     7.56    3.18
 122222.332    23.711     2.68    3.33
 122601.705    24.664     2.51    3.52
 122981.011    24.599    -0.17    4.28
 123360.251    24.878     0.74    5.06
 123739.425    26.356     3.90    6.01
 124118.532    28.299     5.13    6.58
 124497.573    31.406     8.20    7.18
 124876.548    35.194     9.99    8.66
 125255.456    40.312    13.51    9.74
 125634.299    44.889    12.08    9.28
 126013.075    47.036     5.67    8.85
 126391.785    45.861    -3.10    9.07
 126770.429    43.181    -7.08    8.69
 127149.007    40.036    -8.31    9.29
 127527.519    36.840    -8.44    9.88
 127905.965    35.174    -4.40    9.78
 128284.346    34.070    -2.92    7.51
 128662.660    32.584    -3.93    6.03
 129040.908    29.350    -8.55    5.26
 129419.091    26.178    -8.39    5.06
 129797.207    21.916   -11.27    5.32
 130175.258    16.349   -14.72    8.18
 130553.243     9.812   -17.29    8.28
 130931.163     5.249   -12.07    6.11
 131309.017     2.161    -8.17    1.30
 131686.805     1.850    -0.82    0.25
 132064.528     2.457     1.61    1.59
 132442.185     2.826     0.98    1.99
 132819.776     3.461     1.68    2.35
 133197.302     4.651     3.15    2.71
 133574.763     5.761     2.94    2.63
 133952.158     7.279     4.02    1.29
 134329.488     7.685     1.07    0.41
 134706.752     7.426    -0.69    0.73
 135083.951     7.336    -0.24    0.76
 135461.085     7.247    -0.24    0.81
 135838.154     7.178    -0.18    0.82
 136215.157     7.119    -0.16    0.88
 136592.095     6.924    -0.52    0.94
 136968.968     6.711    -0.56    0.94
 137345.776     6.470    -0.64    0.91
 137722.519     6.406    -0.17    0.85
 138099.197     6.568     0.43    0.89
 138475.810     6.862     0.78    0.93
 138852.358     7.312     1.20    0.77
 139228.840     7.508     0.52    0.62
 139605.258     7.345    -0.43    0.79
 139981.611     6.951    -1.05    0.94
 140357.900     6.691    -0.69    0.94
 140734.123     6.897     0.55    0.96
 141110.282     7.218     0.85    0.88
 141486.376     7.386     0.45    0.77
 141862.405     7.062    -0.86    1.36
 142238.369     6.683    -1.01    1.55
 142614.269     6.189    -1.32    1.82
 142990.104     5.824    -0.97    1.89
 143365.875     5.656    -0.45    1.95
 143741.581     5.761     0.28    2.02
 144117.223     6.332     1.52    1.97
 144492.800     6.736     1.08    1.72
 144868.313     7.024     0.77    1.33
 145243.761     6.961    -0.17    1.27
 145619.145     6.696    -0.71    1.39
 145994.465     6.409    -0.76    1.46
 146369.720     5.886    -1.39    1.81
 146744.911     5.293    -1.58    1.98
 147120.038     4.697    -1.59    1.96
 147495.100     4.017    -1.81    1.61
 147870.099     3.786    -0.62    1.02
 148245.033     4.097     0.83    0.94
 148619.903     4.436     0.90    0.71
 148994.709     4.772     0.90    0.12
 149369.451     4.786     0.04    0.00
 149744.130     4.786     0.00    0.00
 150118.744     4.786     0.00    0.00
 150493.294     4.760    -0.07    0.23
 150867.780     4.318    -1.18    0.84
 151242.202     3.786    -1.42    0.99
 151616.561     3.349    -1.17    0.85
 151990.855     3.150    -0.53    0.69
 152365.086     3.495     0.92    0.91
 152739.254     3.927     1.15    0.94
 153113.357     4.124     0.53    0.90
 153487.397     4.457     0.89    0.71
 153861.373     4.619     0.43    0.52
 154235.285     4.747     0.34    0.25
 154609.134     4.641    -0.28    0.35
 154982.920     4.440    -0.54    0.48
 155356.642     4.254    -0.50    0.50
 155730.300     4.042    -0.56    0.44
 156103.895     3.874    -0.45    0.28
 156477.427     3.887     0.04    0.30
 156850.895     4.030     0.38    0.43
 157224.299     4.229     0.53    0.50
 157597.641     4.414     0.50    0.49
 157970.919     4.586     0.46    0.40
 158344.134     4.576    -0.03    0.66
 158717.286     4.027    -1.47    1.33
 159090.374     3.495    -1.42    1.52
 159463.400     3.242    -0.68    1.58
 159836.362     3.333     0.24    1.62
 160209.261     3.436     0.28    1.66
 160582.097     3.485     0.13    1.71
 160954.870     3.674     0.51    1.68
 161327.580     3.975     0.81    1.51
 161700.227     4.448     1.27    0.99
 162072.812     4.583     0.36    0.76
 162445.333     4.773     0.51    0.11
 162817.791     4.624    -0.40    0.62
 163190.187     4.111    -1.38    1.39
 163562.520     3.383    -1.95    1.80
 163934.790     2.661    -1.94    1.75
 164306.997     2.178    -1.30    1.42
 164679.141     2.046    -0.36    0.95
 165051.223     2.404     0.96    0.75
 165423.243     2.735     0.89    0.27
 165795.199     2.786     0.14    0.00
 166167.093     2.774    -0.03    0.11
 166538.925     2.546    -0.61    0.61
 166910.694     2.086    -1.24    0.89
 167282.400     1.639    -1.20    0.93
 167654.044     1.299    -0.92    0.80
 168025.626     0.989    -0.83    0.54
 168397.145     0.876    -0.30    0.37
 168768.602     0.879     0.01    0.41
 169139.997     0.949     0.19    0.51
 169511.329     1.062     0.31    0.67
 169882.599     1.242     0.48    0.81
 170253.807     1.589     0.93    0.97
 170624.952     1.900     0.84    0.97
 170996.036     2.280     1.02    0.85
 171367.057     2.609     0.89    0.53
 171738.016     2.720     0.30    0.30
 172108.913     2.659    -0.16    0.43
 172479.748     2.414    -0.66    0.74
 172850.522     2.153    -0.70    0.88
 173221.233     1.813    -0.92    1.07
 173591.882     1.581    -0.63    1.18
 173962.469     1.555    -0.07    1.60
 174332.994     1.721     0.45    1.94
 174703.458     2.085     0.98    2.10
 175073.860     2.216     0.36    2.14
 175444.199     2.376     0.43    2.18
 175814.478     2.149    -0.61    2.20
 176184.694     1.786    -0.98    2.16
 176554.849     1.248    -1.45    1.95
 176924.942     0.607    -1.73    1.54
 177294.973    -0.006    -1.66    0.61
 177664.943    -0.201    -0.53    0.11
 178034.851    -0.214    -0.04    0.00
 178404.698    -0.214     0.00    0.00
 178774.483    -0.214     0.00    0.00
 179144.207    -0.214     0.00    0.00
 179513.869    -0.214     0.00    0.00
 179883.470    -0.214     0.00    0.00
 180253.010    -0.214     0.00    0.00
 180622.488    -0.214     0.00    0.00
 180991.905    -0.214     0.00    0.00
 181361.260    -0.214     0.00    0.00
 181730.554    -0.214     0.00    0.00
 182099.787    -0.214     0.00    0.00
 182468.959    -0.214     0.00    0.00
 182838.070    -0.214     0.00    0.00
 183207.119    -0.214     0.00    0.00
 183576.108    -0.214     0.00    0.00
 183945.035    -0.214     0.00    0.00
 184313.901    -0.214     0.00    0.00
 184682.707    -0.214     0.00    0.00
 185051.451    -0.214     0.00    0.00
 185420.134    -0.214     0.00    0.00
 185788.757    -0.214     0.00    0.00
 186157.318    -0.214     0.00    0.00
 186525.819    -0.214     0.00    0.00
 186894.259    -0.214     0.00    0.00
 187262.638    -0.214     0.00    0.00
 187630.956    -0.214     0.00    0.00
 187999.214    -0.214     0.00    0.00
 188367.410    -0.214     0.00    0.00
 188735.546    -0.214     0.00    0.00
 189103.622    -0.214     0.00    0.00
 189471.637    -0.214     0.00    0.00
 189839.591    -0.214     0.00    0.00
 190207.485    -0.214     0.00    0.00
 190575.318    -0.214     0.00    0.00
 190943.091    -0.214     0.00    0.00
 191310.803    -0.214     0.00    0.00
 191678.455    -0.214     0.00    0.00
 192046.046    -0.214     0.00    0.00
 192413.577    -0.214     0.00    0.00
 192781.048    -0.214     0.00    0.00
 193148.458    -0.214     0.00    0.00
 193515.808    -0.214     0.00    0.00
 193883.098    -0.214     0.00    0.00
 194259.636    -0.214     0.00    0.00
 194639.335    -0.214     0.00    0.00
 195018.970    -0.214     0.00    0.00
 195398.540    -0.214     0.00    0.00
 195778.045    -0.214     0.00    0.00
 196157.486    -0.214     0.00    0.00
 196536.861    -0.214     0.00    0.00
 196916.172    -0.214     0.00    0.00
 197295.418    -0.214     0.00    0.00
 197674.600    -0.214     0.00    0.00
 198053.716    -0.214     0.00    0.00
 198432.769    -0.214     0.00    0.00
 198811.756    -0.214     0.00    0.00
 199190.680    -0.214     0.00    0.00
 199569.538    -0.214     0.00    0.00
 199948.332    -0.214     0.00    0.00
 200327.062    -0.214     0.00    0.00
 200705.727    -0.214     0.00    0.00
 201084.328    -0.214     0.00    0.00
 201462.865    -0.214     0.00    0.00
 201841.337    -0.214     0.00    0.00
 202219.745    -0.214     0.00    0.00
 202598.089    -0.214     0.00    0.00
 202976.369    -0.214     0.00    0.00
 203354.584    -0.214     0.00    0.00
 203732.735    -0.214     0.00    0.00
 204110.822    -0.214     0.00    0.00
 204488.846    -0.214     0.00    0.00
 204866.805    -0.214     0.00    0.00
 205244.700    -0.214     0.00    0.00
 205622.531    -0.214     0.00    0.00
 206000.298    -0.214     0.00    0.00
 206378.001    -0.214     0.00    0.00
 206755.640    -0.214     0.00    0.00
 207133.216    -0.214     0.00    0.00
 207510.728    -0.214     0.00    0.00
 207888.176    -0.214     0.00    0.00
 208265.560    -0.214     0.00    0.00
 208642.880    -0.214     0.00    0.00
 209020.137    -0.214     0.00    0.00
 209397.330    -0.214     0.00    0.00
 209774.460    -0.214     0.00    0.00
 210151.526    -0.214     0.00    0.00
 210528.528    -0.214     0.00    0.00
 210905.467    -0.214     0.00    0.00
 211282.342    -0.214     0.00    0.00
 211659.154    -0.214     0.00    0.00
 212035.903    -0.214     0.00    0.00
 212412.588    -0.214     0.00    0.00
 212789.209    -0.214     0.00    0.00
 213165.768    -0.214     0.00    0.00
 213542.263    -0.214     0.00    0.00
 213918.695    -0.214     0.00    0.00
 214295.064    -0.214     0.00    0.00
 214671.369    -0.214     0.00    0.00
 215047.611    -0.214     0.00    0.00
 215423.791    -0.214     0.00    0.00
 215799.907    -0.214     0.00    0.00
 216175.960    -0.214     0.00    0.00
 216551.950    -0.214     0.00    0.00
 216927.877    -0.214     0.00    0.00
 217303.741    -0.214     0.00    0.00
 217679.542    -0.214     0.00    0.00
 218055.280    -0.214     0.00    0.00
 218430.955    -0.214     0.00    0.00
 218806.568    -0.214     0.00    0.00
 219182.117    -0.214     0.00    0.00
 219557.604    -0.214     0.00    0.00
 219933.028    -0.214     0.00    0.00
 220308.390    -0.214     0.00    0.00
 220683.688    -0.214     0.00    0.00
 221058.924    -0.214     0.00    0.00
 221434.098    -0.214     0.00    0.00
 221809.209    -0.214     0.00    0.00
 222184.257    -0.214     0.00    0.00
 222559.243    -0.214     0.00    0.00
 222934.166    -0.214     0.00    0.00
 223309.027    -0.214     0.00    0.00
 223683.825    -0.214     0.00    0.00
 224058.561    -0.214     0.00    0.00
 224433.235    -0.214     0.00    0.00
 224807.846    -0.214     0.00    0.00
 225182.395    -0.214     0.00    0.00
 225556.882    -0.214     0.00    0.00
 225931.306    -0.214     0.00    0.00
 226305.669    -0.214     0.00    0.00
 226679.969    -0.214     0.00    0.00
 227054.207    -0.214     0.00    0.00
 227428.383    -0.214     0.00    0.00
 227802.496    -0.214     0.00    0.00
 228176.548    -0.214     0.00    0.00
 228550.538    -0.214     0.00    0.00
 228924.465    -0.214     0.00    0.00
 229298.331    -0.214     0.00    0.00
 229672.135    -0.214     0.00    0.00
 230045.877    -0.214     0.00    0.00
 230419.557    -0.214     0.00    0.00
 230793.175    -0.214     0.00    0.00
 231166.731    -0.214     0.00    0.00
 231540.226    -0.214     0.00    0.00
 231913.659    -0.214     0.00    0.00
 232287.030    -0.214     0.00    0.00
 232660.340    -0.214     0.00    0.00
 233033.588    -0.214     0.00    0.00
 233406.774    -0.214     0.00    0.00
 233779.898    -0.214     0.00    0.00
 234152.962    -0.214     0.00    0.00
 234525.963    -0.214     0.00    0.00
 234898.903    -0.214     0.00    0.00
 235271.782    -0.214     0.00    0.00
 235644.599    -0.214     0.00    0.00
 236017.355    -0.214     0.00    0.00
 236390.049    -0.214     0.00    0.00
 236762.682    -0.214     0.00    0.00
 237135.254    -0.214     0.00    0.00
 237507.765    -0.214     0.00    0.00
 237880.214    -0.214     0.00    0.00
 238252.602    -0.214     0.00    0.00
 238624.929    -0.214     0.00    0.00
 238997.194    -0.214     0.00    0.00
 239369.399    -0.214     0.00    0.00
 239741.542    -0.214     0.00    0.00
 240113.625    -0.214     0.00    0.00
 240485.646    -0.214     0.00    0.00
 240857.606    -0.214     0.00    0.00
 241229.506    -0.214     0.00    0.00
 241601.344    -0.214     0.00    0.00
 241973.122    -0.214     0.00    0.00
 242344.839    -0.214     0.00    0.00
 242716.494    -0.214     0.00    0.00
 243088.089    -0.214     0.00    0.00
 243459.623    -0.214     0.00    0.00
 243831.097    -0.214     0.00    0.00
 244202.510    -0.214     0.00    0.00
 244573.862    -0.214     0.00    0.00
 244945.153    -0.214     0.00    0.00
 245316.384    -0.214     0.00    0.00
 245687.554    -0.214     0.00    0.00
 246058.663    -0.214     0.00    0.00
 246429.712    -0.214     0.00    0.00
 246800.701    -0.214     0.00    0.00
 247171.629    -0.214     0.00    0.00
 247542.496    -0.214     0.00    0.00
 247913.303    -0.214     0.00    0.00
 248284.050    -0.214     0.00    0.00
 248654.736    -0.214     0.00    0.00
 249025.362    -0.214     0.00    0.00
 249395.928    -0.214     0.00    0.00
 249766.433    -0.214     0.00    0.00
 250136.878    -0.214     0.00    0.00
 250507.263    -0.214     0.00    0.00
 250877.588    -0.214     0.00    0.00
 251247.852    -0.214     0.00    0.00
 251618.057    -0.214     0.00    0.00
 251988.201    -0.214     0.00    0.00
 252358.285    -0.214     0.00    0.00
 252728.309    -0.214     0.00    0.00
 253098.273    -0.214     0.00    0.00
 253468.178    -0.214     0.00    0.00
 253838.022    -0.214     0.00    0.00
 254207.806    -0.214     0.00    0.00
 254577.531    -0.214     0.00    0.00
 254947.195    -0.214     0.00    0.00
 255316.800    -0.214     0.00    0.00
 255686.345    -0.214     0.00    0.00
 256055.830    -0.214     0.00    0.00
 256425.255    -0.214     0.00    0.00
 256794.621    -0.214     0.00    0.00
 257163.927    -0.214     0.00    0.00
 257533.173    -0.214     0.00    0.00
 257902.360    -0.214     0.00    0.00
 258271.487    -0.214     0.00    0.00
 258640.555    -0.214     0.00    0.00
 259009.563    -0.214     0.00    0.00
 259378.511    -0.214     0.00    0.00
 259747.400    -0.214     0.00    0.00
 260116.230    -0.214     0.00    0.00
 260485.000    -0.214     0.00    0.00
 260853.711    -0.214     0.00    0.00
 261222.362    -0.214     0.00    0.00
 261590.954    -0.214     0.00    0.00
 261959.487    -0.214     0.00    0.00
 262327.960    -0.214     0.00    0.00
 262696.375    -0.214     0.00    0.00
 263064.730    -0.214     0.00    0.00
 263433.025    -0.214     0.00    0.00
 263801.262    -0.214     0.00    0.00
 264169.440    -0.214     0.00    0.00
 264537.558    -0.214     0.00    0.00
 264905.617    -0.214     0.00    0.00
 265273.618    -0.214     0.00    0.00
 265641.559    -0.214     0.00    0.00
 266009.441    -0.214     0.00    0.00
 266377.264    -0.214     0.00    0.00
 266745.029    -0.214     0.00    0.00
 267112.734    -0.187     0.07    0.23
 267480.381    -0.077     0.30    0.51
 267847.969     0.013     0.24    0.63
 268215.498    -0.054    -0.18    0.52
 268582.968    -0.134    -0.22    0.39
 268956.865    -0.214    -0.21    0.00
 269336.430    -0.214     0.00    0.00
 269715.931    -0.214     0.00    0.00
 270095.370    -0.214     0.00    0.00
 270474.745    -0.133     0.21    0.49
 270854.057     0.107     0.63    0.81
 271233.307     1.019     2.41    2.02
 271612.493     3.049     5.35    3.35
 271991.616     4.923     4.94    3.28
 272370.676     6.536     4.25    2.32
 272749.673     7.827     3.40    1.76
 273128.608     9.005     3.11    2.50
 273507.479    10.654     4.35    2.94
 273886.288    11.931     3.37    2.81
 274265.034    13.370     3.80    2.39
 274643.717    14.562     3.15    1.87
 275022.338    16.312     4.62    2.48
 275400.895    19.224     7.69    4.21
 275779.390    23.536    11.39    5.75
 276157.823    28.786    13.87    6.25
 276536.192    35.682    18.22    7.53
 276914.500    42.224    17.29    7.55
 277292.744    48.260    15.95    7.23
 277670.926    53.029    12.61    5.43
 278049.046    56.146     8.24    5.50
 278427.103    58.010     4.93    5.67
 278805.098    58.773     2.02    5.43
 279183.030    59.602     2.19    4.97
 279560.900    60.651     2.78    4.55
 279938.708    62.422     4.69    4.73
 280316.453    64.975     6.76    5.61
 280694.136    66.838     4.93    5.72
 281071.757    68.175     3.54    5.58
 281449.316    68.524     0.92    5.48
 281826.812    68.978     1.20    5.62
 282204.246    69.107     0.34    6.01
 282581.619    68.679    -1.13    5.79
 282958.929    68.062    -1.63    5.22
 283336.177    66.207    -4.92    4.62
 283713.363    64.293    -5.07    4.87
 284090.487    61.039    -8.62    5.56
 284467.549    57.413    -9.62    6.13
 284844.549    53.416   -10.60    5.85
 285221.487    50.340    -8.16    4.99
 285598.364    47.453    -7.66    3.27
 285975.178    46.119    -3.54    1.55
 286351.931    45.891    -0.61    1.00
 286728.622    46.425     1.42    1.39
 287105.252    47.411     2.62    2.28
 287481.819    49.246     4.87    4.08
 287858.325    52.760     9.33    6.14
 288234.769    58.444    15.09    7.36
 288611.152    64.539    16.19    7.00
 288987.473    70.931    16.98    6.75
 289363.732    76.654    15.21    7.21
 289739.930    83.733    18.81    7.12
 290116.067    88.786    13.43    6.31
 290492.142    93.690    13.04    5.84
 290868.155    98.502    12.79    7.30
 291244.107   104.093    14.87    8.22
 291619.998   106.937     7.56    7.02
 291995.828   105.589    -3.59    8.25
 292371.596   104.981    -1.62    8.75
 292747.303   103.523    -3.88    7.65
 293122.948   105.119     4.25    7.42
 293498.533   109.140    10.70    7.61
 293874.056   113.841    12.51    6.99
 294249.518   117.812    10.57    6.63
 294624.919   122.076    11.36    6.86
 295000.259   125.695     9.64    7.12
 295375.537   128.213     6.71    6.59
 295750.755   128.562     0.93    6.44
 296125.912   126.576    -5.29    6.58
 296501.007   123.773    -7.47    6.15
 296876.042   119.964   -10.15    5.60
 297251.016   117.556    -6.42    5.86
 297625.929   115.613    -5.18    6.07
 298000.781   114.361    -3.34    6.06
 298375.572   112.066    -6.12    5.75
 298750.303   109.997    -5.52    5.23
 299124.972   107.733    -6.04    5.63
 299499.581   105.981    -4.68    5.93
 299874.130   103.546    -6.50    6.02
 300248.617   101.217    -6.22    5.01
 300623.044    98.235    -7.96    4.85
 300997.411    96.498    -4.64    3.71
 301371.716    97.267     2.05    4.26
 301745.961    99.439     5.80    5.39
 302120.146   102.747     8.84    5.25
 302494.270   105.026     6.09    4.89
 302868.334   106.989     5.25    5.20
 303242.337   109.286     6.14    5.09
 303616.280   111.066     4.76    4.79
 303990.163   111.879     2.17    4.75
 304363.985   111.679    -0.53    5.65
 304737.746   111.168    -1.37    6.18
 305111.448   111.908     1.98    6.24
 305485.089   114.085     5.83    6.16
 305858.670   117.142     8.18    5.82
 306232.191   122.235    13.63    7.24
 306605.652   126.381    11.10    6.29
 306979.052   127.011     1.69    5.95
 307352.393   125.967    -2.80    6.36
 307725.673   123.422    -6.81    5.77
 308098.893   121.786    -4.38    6.41
