# NaN NaN NaN ;Mean Elev.(m), Avg Gradient(m/km), RMS Gradient(m/km) - SRTM1     
#   64.504   3.406   9.458 ;Mean Elev.(m), Avg Gradient(m/km), RMS Gradient(m/km) - ASTER GDEM
#   48.417  -0.736   6.740 ;Mean Elev.(m), Avg Gradient(m/km), RMS Gradient(m/km) - GMTED2010 
  7    51.354 52471.29250718 50.34 205.997687  65.036849 30.266
  7    51.335 52471.29250783 52.02 205.994707  65.039959 30.266
  8    50.997 52506.29248619 54.02 206.002301  65.037038 21.509
  8    51.042 52506.29248684 52.80 205.999321  65.040138 21.509
 10    49.007 52576.29251636 42.19 205.994223  65.035262 19.229
 10    48.905 52576.29251700 44.74 205.991243  65.038372 19.229
 11    50.148 52611.29247857 33.52 206.003841  65.036360 18.610
 11    50.016 52611.29247922 34.19 206.000851  65.039470 18.610
 12    50.269 52646.29246549 14.58 205.995946  65.034565  3.810
 12    50.206 52646.29246613 13.04 205.992956  65.037675  3.810
 15    49.725 52751.29251831  9.06 205.998897  65.035181 10.196
 15    49.924 52751.29251896 15.05 205.995917  65.038291 10.196
 16    50.622 52786.29246247 50.42 205.983303  65.033689 22.594
 16    50.717 52786.29246312 47.92 205.980323  65.036789 22.594
 17    51.096 52821.29253627 52.13 205.987481  65.034878 24.975
 17    51.076 52821.29253691 48.52 205.984491  65.037988 24.975
 18    51.834 52856.29258349 43.41 205.996288  65.034464 19.433
 18    51.618 52856.29258413 42.94 205.993308  65.037564 19.433
 19    51.921 52891.29261623 49.65 205.995090  65.035497 24.425
 19    52.016 52891.29261687 50.36 205.992110  65.038597 24.425
 20    49.762 52926.29256861 27.28 206.010440  65.036984 10.342
 20    50.282 52926.29256925 29.01 206.007460  65.040094 10.342
 21    48.583 52961.29253684 28.74 205.994980  65.036315  9.754
 21    48.325 52961.29253749 25.70 205.991990  65.039415  9.754
 22    49.926 52996.29257629 13.04 205.994823  65.036661  5.094
 22    49.599 52996.29257693 12.42 205.991843  65.039761  5.094
 23    49.701 53031.29253800  8.09 206.008817  65.038653  3.362
 23    49.524 53031.29253865  6.81 206.005837  65.041753  3.362
 24    50.242 53066.29254572  5.34 205.998813  65.036434  2.494
 24    49.577 53066.29254636  4.29 205.995823  65.039544  2.494
 25    51.436 53101.29254511  4.98 206.007632  65.037424  2.389
 25    50.230 53101.29254576  4.46 206.004652  65.040524  2.389
 26    50.896 53136.29254730 47.94 205.999477  65.035552 31.291
 26    50.831 53136.29254795 49.70 205.996497  65.038652 31.291
 27    52.116 53171.29259938 14.30 205.992619  65.036127  9.318
 27    55.116 53171.29260003 11.67 205.989639  65.039227  9.318
 28    50.843 53206.29261218 40.04 205.999938  65.034816 38.246
 28    50.873 53206.29261282 48.99 205.996958  65.037916 38.246
 28    50.974 53206.29261347 46.64 205.993968  65.041026 38.246
 29    50.690 53241.29258027 51.59 206.009028  65.038171 26.158
 29    50.715 53241.29258092 53.42 206.006048  65.041281 26.158
 30    50.305 53276.29254982 14.81 205.986403  65.032482  8.599
 30    49.603 53276.29255046 14.32 205.983423  65.035582  8.599
 31    48.425 53311.29259156 46.58 205.993546  65.036033 19.181
 31    48.188 53311.29259220 47.47 205.990566  65.039133 19.181
 32    49.549 53346.29255750 11.13 206.003408  65.037830  4.305
 32    49.599 53346.29255815 11.73 206.000428  65.040930  4.305
 33    49.963 53381.29251512  8.75 205.987702  65.034390  3.236
 33    49.706 53381.29251577  8.22 205.984712  65.037500  3.236
 34    50.833 53416.29253558  4.99 206.004660  65.038524  2.231
 34    50.559 53416.29253623  4.41 206.001680  65.041624  2.231
 35    49.610 53451.29253224  7.09 205.986109  65.032094  3.052
 35    49.191 53451.29253288  6.07 205.983129  65.035194  3.052
 36    48.778 53486.29261766 31.17 205.990506  65.033141 23.012
 36    48.873 53486.29261830 37.00 205.987526  65.036241 23.012
 37    52.994 53521.29261137 43.52 206.001596  65.037385 25.884
 37    52.935 53521.29261201 50.82 205.998616  65.040485 25.884
 38    51.367 53556.29263551 24.53 205.993608  65.036421 16.581
 38    51.527 53556.29263616 27.98 205.990618  65.039531 16.581
 39    51.171 53591.29257430 50.31 206.015147  65.037611 29.289
 39    51.094 53591.29257495 51.84 206.012157  65.040721 29.289
 40    50.770 53626.29256114 52.72 205.978589  65.033172 23.077
 40    50.605 53626.29256179 49.24 205.975599  65.036282 23.077
 41    49.758 53661.29258672 42.93 205.993195  65.034614 21.607
 41    49.750 53661.29258737 46.01 205.990215  65.037714 21.607
 42    49.183 53696.29255648 22.84 206.004405  65.038367  7.594
 42    49.257 53696.29255713 21.95 206.001425  65.041467  7.594
 44    49.290 53766.29245010 11.79 206.000253  65.034999  4.032
 44    49.026 53766.29245074 10.98 205.997273  65.038099  4.032
 44    49.647 53766.29245139  9.86 205.994283  65.041209  4.032
 45    50.207 53801.29245257  8.75 206.012603  65.037844  3.148
 45    50.150 53801.29245321  7.91 206.009623  65.040944  3.148
 46    50.631 53836.29245967  4.91 205.986631  65.034697  2.542
 46    49.966 53836.29246031  4.40 205.983651  65.037797  2.542
 47    53.527 53871.29251604 32.82 205.994240  65.036872 21.485
 47    53.500 53871.29251669 31.49 205.991250  65.039982 21.485
 48    51.592 53906.29255416 46.23 205.994222  65.034829 27.329
 48    51.648 53906.29255480 47.59 205.991242  65.037939 27.329
 49    51.200 53941.29258295 26.67 205.992224  65.033090 22.807
 49    51.463 53941.29258360 39.23 205.989234  65.036200 22.807
 49    51.523 53941.29258424 36.59 205.986254  65.039300 22.807
 50    52.544 53976.29253857 51.42 206.008210  65.035960 27.852
 50    52.583 53976.29253922 51.69 206.005230  65.039060 27.852
 50    52.515 53976.29253986 47.66 206.002240  65.042170 27.852
 51    50.037 54011.29254084 29.60 205.985664  65.035157 19.715
 51    50.015 54011.29254149 27.33 205.982684  65.038257 19.715
 52    49.140 54046.29255457 41.35 206.002631  65.035908 14.992
 52    49.212 54046.29255522 44.29 205.999651  65.039008 14.992
 53    49.696 54081.29254753 23.07 206.006080  65.036311  9.049
 53    49.756 54081.29254817 21.68 206.003100  65.039411  9.049
 54    49.461 54116.29248112 10.98 206.013128  65.039499  3.360
 54    49.266 54116.29248177 10.66 206.010148  65.042609  3.360
 55    49.340 54151.29249790  9.66 205.998199  65.035202  3.287
 55    49.469 54151.29249855  8.12 205.995209  65.038312  3.287
 56    49.519 54186.29247273  7.94 206.013867  65.036490  3.405
 56    49.434 54186.29247337  7.16 206.010877  65.039590  3.405
 56    49.170 54186.29247402  7.34 206.007897  65.042700  3.405
 57    49.617 54221.29250765 37.96 205.993049  65.035183 23.204
 57    49.578 54221.29250829 36.85 205.990059  65.038293 23.204
 58    51.646 54256.29253097 21.50 205.998856  65.037151  8.395
 58    50.842 54256.29253162 23.51 205.995866  65.040261  8.395
 59    51.644 54291.29253251 44.89 206.001179  65.036945 21.459
 59    51.512 54291.29253315 48.69 205.998189  65.040055 21.459
 60    51.962 54326.29252998 52.32 206.003715  65.037509 26.331
 60    52.010 54326.29253062 52.56 206.000725  65.040619 26.331
 61    50.380 54361.29248108 35.44 206.015739  65.037069 16.822
 61    50.311 54361.29248173 27.64 206.012759  65.040169 16.822
 61    50.427 54361.29248237 26.32 206.009769  65.043279 16.822
 62    49.267 54396.29246969 44.56 205.998499  65.035860 20.186
 62    49.270 54396.29247033 42.72 205.995519  65.038960 20.186
 63    49.521 54431.29243142 13.12 206.009388  65.038606  4.669
 63    49.461 54431.29243206 12.14 206.006408  65.041706  4.669
 64    49.602 54466.29245047  8.72 205.995464  65.035452  3.233
 64    49.564 54466.29245111  8.36 205.992484  65.038552  3.233
 65    49.596 54501.29244471  8.21 206.006450  65.037702  2.833
 65    49.453 54501.29244536  7.78 206.003460  65.040812  2.833
 66    50.174 54536.29246551  6.60 206.002136  65.036262  2.926
 66    49.931 54536.29246615  5.75 205.999146  65.039372  2.926
 67    50.910 54571.29244719  2.05 206.010435  65.038891  2.358
 67    50.498 54571.29244784  2.39 206.007455  65.042001  2.358
 68    51.253 54606.29245941 46.64 205.998931  65.035353 25.617
 68    51.202 54606.29246006 46.78 205.995951  65.038453 25.617
 69    51.186 54641.29246869 28.77 206.002711  65.036269 17.271
 69    51.197 54641.29246933 22.93 205.999731  65.039369 17.271
 70    52.297 54676.29247100 44.34 205.998930  65.036543 17.801
 70    52.495 54676.29247165 46.99 205.995950  65.039643 17.801
 71    51.493 54711.29242592 54.15 206.014145  65.036593 26.295
 71    51.642 54711.29242657 52.38 206.011155  65.039693 26.295
 71    51.663 54711.29242721 48.74 206.008175  65.042803 26.295
 72    50.169 54746.29243876 33.69 205.996687  65.035815 17.664
 72    50.104 54746.29243940 24.79 205.993707  65.038915 17.664
 73    50.779 54781.29241137 24.16 206.004184  65.037631  9.910
 73    50.720 54781.29241202 23.83 206.001204  65.040731  9.910
 74    50.640 54816.29243156 11.97 205.996972  65.034366  4.306
 74    50.671 54816.29243220 11.65 205.993992  65.037466  4.306
 74    50.764 54816.29243284 11.37 205.991002  65.040576  4.306
 75    50.787 54851.29240935  4.21 206.006602  65.036877  2.016
 75    51.291 54851.29240999  3.37 206.003612  65.039987  2.016
 76    50.927 54886.29243598  3.28 205.996138  65.036715  1.781
 76    50.902 54886.29243662  2.87 205.993148  65.039825  1.781
 77    51.802 54921.29241035  2.65 206.013006  65.037580  1.898
 77    51.581 54921.29241100  1.86 206.010016  65.040680  1.898
 78    52.333 54956.29243196 33.51 205.994039  65.035774 24.534
 78    52.424 54956.29243261 42.71 205.991049  65.038884 24.534
 79    52.499 54991.29245519 49.73 205.996375  65.036591 30.050
 79    52.485 54991.29245584 51.95 205.993385  65.039701 30.050
 80    51.282 55026.29244616 51.71 206.003473  65.038393 29.406
 80    51.347 55026.29244681 49.30 206.000483  65.041503 29.406
 81    50.345 55061.29243955 51.77 206.000767  65.037502 24.442
 81    50.298 55061.29244019 50.50 205.997787  65.040602 24.442
 82    50.139 55096.29238911 30.24 206.013452  65.038628 11.509
 82    50.242 55096.29238976 30.38 206.010462  65.041728 11.509
 83    48.921 55131.29238212 46.19 205.995938  65.037389 23.066
 83    48.788 55131.29238276 35.38 205.992948  65.040499 23.066
 84    49.283 55166.29235084 17.36 206.007310  65.036090  5.597
 84    49.115 55166.29235149 17.54 206.004330  65.039190  5.597
 84    49.238 55166.29235213 16.30 206.001340  65.042300  5.597
 85    49.779 55201.29237422  9.85 205.995204  65.036887  3.452
 85    49.687 55201.29237486  9.26 205.992214  65.039997  3.452
 86    50.299 55236.29235729  9.16 206.008756  65.036806  3.364
 86    50.160 55236.29235794 10.17 206.005776  65.039916  3.364
 87    50.015 55271.29236851  8.01 205.999365  65.037469  2.861
 87    49.969 55271.29236916  7.06 205.996375  65.040579  2.861
 88    50.360 55306.29233899 33.39 206.014854  65.036965 18.212
 88    50.252 55306.29233963 32.80 206.011874  65.040075 18.212
 88    50.282 55306.29234028 28.90 206.008894  65.043175 18.212
 89    50.380 55341.29233928 50.30 205.998932  65.037837 21.334
 89    50.242 55341.29233992 46.30 205.995952  65.040937 21.334
 90    50.753 55376.29233166 28.03 206.006318  65.036047 14.862
 90    50.877 55376.29233230 35.75 206.003338  65.039147 14.862
 91    52.597 55411.29235475 47.69 205.998070  65.035446 15.953
 91    52.241 55411.29235539 32.34 205.995080  65.038556 15.953
 92    50.869 55446.29234728 23.67 206.004117  65.036243 13.732
 92    51.120 55446.29234792 22.58 206.001127  65.039353 13.732
 93    49.313 55481.29227965 51.37 206.017697  65.038418 24.502
 93    49.269 55481.29228030 51.91 206.014717  65.041528 24.502
